mode,ts,vram_gb,t
native_dram,1772727996.403313,7.0397,0.005312919616699219
native_dram,1772727996.505527,7.0397,0.10752701759338379
native_dram,1772727996.607198,7.0397,0.209197998046875
native_dram,1772727996.709716,7.0397,0.31171607971191406
native_dram,1772727996.811027,7.0397,0.4130270481109619
native_dram,1772727996.913346,7.0397,0.5153460502624512
native_dram,1772727997.026345,7.1706,0.6283450126647949
native_dram,1772727997.134462,7.1706,0.7364621162414551
native_dram,1772727997.24457,7.1706,0.8465700149536133
native_dram,1772727997.354108,7.1706,0.9561080932617188
native_dram,1772727997.465952,7.1706,1.0679519176483154
native_dram,1772727997.57664,7.1706,1.1786398887634277
native_dram,1772727997.688937,7.1706,1.2909369468688965
native_dram,1772727997.801669,7.1706,1.4036688804626465
native_dram,1772727997.905764,7.1706,1.5077641010284424
native_dram,1772727998.01764,7.1706,1.6196401119232178
native_dram,1772727998.131162,7.1706,1.7331619262695312
native_dram,1772727998.236817,7.1706,1.8388168811798096
native_dram,1772727998.350749,7.1706,1.9527490139007568
native_dram,1772727998.461201,7.1706,2.0632009506225586
native_dram,1772727998.566821,7.1706,2.168821096420288
native_dram,1772727998.677022,7.1706,2.279021978378296
native_dram,1772727998.788478,7.1706,2.3904778957366943
native_dram,1772727999.044817,7.1706,2.6468169689178467
native_dram,1772727999.157173,7.1706,2.7591729164123535
native_dram,1772727999.390229,7.1706,2.9922289848327637
native_dram,1772727999.501103,7.1706,3.103102922439575
native_dram,1772727999.610676,7.1706,3.2126760482788086
native_dram,1772727999.722096,7.1706,3.3240959644317627
native_dram,1772727999.843519,7.1706,3.445518970489502
native_dram,1772727999.952714,7.1706,3.5547139644622803
native_dram,1772728000.068751,7.1706,3.6707510948181152
native_dram,1772728000.312816,7.1706,3.914815902709961
native_dram,1772728000.430142,7.1706,4.032141923904419
native_dram,1772728000.533088,7.1706,4.135087966918945
native_dram,1772728001.909653,7.1725,5.511652946472168
native_dram,1772728002.020162,7.1725,5.622162103652954
native_dram,1772728002.131232,7.1725,5.733232021331787
native_dram,1772728002.241414,7.1725,5.843414068222046
native_dram,1772728002.393735,7.1725,5.995734930038452
native_dram,1772728002.504238,7.1725,6.106237888336182
native_dram,1772728002.610214,7.1725,6.21221399307251
native_dram,1772728002.722133,7.1725,6.324132919311523
native_dram,1772728002.82973,7.1725,6.431730031967163
native_dram,1772728002.940908,7.1725,6.542907953262329
native_dram,1772728003.051985,7.1725,6.653985023498535
native_dram,1772728003.161491,7.1725,6.763490915298462
native_dram,1772728003.273922,7.1725,6.875921964645386
native_dram,1772728003.385673,7.1725,6.987673044204712
native_dram,1772728003.493324,7.1725,7.0953240394592285
native_dram,1772728003.604492,7.1725,7.206491947174072
native_dram,1772728003.713013,7.1725,7.3150129318237305
native_dram,1772728003.823202,7.1725,7.425201892852783
native_dram,1772728003.934843,7.1725,7.5368430614471436
native_dram,1772728004.048457,7.1725,7.65045690536499
native_dram,1772728004.157315,7.1725,7.759315013885498
native_dram,1772728004.272588,7.1725,7.8745880126953125
native_dram,1772728004.389469,7.1725,7.991468906402588
native_dram,1772728004.499892,7.1725,8.101891994476318
native_dram,1772728004.630349,7.1725,8.232348918914795
native_dram,1772728004.758379,7.1725,8.360378980636597
native_dram,1772728004.864148,7.1725,8.466147899627686
native_dram,1772728004.992218,7.1725,8.594218015670776
native_dram,1772728005.133889,7.1725,8.735888957977295
native_dram,1772728005.235023,7.1725,8.83702301979065
native_dram,1772728005.355821,7.1725,8.957820892333984
native_dram,1772728005.470217,7.1725,9.072216987609863
native_dram,1772728005.571904,7.1725,9.173903942108154
native_dram,1772728005.681592,7.1725,9.283591985702515
native_dram,1772728005.79513,7.1725,9.397130012512207
native_dram,1772728005.910496,7.1725,9.512495994567871
native_dram,1772728006.016688,7.1725,9.618688106536865
native_dram,1772728006.129769,7.1725,9.73176908493042
native_dram,1772728006.245314,7.1725,9.84731388092041
native_dram,1772728006.35867,7.1725,9.960669994354248
native_dram,1772728006.462922,7.1725,10.064922094345093
native_dram,1772728006.585641,7.1725,10.187640905380249
native_dram,1772728006.69278,7.1725,10.294780015945435
native_dram,1772728006.799719,7.1725,10.401719093322754
native_dram,1772728006.900821,7.1725,10.50282096862793
native_dram,1772728007.002221,7.1725,10.604221105575562
native_dram,1772728007.112826,7.1725,10.714826107025146
native_dram,1772728007.268203,7.1725,10.870203018188477
native_dram,1772728007.373658,7.1725,10.975657939910889
native_dram,1772728007.479764,7.1725,11.081763982772827
native_dram,1772728007.58623,7.1725,11.188230037689209
native_dram,1772728007.701429,7.1725,11.303428888320923
native_dram,1772728007.810099,7.1725,11.41209888458252
native_dram,1772728007.923658,7.1725,11.525657892227173
native_dram,1772728008.027512,7.1725,11.629512071609497
native_dram,1772728008.1278,7.1725,11.72979998588562
native_dram,1772728008.234332,7.1725,11.836332082748413
native_dram,1772728008.341607,7.1725,11.943607091903687
native_dram,1772728008.452478,7.1725,12.05447793006897
native_dram,1772728008.56349,7.1725,12.165489912033081
native_dram,1772728008.674539,7.1725,12.276539087295532
native_dram,1772728008.784484,7.1725,12.386483907699585
native_dram,1772728008.892651,7.1725,12.494651079177856
native_dram,1772728009.002726,7.1725,12.604726076126099
native_dram,1772728009.115748,7.1725,12.717747926712036
native_dram,1772728009.226165,7.1725,12.828165054321289
native_dram,1772728009.336782,7.1725,12.938781976699829
native_dram,1772728009.446305,7.1725,13.048305034637451
native_dram,1772728009.56484,7.1725,13.166840076446533
native_dram,1772728009.674635,7.1725,13.276634931564331
native_dram,1772728009.785015,7.1725,13.387015104293823
native_dram,1772728009.938001,7.1725,13.540000915527344
native_dram,1772728010.058213,7.1725,13.660212993621826
native_dram,1772728010.158377,7.1725,13.760376930236816
native_dram,1772728010.266318,7.1725,13.8683180809021
native_dram,1772728010.376374,7.1725,13.978374004364014
native_dram,1772728010.487467,7.1725,14.08946704864502
native_dram,1772728010.597297,7.1725,14.199296951293945
native_dram,1772728010.744326,7.1725,14.346326112747192
native_dram,1772728010.860759,7.1725,14.462759017944336
native_dram,1772728010.990171,7.1725,14.59217095375061
native_dram,1772728011.120964,7.1725,14.72296404838562
native_dram,1772728011.241311,7.1725,14.843311071395874
native_dram,1772728011.35533,7.1725,14.957329988479614
native_dram,1772728011.460886,7.1725,15.062885999679565
native_dram,1772728011.570651,7.1725,15.172651052474976
native_dram,1772728011.681252,7.1725,15.283252000808716
native_dram,1772728011.80539,7.1725,15.407389879226685
native_dram,1772728011.915292,7.1725,15.517292022705078
native_dram,1772728012.028233,7.1725,15.6302330493927
native_dram,1772728012.138255,7.1725,15.740254878997803
native_dram,1772728012.24632,7.1725,15.848320007324219
native_dram,1772728012.387275,7.1725,15.989274978637695
native_dram,1772728012.492213,7.1725,16.094213008880615
native_dram,1772728012.597651,7.1725,16.19965100288391
native_dram,1772728012.706261,7.1725,16.308260917663574
native_dram,1772728012.825076,7.1725,16.4270761013031
native_dram,1772728012.929162,7.1725,16.53116202354431
native_dram,1772728013.043433,7.1725,16.645432949066162
native_dram,1772728013.151023,7.1725,16.75302290916443
native_dram,1772728013.259785,7.1725,16.86178493499756
native_dram,1772728013.373717,7.1725,16.975717067718506
native_dram,1772728013.480951,7.1725,17.082951068878174
native_dram,1772728013.596642,7.1725,17.198642015457153
native_dram,1772728013.70322,7.1725,17.305219888687134
native_dram,1772728013.834298,7.1725,17.43629789352417
native_dram,1772728013.944821,7.1725,17.546820878982544
native_dram,1772728014.075195,7.1725,17.677195072174072
native_dram,1772728014.184131,7.1725,17.786130905151367
native_dram,1772728014.325104,7.1725,17.927103996276855
native_dram,1772728014.434777,7.1725,18.036777019500732
native_dram,1772728014.557169,7.1725,18.15916895866394
native_dram,1772728014.694047,7.1725,18.29604697227478
native_dram,1772728014.822243,7.1725,18.424242973327637
native_dram,1772728014.938386,7.1725,18.540385961532593
native_dram,1772728015.081931,7.1725,18.68393111228943
native_dram,1772728015.194941,7.1725,18.79694104194641
native_dram,1772728015.304949,7.1725,18.906949043273926
native_dram,1772728015.432873,7.1725,19.034873008728027
native_dram,1772728015.542621,7.1725,19.144620895385742
native_dram,1772728015.672551,7.1725,19.274550914764404
native_dram,1772728015.782393,7.1725,19.384392976760864
native_dram,1772728015.903983,7.1725,19.505983114242554
native_dram,1772728016.014894,7.1725,19.616894006729126
native_dram,1772728016.125456,7.1725,19.727456092834473
native_dram,1772728016.240387,7.1725,19.842386960983276
native_dram,1772728016.350073,7.1725,19.952073097229004
native_dram,1772728016.481512,7.1725,20.0835120677948
native_dram,1772728016.590181,7.1725,20.19218111038208
native_dram,1772728016.758523,7.1725,20.360522985458374
native_dram,1772728016.859721,7.1725,20.461720943450928
native_dram,1772728016.965186,7.1725,20.56718611717224
native_dram,1772728017.078714,7.1725,20.680713891983032
native_dram,1772728017.188987,7.1725,20.790987014770508
native_dram,1772728017.297036,7.1725,20.899035930633545
native_dram,1772728017.424789,7.1725,21.02678894996643
native_dram,1772728017.526481,7.1725,21.128480911254883
native_dram,1772728017.634579,7.1725,21.236578941345215
native_dram,1772728017.745633,7.1725,21.347632884979248
native_dram,1772728017.850063,7.1725,21.45206308364868
native_dram,1772728017.964707,7.1725,21.566706895828247
native_dram,1772728018.070886,7.1725,21.67288589477539
native_dram,1772728018.194438,7.1725,21.796437978744507
native_dram,1772728018.30556,7.1725,21.907560110092163
native_dram,1772728018.416874,7.1725,22.018873929977417
native_dram,1772728018.524356,7.1725,22.12635588645935
native_dram,1772728018.636054,7.1725,22.238054037094116
native_dram,1772728018.777192,7.1725,22.379192113876343
native_dram,1772728018.87779,7.1725,22.479789972305298
native_dram,1772728018.993635,7.1725,22.595634937286377
native_dram,1772728019.105097,7.1725,22.707097053527832
native_dram,1772728019.216155,7.1725,22.81815505027771
native_dram,1772728019.324717,7.1725,22.926717042922974
native_dram,1772728019.435279,7.1725,23.03727889060974
native_dram,1772728019.55777,7.1725,23.159770011901855
native_dram,1772728019.688141,7.1725,23.290141105651855
native_dram,1772728019.818412,7.1725,23.420412063598633
native_dram,1772728019.918957,7.1725,23.520956993103027
native_dram,1772728020.023816,7.1725,23.625816106796265
native_dram,1772728020.136523,7.1725,23.73852300643921
native_dram,1772728020.243472,7.1725,23.84547209739685
native_dram,1772728020.364784,7.1725,23.96678400039673
native_dram,1772728020.520757,7.1725,24.122756958007812
native_dram,1772728020.63759,7.1725,24.23958992958069
native_dram,1772728020.748173,7.1725,24.350172996520996
native_dram,1772728020.858901,7.1725,24.460901021957397
native_dram,1772728020.969982,7.1725,24.57198190689087
native_dram,1772728021.078338,7.1725,24.68033790588379
native_dram,1772728021.193261,7.1725,24.795260906219482
native_dram,1772728021.303612,7.1725,24.905611991882324
native_dram,1772728021.417067,7.1725,25.01906704902649
native_dram,1772728021.526038,7.1725,25.128037929534912
native_dram,1772728021.636883,7.1725,25.238883018493652
native_dram,1772728021.751246,7.1725,25.353245973587036
native_dram,1772728021.866528,7.1725,25.468528032302856
native_dram,1772728021.97377,7.1725,25.575769901275635
native_dram,1772728022.084713,7.1725,25.686712980270386
native_dram,1772728022.19888,7.1725,25.800879955291748
native_dram,1772728022.310811,7.1725,25.912811040878296
native_dram,1772728022.419499,7.1725,26.021498918533325
native_dram,1772728022.537357,7.1725,26.139357089996338
native_dram,1772728022.650923,7.1725,26.252923011779785
native_dram,1772728022.764423,7.1725,26.36642289161682
native_dram,1772728022.892956,7.1725,26.494956016540527
native_dram,1772728023.014961,7.1725,26.616961002349854
native_dram,1772728023.140408,7.1725,26.74240803718567
native_dram,1772728023.248106,7.1725,26.85010600090027
native_dram,1772728023.364733,7.1725,26.9667329788208
native_dram,1772728023.492508,7.1725,27.094507932662964
native_dram,1772728023.600164,7.1725,27.20216393470764
native_dram,1772728023.715501,7.1725,27.317501068115234
native_dram,1772728023.824398,7.1725,27.426398038864136
native_dram,1772728023.936625,7.1725,27.53862500190735
native_dram,1772728024.046593,7.1725,27.648592948913574
native_dram,1772728024.156791,7.1725,27.758790969848633
native_dram,1772728024.271373,7.1725,27.87337303161621
native_dram,1772728024.381633,7.1725,27.983633041381836
native_dram,1772728024.494389,7.1725,28.096389055252075
native_dram,1772728024.604603,7.1725,28.206603050231934
native_dram,1772728024.717657,7.1725,28.31965708732605
native_dram,1772728024.830207,7.1725,28.432207107543945
native_dram,1772728024.941466,7.1725,28.543466091156006
native_dram,1772728025.06614,7.1725,28.668139934539795
native_dram,1772728025.176029,7.1725,28.778028964996338
native_dram,1772728025.294455,7.1725,28.89645504951477
native_dram,1772728025.403374,7.1725,29.00537395477295
native_dram,1772728025.53127,7.1725,29.133270025253296
native_dram,1772728025.647178,7.1725,29.249177932739258
native_dram,1772728025.812746,7.1725,29.414746046066284
native_dram,1772728025.925117,7.1725,29.527117013931274
native_dram,1772728026.038161,7.1725,29.64016103744507
native_dram,1772728026.154654,7.1725,29.756654024124146
native_dram,1772728026.269533,7.1725,29.871532917022705
native_dram,1772728026.397441,7.1725,29.999440908432007
native_dram,1772728026.497737,7.1725,30.09973692893982
native_dram,1772728026.598623,7.1725,30.200623035430908
native_dram,1772728026.703011,7.1725,30.30501103401184
native_dram,1772728026.807662,7.1725,30.409662008285522
native_dram,1772728026.910857,7.1725,30.51285696029663
native_dram,1772728027.015655,7.1725,30.617655038833618
native_dram,1772728027.131346,7.1725,30.733345985412598
native_dram,1772728027.242176,7.1725,30.844176054000854
native_dram,1772728027.370394,7.1725,30.97239398956299
native_dram,1772728027.479038,7.1725,31.081037998199463
native_dram,1772728027.604823,7.1725,31.206823110580444
native_dram,1772728027.708172,7.1725,31.310172080993652
native_dram,1772728027.817609,7.1725,31.41960906982422
native_dram,1772728027.927288,7.1725,31.529288053512573
native_dram,1772728028.06361,7.1725,31.66561007499695
native_dram,1772728028.179544,7.1725,31.781543970108032
native_dram,1772728028.289742,7.1725,31.89174199104309
native_dram,1772728028.402463,7.1725,32.0044629573822
native_dram,1772728028.516254,7.1725,32.11825394630432
native_dram,1772728028.626108,7.1725,32.228107929229736
native_dram,1772728028.744048,7.1725,32.34604811668396
native_dram,1772728028.854849,7.1725,32.456849098205566
native_dram,1772728028.963938,7.1725,32.565937995910645
native_dram,1772728029.100968,7.1725,32.70296788215637
native_dram,1772728029.219673,7.1725,32.82167291641235
native_dram,1772728029.333201,7.1725,32.935200929641724
native_dram,1772728029.450212,7.1725,33.05221199989319
native_dram,1772728029.566192,7.1725,33.16819190979004
native_dram,1772728029.673864,7.1725,33.27586388587952
native_dram,1772728029.786998,7.1725,33.38899803161621
native_dram,1772728029.914472,7.1725,33.51647210121155
native_dram,1772728030.059363,7.1725,33.66136288642883
native_dram,1772728030.164349,7.1725,33.76634907722473
native_dram,1772728030.271782,7.1725,33.87378191947937
native_dram,1772728030.377426,7.1725,33.97942590713501
native_dram,1772728030.480336,7.1725,34.08233594894409
native_dram,1772728030.592437,7.1725,34.19443702697754
native_dram,1772728030.703797,7.1725,34.30579710006714
native_dram,1772728030.814345,7.1725,34.41634488105774
native_dram,1772728030.926455,7.1725,34.52845501899719
native_dram,1772728031.044981,7.1725,34.64698100090027
native_dram,1772728031.1583,7.1725,34.76029992103577
native_dram,1772728031.269114,7.1725,34.871114015579224
native_dram,1772728031.380021,7.1725,34.98202109336853
native_dram,1772728031.752786,7.1725,35.35478591918945
native_dram,1772728031.85554,7.1725,35.4575400352478
native_dram,1772728032.001937,7.1725,35.60393691062927
native_dram,1772728032.104249,7.1725,35.70624899864197
native_dram,1772728032.211083,7.1725,35.8130829334259
native_dram,1772728032.321588,7.1725,35.923588037490845
native_dram,1772728032.429978,7.1725,36.031977891922
native_dram,1772728032.542262,7.1725,36.144262075424194
native_dram,1772728032.653975,7.1725,36.255975008010864
native_dram,1772728032.767095,7.1725,36.36909508705139
native_dram,1772728032.877459,7.1725,36.479459047317505
native_dram,1772728032.988934,7.1725,36.59093403816223
native_dram,1772728033.101526,7.1725,36.70352602005005
native_dram,1772728033.227382,7.1725,36.82938194274902
native_dram,1772728033.341518,7.1725,36.9435179233551
native_dram,1772728033.465219,7.1725,37.06721901893616
native_dram,1772728033.622026,7.1725,37.22402596473694
native_dram,1772728033.736799,7.1725,37.33879899978638
native_dram,1772728033.846675,7.1725,37.44867491722107
native_dram,1772728033.955898,7.1725,37.55789804458618
native_dram,1772728034.065756,7.1725,37.66775608062744
native_dram,1772728034.179987,7.1725,37.781986951828
native_dram,1772728034.294169,7.1725,37.89616894721985
native_dram,1772728034.405696,7.1725,38.00769591331482
native_dram,1772728034.518828,7.1725,38.1208279132843
native_dram,1772728034.634334,7.1725,38.23633408546448
native_dram,1772728034.762857,7.1725,38.36485695838928
native_dram,1772728034.877382,7.1725,38.479382038116455
native_dram,1772728034.983565,7.1725,38.58556509017944
native_dram,1772728035.097518,7.1725,38.69951796531677
native_dram,1772728035.209487,7.1725,38.8114869594574
native_dram,1772728035.322715,7.1725,38.92471504211426
native_dram,1772728035.438191,7.1725,39.04019093513489
native_dram,1772728035.548156,7.1725,39.150156021118164
native_dram,1772728035.665848,7.1725,39.26784801483154
native_dram,1772728035.780474,7.1725,39.382473945617676
native_dram,1772728035.890342,7.1725,39.49234199523926
native_dram,1772728036.004282,7.1725,39.606281995773315
native_dram,1772728036.1172,7.1725,39.719199895858765
native_dram,1772728036.229106,7.1725,39.83110594749451
native_dram,1772728036.339345,7.1725,39.94134497642517
native_dram,1772728036.453475,7.1725,40.05547499656677
native_dram,1772728036.563605,7.1725,40.16560506820679
native_dram,1772728036.677727,7.1725,40.2797269821167
native_dram,1772728036.787126,7.1725,40.38912606239319
native_dram,1772728036.901442,7.1725,40.50344204902649
native_dram,1772728037.024776,7.1725,40.62677597999573
native_dram,1772728037.136505,7.1725,40.7385048866272
native_dram,1772728037.247507,7.1725,40.849507093429565
native_dram,1772728037.376978,7.1725,40.97897791862488
native_dram,1772728037.498114,7.1725,41.10011410713196
native_dram,1772728037.612362,7.1725,41.214361906051636
native_dram,1772728037.722459,7.1725,41.324459075927734
native_dram,1772728037.846912,7.1725,41.448911905288696
native_dram,1772728037.980386,7.1725,41.5823860168457
native_dram,1772728038.080826,7.1725,41.68282604217529
native_dram,1772728038.194868,7.1725,41.796868085861206
native_dram,1772728038.30836,7.1725,41.91036009788513
native_dram,1772728038.420086,7.1725,42.02208590507507
native_dram,1772728038.535622,7.1725,42.13762187957764
native_dram,1772728038.647529,7.1725,42.249528884887695
native_dram,1772728038.760799,7.1725,42.36279892921448
native_dram,1772728038.872935,7.1725,42.47493505477905
native_dram,1772728038.999207,7.1725,42.60120701789856
native_dram,1772728039.155075,7.1725,42.75707507133484
native_dram,1772728039.266545,7.1725,42.868545055389404
native_dram,1772728039.384929,7.1725,42.986928939819336
native_dram,1772728039.492723,7.1725,43.09472298622131
native_dram,1772728039.604461,7.1725,43.20646095275879
native_dram,1772728039.716767,7.1725,43.318767070770264
native_dram,1772728039.834563,7.1725,43.43656301498413
native_dram,1772728039.94696,7.1725,43.54895997047424
native_dram,1772728040.057954,7.1725,43.65995407104492
native_dram,1772728040.170598,7.1725,43.77259802818298
native_dram,1772728040.28774,7.1725,43.889739990234375
native_dram,1772728040.394208,7.1725,43.99620795249939
native_dram,1772728040.505821,7.1725,44.107820987701416
native_dram,1772728040.618479,7.1725,44.220479011535645
native_dram,1772728040.737992,7.1725,44.3399920463562
native_dram,1772728040.851612,7.1725,44.453612089157104
native_dram,1772728040.961397,7.1725,44.56339693069458
native_dram,1772728041.087101,7.1725,44.68910098075867
native_dram,1772728041.201156,7.1725,44.80315589904785
native_dram,1772728041.321407,7.1725,44.92340707778931
native_dram,1772728041.439589,7.1725,45.04158902168274
native_dram,1772728041.568789,7.1725,45.17078900337219
native_dram,1772728041.709725,7.1725,45.31172490119934
native_dram,1772728041.838915,7.1725,45.44091510772705
native_dram,1772728041.948658,7.1725,45.550657987594604
native_dram,1772728042.063193,7.1725,45.6651930809021
native_dram,1772728042.176328,7.1725,45.77832794189453
native_dram,1772728042.306567,7.1725,45.90856695175171
native_dram,1772728042.408222,7.1725,46.0102219581604
native_dram,1772728042.524873,7.1725,46.12687301635742
native_dram,1772728042.629053,7.1725,46.23105311393738
native_dram,1772728042.743735,7.1725,46.3457350730896
native_dram,1772728042.853895,7.1725,46.455894947052
native_dram,1772728042.965125,7.1725,46.56712508201599
native_dram,1772728043.082187,7.1725,46.684186935424805
native_dram,1772728043.314598,7.1725,46.916598081588745
native_dram,1772728043.415894,7.1725,47.01789402961731
native_dram,1772728043.51686,7.1725,47.1188600063324
native_dram,1772728043.625317,7.1725,47.227317094802856
native_dram,1772728043.730407,7.1725,47.332406997680664
native_dram,1772728043.844646,7.1725,47.446645975112915
native_dram,1772728043.957046,7.1725,47.559046030044556
native_dram,1772728044.068515,7.1725,47.670515060424805
native_dram,1772728044.181338,7.1725,47.78333806991577
native_dram,1772728044.294898,7.1725,47.89689803123474
native_dram,1772728044.408081,7.1725,48.01008105278015
native_dram,1772728044.520575,7.1725,48.12257504463196
native_dram,1772728044.640527,7.1725,48.24252700805664
native_dram,1772728044.75408,7.1725,48.356080055236816
native_dram,1772728044.869669,7.1725,48.47166895866394
native_dram,1772728044.982229,7.1725,48.58422899246216
native_dram,1772728045.09478,7.1725,48.69677996635437
native_dram,1772728045.210243,7.1725,48.81224298477173
native_dram,1772728045.324141,7.1725,48.926141023635864
native_dram,1772728045.437438,7.1725,49.039438009262085
native_dram,1772728045.548768,7.1725,49.15076804161072
native_dram,1772728045.661886,7.1725,49.26388597488403
native_dram,1772728045.776381,7.1725,49.37838101387024
native_dram,1772728045.886949,7.1725,49.48894906044006
native_dram,1772728046.000255,7.1725,49.60225510597229
native_dram,1772728046.114121,7.1725,49.71612095832825
native_dram,1772728046.228891,7.1725,49.83089089393616
native_dram,1772728046.338913,7.1725,49.94091296195984
native_dram,1772728046.454798,7.1725,50.05679798126221
native_dram,1772728046.573003,7.1725,50.17500305175781
native_dram,1772728046.692001,7.1725,50.29400110244751
native_dram,1772728046.829742,7.1725,50.43174195289612
native_dram,1772728046.959435,7.1725,50.56143498420715
native_dram,1772728047.075938,7.1725,50.67793798446655
native_dram,1772728047.190912,7.1725,50.792912006378174
native_dram,1772728047.342062,7.1725,50.94406199455261
native_dram,1772728047.443181,7.1725,51.04518103599548
native_dram,1772728047.555675,7.1725,51.15767502784729
native_dram,1772728047.67948,7.1725,51.28148007392883
native_dram,1772728047.787717,7.1725,51.38971710205078
native_dram,1772728047.901969,7.1725,51.503968954086304
native_dram,1772728048.016908,7.1725,51.6189079284668
native_dram,1772728048.128098,7.1725,51.7300980091095
native_dram,1772728048.243537,7.1725,51.845536947250366
native_dram,1772728048.359292,7.1725,51.961292028427124
native_dram,1772728048.473105,7.1725,52.07510495185852
native_dram,1772728048.601377,7.1725,52.20337700843811
native_dram,1772728048.714427,7.1725,52.31642699241638
native_dram,1772728048.828193,7.1725,52.430192947387695
native_dram,1772728048.941583,7.1725,52.543582916259766
native_dram,1772728049.058246,7.1725,52.66024589538574
native_dram,1772728049.183153,7.1725,52.78515291213989
native_dram,1772728049.295937,7.1725,52.897937059402466
native_dram,1772728049.409545,7.1725,53.011544942855835
native_dram,1772728049.542683,7.1725,53.14468288421631
native_dram,1772728049.656413,7.1725,53.25841307640076
native_dram,1772728049.770546,7.1725,53.37254595756531
native_dram,1772728049.896656,7.1725,53.498656034469604
native_dram,1772728050.001037,7.1725,53.603036880493164
native_dram,1772728050.115013,7.1725,53.717012882232666
native_dram,1772728050.227775,7.1725,53.82977509498596
native_dram,1772728050.345056,7.1725,53.94705605506897
native_dram,1772728050.45755,7.1725,54.059550046920776
native_dram,1772728050.570713,7.1725,54.17271304130554
native_dram,1772728050.682472,7.1725,54.28447198867798
native_dram,1772728050.795535,7.1725,54.3975350856781
native_dram,1772728050.908962,7.1725,54.51096200942993
native_dram,1772728051.054328,7.1725,54.656327962875366
native_dram,1772728051.159763,7.1725,54.76176309585571
native_dram,1772728051.274939,7.1725,54.87693905830383
native_dram,1772728051.382876,7.1725,54.98487591743469
native_dram,1772728051.484358,7.1725,55.086358070373535
native_dram,1772728051.599648,7.1725,55.201647996902466
native_dram,1772728051.746894,7.1725,55.348893880844116
native_dram,1772728051.853976,7.1725,55.4559760093689
native_dram,1772728051.996617,7.1725,55.59861707687378
native_dram,1772728052.134061,7.1725,55.736061096191406
native_dram,1772728052.24645,7.1725,55.84844994544983
native_dram,1772728052.361575,7.1725,55.96357488632202
native_dram,1772728052.474612,7.1725,56.07661199569702
native_dram,1772728052.58662,7.1725,56.18862009048462
native_dram,1772728052.700078,7.1725,56.30207800865173
native_dram,1772728052.82557,7.1725,56.427570104599
native_dram,1772728052.93576,7.1725,56.53776001930237
native_dram,1772728053.053995,7.1725,56.65599489212036
native_dram,1772728053.166287,7.1725,56.76828694343567
native_dram,1772728053.280089,7.1725,56.88208889961243
native_dram,1772728053.393066,7.1725,56.99506592750549
native_dram,1772728053.504393,7.1725,57.10639309883118
native_dram,1772728053.626796,7.1725,57.22879600524902
native_dram,1772728053.742697,7.1725,57.34469699859619
native_dram,1772728053.861039,7.1725,57.4630389213562
native_dram,1772728053.993606,7.1725,57.595606088638306
native_dram,1772728054.16517,7.1725,57.76716995239258
native_dram,1772728054.266997,7.1725,57.86899709701538
native_dram,1772728054.375371,7.1725,57.97737097740173
native_dram,1772728054.487516,7.1725,58.089515924453735
native_dram,1772728054.616409,7.1725,58.218409061431885
native_dram,1772728054.716856,7.1725,58.31885600090027
native_dram,1772728054.817252,7.1725,58.419251918792725
native_dram,1772728054.9263,7.1725,58.528300046920776
native_dram,1772728055.040953,7.1725,58.64295291900635
native_dram,1772728055.154362,7.1725,58.756361961364746
native_dram,1772728055.428261,7.1725,59.03026103973389
native_dram,1772728055.539205,7.1725,59.141205072402954
native_dram,1772728055.654763,7.1725,59.256762981414795
native_dram,1772728055.767053,7.1725,59.36905288696289
native_dram,1772728055.89108,7.1725,59.49307990074158
native_dram,1772728056.01466,7.1725,59.61665987968445
native_dram,1772728056.127612,7.1725,59.72961211204529
native_dram,1772728056.242051,7.1725,59.844050884246826
native_dram,1772728056.355357,7.1725,59.95735692977905
native_dram,1772728056.469641,7.1725,60.071640968322754
native_dram,1772728056.588689,7.1725,60.19068908691406
native_dram,1772728056.702716,7.1725,60.30471611022949
native_dram,1772728056.823613,7.1725,60.425612926483154
native_dram,1772728056.935167,7.1725,60.53716707229614
native_dram,1772728057.047148,7.1725,60.64914798736572
native_dram,1772728057.164907,7.1725,60.76690697669983
native_dram,1772728057.295434,7.1725,60.89743399620056
native_dram,1772728057.411488,7.1725,61.01348805427551
native_dram,1772728057.536276,7.1725,61.13827610015869
native_dram,1772728057.651154,7.1725,61.253154039382935
native_dram,1772728057.777341,7.1725,61.3793408870697
native_dram,1772728057.924577,7.1725,61.52657699584961
native_dram,1772728058.052997,7.1725,61.65499711036682
native_dram,1772728058.15672,7.1725,61.75871992111206
native_dram,1772728058.261652,7.1725,61.8636519908905
native_dram,1772728058.377385,7.1725,61.979384899139404
native_dram,1772728058.52145,7.1725,62.12345004081726
native_dram,1772728058.63897,7.1725,62.24096989631653
native_dram,1772728058.745746,7.1725,62.34774589538574
native_dram,1772728058.859463,7.1725,62.46146297454834
native_dram,1772728058.96485,7.1725,62.56684994697571
native_dram,1772728059.077521,7.1725,62.67952108383179
native_dram,1772728059.189468,7.1725,62.791467905044556
native_dram,1772728059.318933,7.1725,62.92093300819397
native_dram,1772728059.431283,7.1725,63.033282995224
native_dram,1772728059.544453,7.1725,63.14645290374756
native_dram,1772728059.659302,7.1725,63.26130199432373
native_dram,1772728059.772667,7.1725,63.374666929244995
native_dram,1772728059.884978,7.1725,63.48697805404663
native_dram,1772728059.998684,7.1725,63.60068392753601
native_dram,1772728060.112146,7.1725,63.71414589881897
native_dram,1772728060.223884,7.1725,63.825884103775024
native_dram,1772728060.340166,7.1725,63.9421660900116
native_dram,1772728060.454744,7.1725,64.05674409866333
native_dram,1772728060.567066,7.1725,64.16906595230103
native_dram,1772728060.681995,7.1725,64.2839949131012
native_dram,1772728060.797298,7.1725,64.39929795265198
native_dram,1772728060.909919,7.1725,64.51191902160645
native_dram,1772728061.024397,7.1725,64.62639689445496
native_dram,1772728061.137608,7.1725,64.7396080493927
native_dram,1772728061.252116,7.1725,64.85411596298218
native_dram,1772728061.363576,7.1725,64.96557593345642
native_dram,1772728061.478223,7.1725,65.0802230834961
native_dram,1772728061.607902,7.1725,65.20990204811096
native_dram,1772728061.721667,7.1725,65.32366704940796
native_dram,1772728061.835759,7.1725,65.4377589225769
native_dram,1772728061.949345,7.1725,65.55134510993958
native_dram,1772728062.099315,7.1725,65.70131492614746
native_dram,1772728062.291879,7.1725,65.89387893676758
native_dram,1772728062.392486,7.1725,65.99448609352112
native_dram,1772728062.492938,7.1725,66.09493803977966
native_dram,1772728062.618644,7.1725,66.22064399719238
native_dram,1772728062.746348,7.1725,66.34834790229797
native_dram,1772728062.860557,7.1725,66.46255707740784
native_dram,1772728062.973311,7.1725,66.57531094551086
native_dram,1772728063.089626,7.1725,66.69162607192993
native_dram,1772728063.202439,7.1725,66.80443906784058
native_dram,1772728063.316841,7.1725,66.91884088516235
native_dram,1772728063.428722,7.1725,67.03072190284729
native_dram,1772728063.542398,7.1725,67.14439797401428
native_dram,1772728063.656953,7.1725,67.25895309448242
native_dram,1772728063.771676,7.1725,67.37367606163025
native_dram,1772728063.907384,7.1725,67.50938391685486
native_dram,1772728064.019984,7.1725,67.62198400497437
native_dram,1772728064.125556,7.1725,67.72755599021912
native_dram,1772728064.267232,7.1725,67.8692319393158
native_dram,1772728064.367908,7.1725,67.9699079990387
native_dram,1772728064.487745,7.1725,68.08974504470825
native_dram,1772728064.602153,7.1725,68.20415306091309
native_dram,1772728064.71592,7.1725,68.31791996955872
native_dram,1772728064.829505,7.1725,68.43150496482849
native_dram,1772728064.976157,7.1725,68.5781569480896
native_dram,1772728065.096582,7.1725,68.69858193397522
native_dram,1772728065.199257,7.1725,68.80125689506531
native_dram,1772728065.306733,7.1725,68.90873289108276
native_dram,1772728065.418714,7.1725,69.02071404457092
native_dram,1772728065.532501,7.1725,69.1345009803772
native_dram,1772728065.647538,7.1725,69.2495379447937
native_dram,1772728065.752866,7.1725,69.35486602783203
native_dram,1772728065.858693,7.1725,69.46069288253784
native_dram,1772728066.004251,7.1725,69.60625100135803
native_dram,1772728066.110614,7.1725,69.71261405944824
native_dram,1772728066.223426,7.1725,69.82542610168457
native_dram,1772728066.329517,7.1725,69.93151688575745
native_dram,1772728066.443612,7.1725,70.0456120967865
native_dram,1772728066.559407,7.1725,70.16140699386597
native_dram,1772728066.68015,7.1725,70.28215003013611
native_dram,1772728066.803461,7.1725,70.40546107292175
native_dram,1772728066.913272,7.1725,70.51527190208435
native_dram,1772728067.036886,7.1725,70.63888597488403
native_dram,1772728067.177937,7.1725,70.77993702888489
native_dram,1772728067.301683,7.1725,70.90368294715881
native_dram,1772728067.437702,7.1725,71.03970193862915
native_dram,1772728067.613283,7.1725,71.2152829170227
native_dram,1772728067.737743,7.1725,71.33974289894104
native_dram,1772728067.851657,7.1725,71.45365691184998
native_dram,1772728067.966195,7.1725,71.568195104599
native_dram,1772728068.068516,7.1725,71.67051601409912
native_dram,1772728068.181011,7.1725,71.78301095962524
native_dram,1772728068.297375,7.1725,71.89937496185303
native_dram,1772728068.411337,7.1725,72.01333689689636
native_dram,1772728068.524556,7.1725,72.12655591964722
native_dram,1772728068.639151,7.1725,72.24115109443665
native_dram,1772728068.753258,7.1725,72.35525798797607
native_dram,1772728068.866653,7.1725,72.4686529636383
native_dram,1772728068.998729,7.1725,72.60072898864746
native_dram,1772728069.110054,7.1725,72.71205401420593
native_dram,1772728069.215689,7.1725,72.81768894195557
native_dram,1772728069.342362,7.1725,72.94436192512512
native_dram,1772728069.677367,7.1725,73.27936697006226
native_dram,1772728069.841564,7.1725,73.44356393814087
native_dram,1772728069.958138,7.1745,73.56013798713684
native_dram,1772728070.072432,7.1745,73.67443203926086
native_dram,1772728070.187573,7.1745,73.78957295417786
native_dram,1772728070.303435,7.1745,73.90543508529663
native_dram,1772728070.408774,7.1745,74.01077389717102
native_dram,1772728070.516953,7.1745,74.11895298957825
native_dram,1772728070.632313,7.1745,74.23431301116943
native_dram,1772728070.817181,7.1745,74.41918110847473
native_dram,1772728070.918135,7.1745,74.52013492584229
native_dram,1772728071.021958,7.1745,74.62395811080933
native_dram,1772728071.136889,7.1745,74.73888897895813
native_dram,1772728071.24998,7.1745,74.851979970932
native_dram,1772728071.350358,7.1745,74.95235800743103
native_dram,1772728071.463555,7.1745,75.06555509567261
native_dram,1772728071.600664,7.1745,75.20266389846802
native_dram,1772728071.70979,7.1745,75.31178998947144
native_dram,1772728071.85201,7.1745,75.45401000976562
native_dram,1772728071.962971,7.1745,75.56497097015381
native_dram,1772728072.068311,7.1745,75.6703109741211
native_dram,1772728072.1742,7.1745,75.77620005607605
native_dram,1772728072.290891,7.1745,75.89289093017578
native_dram,1772728072.403762,7.1745,76.00576210021973
native_dram,1772728072.519866,7.1745,76.12186598777771
native_dram,1772728072.634298,7.1745,76.23629808425903
native_dram,1772728072.75086,7.1745,76.35285997390747
native_dram,1772728072.865678,7.1745,76.46767807006836
native_dram,1772728072.984044,7.1745,76.58604407310486
native_dram,1772728073.099979,7.1745,76.70197892189026
native_dram,1772728073.276212,7.1745,76.87821197509766
native_dram,1772728073.397926,7.1745,76.99992609024048
native_dram,1772728073.50086,7.1745,77.10285997390747
native_dram,1772728073.613016,7.1745,77.21501588821411
native_dram,1772728073.713642,7.1745,77.3156418800354
native_dram,1772728073.841734,7.1745,77.44373393058777
native_dram,1772728073.959165,7.1745,77.56116509437561
native_dram,1772728074.07417,7.1745,77.67617011070251
native_dram,1772728074.187348,7.1745,77.78934788703918
native_dram,1772728074.301538,7.1745,77.90353798866272
native_dram,1772728074.418169,7.1745,78.0201690196991
native_dram,1772728074.52895,7.1745,78.13094997406006
native_dram,1772728074.646406,7.1745,78.24840593338013
native_dram,1772728074.776579,7.1745,78.3785789012909
native_dram,1772728074.889164,7.1745,78.49116396903992
native_dram,1772728075.005464,7.1745,78.6074640750885
native_dram,1772728075.146389,7.1745,78.74838900566101
native_dram,1772728075.247275,7.1745,78.8492751121521
native_dram,1772728075.360469,7.1745,78.96246910095215
native_dram,1772728075.475236,7.1745,79.07723593711853
native_dram,1772728075.603599,7.1745,79.20559906959534
native_dram,1772728075.717489,7.1745,79.31948900222778
native_dram,1772728075.831438,7.1745,79.43343806266785
native_dram,1772728075.945794,7.1745,79.54779410362244
native_dram,1772728076.063832,7.1745,79.66583204269409
native_dram,1772728076.184344,7.1745,79.78634405136108
native_dram,1772728076.301047,7.1745,79.90304708480835
native_dram,1772728076.41344,7.1745,80.01543998718262
native_dram,1772728076.530855,7.1745,80.13285493850708
native_dram,1772728076.646467,7.1745,80.24846696853638
native_dram,1772728076.794213,7.1745,80.39621305465698
native_dram,1772728076.902861,7.1745,80.5048611164093
native_dram,1772728077.016293,7.1745,80.6182930469513
native_dram,1772728077.129958,7.1745,80.73195791244507
native_dram,1772728077.244466,7.1745,80.84646606445312
native_dram,1772728077.360213,7.1745,80.9622130393982
native_dram,1772728077.476214,7.1745,81.07821393013
native_dram,1772728077.590145,7.1745,81.19214510917664
native_dram,1772728077.704421,7.1745,81.30642104148865
native_dram,1772728077.817994,7.1745,81.41999411582947
native_dram,1772728077.954596,7.1745,81.55659604072571
native_dram,1772728078.070009,7.1745,81.67200899124146
native_dram,1772728078.179297,7.1745,81.78129696846008
native_dram,1772728078.309625,7.1745,81.91162490844727
native_dram,1772728078.424666,7.1745,82.02666592597961
native_dram,1772728078.538814,7.1745,82.14081406593323
native_dram,1772728078.653895,7.1745,82.25589489936829
native_dram,1772728078.784995,7.1745,82.38699507713318
native_dram,1772728078.900095,7.1745,82.50209498405457
native_dram,1772728079.015054,7.1745,82.6170539855957
native_dram,1772728079.132566,7.1745,82.73456597328186
native_dram,1772728079.247962,7.1745,82.84996199607849
native_dram,1772728079.362627,7.1745,82.9646270275116
native_dram,1772728079.476444,7.1745,83.07844400405884
native_dram,1772728079.607248,7.1745,83.20924806594849
native_dram,1772728079.710803,7.1745,83.31280303001404
native_dram,1772728079.823017,7.1745,83.4250168800354
native_dram,1772728079.939939,7.1745,83.54193902015686
native_dram,1772728080.073756,7.1745,83.67575597763062
native_dram,1772728080.187958,7.1745,83.7899580001831
native_dram,1772728080.303308,7.1745,83.90530800819397
native_dram,1772728080.416141,7.1745,84.01814103126526
native_dram,1772728080.766991,7.1745,84.36899089813232
native_dram,1772728080.87882,7.1745,84.48081994056702
native_dram,1772728080.984345,7.1745,84.58634495735168
native_dram,1772728081.094537,7.1745,84.69653701782227
native_dram,1772728081.210655,7.1745,84.81265497207642
native_dram,1772728081.324719,7.1745,84.9267189502716
native_dram,1772728081.4384,7.1745,85.04040002822876
native_dram,1772728081.555717,7.1745,85.15771698951721
native_dram,1772728081.670258,7.1745,85.27225804328918
native_dram,1772728081.785604,7.1745,85.3876039981842
native_dram,1772728081.901535,7.1745,85.50353503227234
native_dram,1772728082.017205,7.1745,85.61920499801636
native_dram,1772728082.132014,7.1745,85.73401403427124
native_dram,1772728082.248155,7.1745,85.85015511512756
native_dram,1772728082.361722,7.1745,85.96372199058533
native_dram,1772728082.514655,7.1745,86.11665511131287
native_dram,1772728082.615225,7.1745,86.21722507476807
native_dram,1772728082.716525,7.1745,86.31852507591248
native_dram,1772728082.828866,7.1745,86.4308660030365
native_dram,1772728082.944854,7.1745,86.54685401916504
native_dram,1772728083.058385,7.1745,86.66038489341736
native_dram,1772728083.174319,7.1745,86.77631902694702
native_dram,1772728083.292421,7.1745,86.89442110061646
native_dram,1772728083.406045,7.1745,87.00804495811462
native_dram,1772728083.520561,7.1745,87.12256097793579
native_dram,1772728083.63564,7.1745,87.23763990402222
native_dram,1772728083.751389,7.1745,87.3533890247345
native_dram,1772728083.869534,7.1745,87.47153401374817
native_dram,1772728083.9822,7.1745,87.58419990539551
native_dram,1772728084.099404,7.1745,87.70140409469604
native_dram,1772728084.211972,7.1745,87.81397199630737
native_dram,1772728084.32938,7.1745,87.93138003349304
native_dram,1772728084.446275,7.1745,88.04827499389648
native_dram,1772728084.561384,7.1745,88.16338396072388
native_dram,1772728084.675859,7.1745,88.27785897254944
native_dram,1772728084.79184,7.1745,88.39384007453918
native_dram,1772728084.906685,7.1745,88.50868511199951
native_dram,1772728085.041307,7.1745,88.64330697059631
native_dram,1772728085.172678,7.1745,88.77467799186707
native_dram,1772728085.295209,7.1745,88.89720892906189
native_dram,1772728085.424423,7.1745,89.02642297744751
native_dram,1772728085.538694,7.1745,89.14069390296936
native_dram,1772728085.65747,7.1745,89.25946998596191
native_dram,1772728085.773055,7.1745,89.37505507469177
native_dram,1772728085.925069,7.1745,89.52706909179688
native_dram,1772728086.026365,7.1745,89.62836503982544
native_dram,1772728086.141475,7.1745,89.74347496032715
native_dram,1772728086.257568,7.1745,89.8595678806305
native_dram,1772728086.374067,7.1745,89.97606706619263
native_dram,1772728086.509068,7.1745,90.1110680103302
native_dram,1772728086.628395,7.1745,90.23039507865906
native_dram,1772728086.742406,7.1745,90.34440588951111
native_dram,1772728086.85722,7.1745,90.45921993255615
native_dram,1772728086.972994,7.1745,90.57499408721924
native_dram,1772728087.090183,7.1745,90.69218301773071
native_dram,1772728087.206966,7.1745,90.80896592140198
native_dram,1772728087.355403,7.1745,90.95740294456482
native_dram,1772728087.456298,7.1745,91.05829811096191
native_dram,1772728087.586094,7.1745,91.18809390068054
native_dram,1772728087.688555,7.1745,91.29055500030518
native_dram,1772728087.814268,7.1745,91.41626811027527
native_dram,1772728087.927262,7.1745,91.52926206588745
native_dram,1772728088.047237,7.1745,91.64923691749573
native_dram,1772728088.329504,7.1745,91.93150401115417
native_dram,1772728088.44348,7.1745,92.04548001289368
native_dram,1772728088.565689,7.1745,92.16768908500671
native_dram,1772728088.682808,7.1745,92.28480792045593
native_dram,1772728088.794959,7.1745,92.39695906639099
native_dram,1772728088.912512,7.1745,92.51451206207275
native_dram,1772728089.028796,7.1745,92.63079595565796
native_dram,1772728089.161618,7.1745,92.76361799240112
native_dram,1772728089.305382,7.1745,92.90738201141357
native_dram,1772728089.419861,7.1745,93.02186107635498
native_dram,1772728089.54506,7.1745,93.14705991744995
native_dram,1772728089.662081,7.1745,93.26408100128174
native_dram,1772728089.77767,7.1745,93.37966990470886
native_dram,1772728089.89398,7.1745,93.49598002433777
native_dram,1772728090.007386,7.1745,93.60938596725464
native_dram,1772728090.123486,7.1745,93.72548604011536
native_dram,1772728090.238815,7.1745,93.84081506729126
native_dram,1772728090.355445,7.1745,93.95744490623474
native_dram,1772728090.47115,7.1745,94.07314991950989
native_dram,1772728090.587906,7.1745,94.18990588188171
native_dram,1772728090.704694,7.1745,94.30669403076172
native_dram,1772728090.852897,7.1745,94.45489692687988
native_dram,1772728090.969454,7.1745,94.57145404815674
native_dram,1772728091.109626,7.1745,94.71162605285645
native_dram,1772728091.23314,7.1745,94.8351399898529
native_dram,1772728091.358133,7.1745,94.96013307571411
native_dram,1772728091.472374,7.1745,95.074373960495
native_dram,1772728091.588921,7.1745,95.19092106819153
native_dram,1772728091.703711,7.1745,95.30571103096008
native_dram,1772728091.821424,7.1745,95.42342400550842
native_dram,1772728091.936484,7.1745,95.5384840965271
native_dram,1772728092.067753,7.1745,95.669753074646
native_dram,1772728092.183611,7.1745,95.78561091423035
native_dram,1772728092.299136,7.1745,95.90113592147827
native_dram,1772728092.417682,7.1745,96.01968193054199
native_dram,1772728092.533883,7.1745,96.13588309288025
native_dram,1772728092.649209,7.1745,96.25120902061462
native_dram,1772728092.765705,7.1745,96.36770510673523
native_dram,1772728092.882359,7.1745,96.4843590259552
native_dram,1772728093.00277,7.1745,96.60476994514465
native_dram,1772728093.117283,7.1745,96.71928310394287
native_dram,1772728093.234369,7.1745,96.83636903762817
native_dram,1772728093.349434,7.1745,96.95143389701843
native_dram,1772728093.465812,7.1745,97.06781196594238
native_dram,1772728093.59085,7.1745,97.19285011291504
native_dram,1772728093.707902,7.1745,97.30990195274353
native_dram,1772728093.841244,7.1745,97.44324398040771
native_dram,1772728093.965194,7.1745,97.56719398498535
native_dram,1772728094.081798,7.1745,97.68379807472229
native_dram,1772728094.205728,7.1745,97.80772805213928
native_dram,1772728094.317617,7.1745,97.91961693763733
native_dram,1772728094.431468,7.1745,98.03346800804138
native_dram,1772728094.546832,7.1745,98.14883208274841
native_dram,1772728094.92118,7.1745,98.52318000793457
native_dram,1772728095.021569,7.1745,98.62356901168823
native_dram,1772728095.130186,7.1745,98.73218607902527
native_dram,1772728095.23648,7.1745,98.83847999572754
native_dram,1772728095.343641,7.1745,98.945641040802
native_dram,1772728095.46001,7.1745,99.06201004981995
native_dram,1772728095.575078,7.1745,99.17707800865173
native_dram,1772728095.690763,7.1745,99.29276299476624
native_dram,1772728095.810669,7.1745,99.41266894340515
native_dram,1772728095.92613,7.1745,99.52813005447388
native_dram,1772728096.04439,7.1745,99.64638996124268
native_dram,1772728096.16106,7.1745,99.76306009292603
native_dram,1772728096.278756,7.1745,99.88075590133667
native_dram,1772728096.394707,7.1745,99.99670696258545
native_dram,1772728096.525981,7.1745,100.1279809474945
native_dram,1772728096.643141,7.1745,100.24514102935791
native_dram,1772728096.759664,7.1745,100.36166405677795
native_dram,1772728096.881341,7.1745,100.48334097862244
native_dram,1772728096.996735,7.1745,100.59873509407043
native_dram,1772728097.112466,7.1745,100.7144660949707
native_dram,1772728097.229478,7.1745,100.8314778804779
native_dram,1772728097.34672,7.1745,100.94871997833252
native_dram,1772728097.462704,7.1745,101.06470394134521
native_dram,1772728097.5943,7.1745,101.19630002975464
native_dram,1772728097.696185,7.1745,101.29818511009216
native_dram,1772728097.81266,7.1745,101.41465997695923
native_dram,1772728097.926402,7.1745,101.52840209007263
native_dram,1772728098.04185,7.1745,101.6438500881195
native_dram,1772728098.157526,7.1745,101.759526014328
native_dram,1772728098.295422,7.1745,101.8974220752716
native_dram,1772728098.39587,7.1745,101.9978699684143
native_dram,1772728098.522814,7.1745,102.1248140335083
native_dram,1772728098.695681,7.1745,102.29768109321594
native_dram,1772728098.79653,7.1745,102.39853000640869
native_dram,1772728098.91375,7.1745,102.51574993133545
native_dram,1772728099.031296,7.1745,102.63329601287842
native_dram,1772728099.149547,7.1745,102.75154709815979
native_dram,1772728099.264307,7.1745,102.86630702018738
native_dram,1772728099.379697,7.1745,102.98169708251953
native_dram,1772728099.497164,7.1745,103.09916400909424
native_dram,1772728099.614021,7.1745,103.2160210609436
native_dram,1772728099.728422,7.1745,103.33042192459106
native_dram,1772728099.845198,7.1745,103.44719791412354
native_dram,1772728100.183614,7.1745,103.78561401367188
native_dram,1772728100.299624,7.1745,103.90162396430969
native_dram,1772728100.416531,7.1745,104.01853108406067
native_dram,1772728100.532987,7.1745,104.13498711585999
native_dram,1772728100.651732,7.1745,104.25373196601868
native_dram,1772728100.767156,7.1745,104.36915588378906
native_dram,1772728100.882352,7.1745,104.4843521118164
native_dram,1772728101.000055,7.1745,104.60205507278442
native_dram,1772728101.116163,7.1745,104.71816301345825
native_dram,1772728101.234545,7.1745,104.83654499053955
native_dram,1772728101.38308,7.1745,104.9850800037384
native_dram,1772728101.516262,7.1745,105.11826205253601
native_dram,1772728101.622729,7.1745,105.22472906112671
native_dram,1772728101.735612,7.1745,105.33761191368103
native_dram,1772728101.83648,7.1745,105.43847990036011
native_dram,1772728101.950783,7.1745,105.55278301239014
native_dram,1772728102.067862,7.1745,105.66986203193665
native_dram,1772728102.180574,7.1745,105.78257393836975
native_dram,1772728102.297037,7.1745,105.89903688430786
native_dram,1772728102.411423,7.1745,106.01342296600342
native_dram,1772728102.531257,7.1745,106.13325691223145
native_dram,1772728102.700042,7.1745,106.30204200744629
native_dram,1772728102.801094,7.1745,106.40309405326843
native_dram,1772728102.906553,7.1745,106.50855302810669
native_dram,1772728103.026651,7.1745,106.62865090370178
native_dram,1772728103.136956,7.1745,106.73895597457886
native_dram,1772728103.25914,7.1745,106.86114001274109
native_dram,1772728103.377015,7.1745,106.97901511192322
native_dram,1772728103.497752,7.1745,107.0997519493103
native_dram,1772728103.646305,7.1745,107.24830508232117
native_dram,1772728103.755146,7.1745,107.35714602470398
native_dram,1772728103.87182,7.1745,107.4738199710846
native_dram,1772728103.972238,7.1745,107.57423806190491
native_dram,1772728104.117706,7.1745,107.7197060585022
native_dram,1772728104.233698,7.1745,107.835697889328
native_dram,1772728104.36441,7.1745,107.96640992164612
native_dram,1772728104.481299,7.1745,108.08329892158508
native_dram,1772728104.596832,7.1745,108.1988320350647
native_dram,1772728104.715406,7.1745,108.31740593910217
native_dram,1772728104.834253,7.1745,108.4362530708313
native_dram,1772728104.950682,7.1745,108.5526819229126
native_dram,1772728105.065681,7.1745,108.66768097877502
native_dram,1772728105.182216,7.1745,108.78421592712402
native_dram,1772728105.302155,7.1745,108.90415501594543
native_dram,1772728105.416384,7.1745,109.01838397979736
native_dram,1772728105.542446,7.1745,109.14444589614868
native_dram,1772728105.658918,7.1745,109.2609179019928
native_dram,1772728105.794033,7.1745,109.39603304862976
native_dram,1772728106.120408,7.1745,109.72240805625916
native_dram,1772728106.220608,7.1745,109.82260799407959
native_dram,1772728106.329287,7.1745,109.93128705024719
native_dram,1772728106.459049,7.1745,110.06104898452759
native_dram,1772728106.560282,7.1745,110.16228199005127
native_dram,1772728106.660535,7.1745,110.26253509521484
native_dram,1772728106.77774,7.1745,110.37973999977112
native_dram,1772728106.91452,7.1745,110.51652002334595
native_dram,1772728107.027623,7.1745,110.62962293624878
native_dram,1772728107.142394,7.1745,110.74439406394958
native_dram,1772728107.259844,7.1745,110.86184406280518
native_dram,1772728107.376441,7.1745,110.97844099998474
native_dram,1772728107.493011,7.1745,111.09501099586487
native_dram,1772728107.609991,7.1745,111.21199107170105
native_dram,1772728107.727288,7.1745,111.32928800582886
native_dram,1772728107.845623,7.1745,111.44762301445007
native_dram,1772728107.965286,7.1745,111.56728601455688
native_dram,1772728108.082814,7.1745,111.68481397628784
native_dram,1772728108.198986,7.1745,111.80098605155945
native_dram,1772728108.314181,7.1745,111.9161810874939
native_dram,1772728108.477545,7.1745,112.07954502105713
native_dram,1772728108.582935,7.1745,112.18493509292603
native_dram,1772728108.683843,7.1745,112.28584289550781
native_dram,1772728108.807878,7.1745,112.40987801551819
native_dram,1772728108.922854,7.1745,112.52485394477844
native_dram,1772728109.055725,7.1745,112.6577250957489
native_dram,1772728109.172191,7.1745,112.77419090270996
native_dram,1772728109.303858,7.1745,112.90585803985596
native_dram,1772728109.427718,7.1745,113.0297179222107
native_dram,1772728109.544286,7.1745,113.14628601074219
native_dram,1772728109.661834,7.1745,113.26383399963379
native_dram,1772728109.778679,7.1745,113.38067889213562
native_dram,1772728109.907654,7.1745,113.50965404510498
native_dram,1772728110.024158,7.1745,113.6261579990387
native_dram,1772728110.144417,7.1745,113.74641704559326
native_dram,1772728110.262362,7.1745,113.86436200141907
native_dram,1772728110.37983,7.1745,113.98182988166809
native_dram,1772728110.523723,7.1745,114.12572288513184
native_dram,1772728110.638335,7.1745,114.24033498764038
native_dram,1772728110.75658,7.1745,114.35858011245728
native_dram,1772728110.874112,7.1745,114.4761118888855
native_dram,1772728110.991021,7.1745,114.59302091598511
native_dram,1772728111.108028,7.1745,114.71002793312073
native_dram,1772728111.225968,7.1745,114.82796788215637
native_dram,1772728111.342789,7.1745,114.9447889328003
native_dram,1772728111.767094,7.1745,115.3690938949585
native_dram,1772728111.868254,7.1745,115.47025394439697
native_dram,1772728111.97038,7.1745,115.57238006591797
native_dram,1772728112.071065,7.1745,115.6730649471283
native_dram,1772728112.187362,7.1745,115.78936195373535
native_dram,1772728112.302082,7.1745,115.90408205986023
native_dram,1772728112.438066,7.1745,116.04006600379944
native_dram,1772728112.554488,7.1745,116.15648794174194
native_dram,1772728112.672023,7.1745,116.27402305603027
native_dram,1772728112.791276,7.1745,116.39327597618103
native_dram,1772728112.907648,7.1745,116.5096480846405
native_dram,1772728113.023205,7.1745,116.62520503997803
native_dram,1772728113.139919,7.1745,116.74191904067993
native_dram,1772728113.256194,7.1745,116.85819411277771
native_dram,1772728113.376181,7.1745,116.97818088531494
native_dram,1772728113.501556,7.1745,117.10355591773987
native_dram,1772728113.624682,7.1745,117.22668194770813
native_dram,1772728113.740845,7.1745,117.34284496307373
native_dram,1772728113.859543,7.1745,117.46154308319092
native_dram,1772728113.976638,7.1745,117.57863807678223
native_dram,1772728114.10459,7.1745,117.70658993721008
native_dram,1772728114.219815,7.1745,117.8218150138855
native_dram,1772728114.345088,7.1745,117.94708800315857
native_dram,1772728114.491502,7.1745,118.09350204467773
native_dram,1772728114.592431,7.1745,118.19443106651306
native_dram,1772728114.711534,7.1745,118.31353402137756
native_dram,1772728114.827996,7.1745,118.42999601364136
native_dram,1772728114.945528,7.1745,118.54752802848816
native_dram,1772728115.061903,7.1745,118.66390299797058
native_dram,1772728115.177631,7.1745,118.77963089942932
native_dram,1772728115.294326,7.1745,118.89632606506348
native_dram,1772728115.411086,7.1745,119.01308608055115
native_dram,1772728115.528371,7.1745,119.13037109375
native_dram,1772728115.648763,7.1745,119.25076293945312
native_dram,1772728115.768876,7.1745,119.37087607383728
native_dram,1772728115.887783,7.1745,119.48978304862976
native_dram,1772728116.00607,7.1745,119.608069896698
native_dram,1772728116.13984,7.1745,119.74183988571167
native_dram,1772728116.52887,7.1745,120.13087010383606
native_dram,1772728116.631054,7.1745,120.2330539226532
native_dram,1772728116.731777,7.1745,120.33377695083618
native_dram,1772728116.835201,7.1745,120.4372010231018
native_dram,1772728116.949447,7.1745,120.55144691467285
native_dram,1772728117.069875,7.1745,120.671875
native_dram,1772728117.185113,7.1745,120.78711295127869
native_dram,1772728117.302631,7.1745,120.90463089942932
native_dram,1772728117.418662,7.1745,121.02066206932068
native_dram,1772728117.534878,7.1745,121.13687801361084
native_dram,1772728117.652114,7.1745,121.2541139125824
native_dram,1772728117.769869,7.1745,121.37186908721924
native_dram,1772728117.887409,7.1745,121.48940896987915
native_dram,1772728118.016021,7.1745,121.61802101135254
native_dram,1772728118.150896,7.1745,121.75289607048035
native_dram,1772728118.29595,7.1745,121.89794993400574
native_dram,1772728118.427824,7.1745,122.0298240184784
native_dram,1772728118.54494,7.1745,122.14693999290466
native_dram,1772728118.661932,7.1745,122.2639319896698
native_dram,1772728118.833632,7.1745,122.43563199043274
native_dram,1772728118.934621,7.1745,122.53662109375
native_dram,1772728119.043887,7.1745,122.64588689804077
native_dram,1772728119.150209,7.1745,122.75220894813538
native_dram,1772728119.259764,7.1745,122.8617639541626
native_dram,1772728119.403924,7.1745,123.00592398643494
native_dram,1772728119.520098,7.1745,123.12209796905518
native_dram,1772728119.649333,7.1745,123.25133299827576
native_dram,1772728119.777876,7.1745,123.3798758983612
native_dram,1772728119.895305,7.1745,123.49730491638184
native_dram,1772728120.012426,7.1745,123.61442589759827
native_dram,1772728120.128649,7.1745,123.7306489944458
native_dram,1772728120.243764,7.1745,123.84576392173767
native_dram,1772728120.362125,7.1745,123.96412491798401
native_dram,1772728120.494729,7.1745,124.09672904014587
native_dram,1772728120.606161,7.1745,124.20816111564636
native_dram,1772728120.722904,7.1745,124.32490396499634
native_dram,1772728121.143698,7.1745,124.74569797515869
native_dram,1772728121.24468,7.1745,124.84667992591858
native_dram,1772728121.346033,7.1745,124.94803309440613
native_dram,1772728121.446766,7.1745,125.04876589775085
native_dram,1772728121.562603,7.1745,125.16460299491882
native_dram,1772728121.680297,7.1745,125.28229689598083
native_dram,1772728121.79567,7.1745,125.39767003059387
native_dram,1772728121.920029,7.1745,125.52202892303467
native_dram,1772728122.036472,7.1745,125.63847208023071
native_dram,1772728122.156488,7.1745,125.7584879398346
native_dram,1772728122.272212,7.1745,125.87421202659607
native_dram,1772728122.395974,7.1745,125.9979739189148
native_dram,1772728122.513677,7.1745,126.11567687988281
native_dram,1772728122.649287,7.1745,126.25128698348999
native_dram,1772728122.768165,7.1745,126.3701651096344
native_dram,1772728122.886965,7.1745,126.48896503448486
native_dram,1772728123.032959,7.1745,126.63495898246765
native_dram,1772728123.134468,7.1745,126.73646807670593
native_dram,1772728123.254021,7.1745,126.8560209274292
native_dram,1772728123.372944,7.1745,126.97494411468506
native_dram,1772728123.489617,7.1745,127.09161710739136
native_dram,1772728123.608025,7.1745,127.21002507209778
native_dram,1772728123.726886,7.1745,127.32888603210449
native_dram,1772728123.846603,7.1745,127.44860291481018
native_dram,1772728123.979083,7.1745,127.58108305931091
native_dram,1772728124.089397,7.1745,127.69139695167542
native_dram,1772728124.207617,7.1745,127.8096170425415
native_dram,1772728124.325724,7.1745,127.92772388458252
native_dram,1772728124.446119,7.1745,128.04811906814575
native_dram,1772728124.564171,7.1745,128.16617107391357
native_dram,1772728124.710391,7.1745,128.31239104270935
native_dram,1772728125.031858,7.1745,128.63385796546936
native_dram,1772728125.135028,7.1745,128.73702788352966
native_dram,1772728125.246749,7.1745,128.84874892234802
native_dram,1772728125.366109,7.1745,128.9681088924408
native_dram,1772728125.468212,7.1745,129.07021188735962
native_dram,1772728125.584571,7.1745,129.18657088279724
native_dram,1772728125.701475,7.1745,129.3034749031067
native_dram,1772728125.819604,7.1745,129.42160391807556
native_dram,1772728125.937405,7.1745,129.53940510749817
native_dram,1772728126.054474,7.1745,129.65647411346436
native_dram,1772728126.171211,7.1745,129.77321100234985
native_dram,1772728126.288247,7.1745,129.89024710655212
native_dram,1772728126.424744,7.1745,130.02674388885498
native_dram,1772728126.538505,7.1745,130.1405050754547
native_dram,1772728126.640419,7.1745,130.2424190044403
native_dram,1772728126.755714,7.1745,130.3577139377594
native_dram,1772728126.905613,7.1745,130.5076129436493
native_dram,1772728127.037618,7.1745,130.63961791992188
native_dram,1772728127.144623,7.1745,130.7466230392456
native_dram,1772728127.259987,7.1745,130.86198711395264
native_dram,1772728127.377286,7.1745,130.97928595542908
native_dram,1772728127.49842,7.1745,131.10041999816895
native_dram,1772728127.626175,7.1745,131.22817492485046
native_dram,1772728127.776925,7.1745,131.37892508506775
native_dram,1772728127.917478,7.1745,131.51947808265686
native_dram,1772728128.302482,7.1745,131.90448188781738
native_dram,1772728128.403241,7.1745,132.0052409172058
native_dram,1772728128.512243,7.1745,132.1142430305481
native_dram,1772728128.616433,7.1745,132.2184329032898
native_dram,1772728128.733449,7.1745,132.33544898033142
native_dram,1772728128.851588,7.1745,132.45358800888062
native_dram,1772728128.96929,7.1745,132.57129001617432
native_dram,1772728129.087793,7.1745,132.6897931098938
native_dram,1772728129.203469,7.1745,132.8054690361023
native_dram,1772728129.322934,7.1745,132.92493391036987
native_dram,1772728129.43944,7.1745,133.0414400100708
native_dram,1772728129.558244,7.1745,133.1602439880371
native_dram,1772728129.686152,7.1745,133.2881519794464
native_dram,1772728129.803453,7.1745,133.40545296669006
native_dram,1772728129.921947,7.1745,133.52394700050354
native_dram,1772728130.040827,7.1745,133.64282703399658
native_dram,1772728130.158072,7.1745,133.76007199287415
native_dram,1772728130.277268,7.1745,133.8792679309845
native_dram,1772728130.395583,7.1745,133.99758291244507
native_dram,1772728130.51193,7.1745,134.11392998695374
native_dram,1772728130.628197,7.1745,134.23019695281982
native_dram,1772728130.746525,7.1745,134.34852504730225
native_dram,1772728130.864444,7.1745,134.46644401550293
native_dram,1772728131.212227,7.1745,134.814227104187
native_dram,1772728131.35836,7.1745,134.96036005020142
native_dram,1772728131.475186,7.1745,135.0771861076355
native_dram,1772728131.592345,7.1745,135.194344997406
native_dram,1772728131.711141,7.1745,135.3131411075592
native_dram,1772728131.853488,7.1745,135.45548796653748
native_dram,1772728131.966595,7.1745,135.56859493255615
native_dram,1772728132.06689,7.1745,135.66888999938965
native_dram,1772728132.19195,7.1745,135.79395008087158
native_dram,1772728132.331496,7.1745,135.93349599838257
native_dram,1772728132.437073,7.1745,136.03907299041748
native_dram,1772728132.559314,7.1745,136.16131401062012
native_dram,1772728132.677748,7.1745,136.27974796295166
native_dram,1772728132.793803,7.1745,136.39580297470093
native_dram,1772728132.912601,7.1745,136.51460099220276
native_dram,1772728133.046771,7.1745,136.64877104759216
native_dram,1772728133.164761,7.1745,136.76676106452942
native_dram,1772728133.283687,7.1745,136.88568711280823
native_dram,1772728133.403328,7.1745,137.00532793998718
native_dram,1772728133.521636,7.1745,137.12363600730896
native_dram,1772728133.638096,7.1745,137.24009609222412
native_dram,1772728133.815742,7.1745,137.41774201393127
native_dram,1772728133.919213,7.1745,137.52121305465698
native_dram,1772728134.037885,7.1745,137.63988494873047
native_dram,1772728134.156496,7.1745,137.75849604606628
native_dram,1772728134.273712,7.1745,137.8757119178772
native_dram,1772728134.393679,7.1745,137.99567890167236
native_dram,1772728134.513137,7.1745,138.11513710021973
native_dram,1772728134.88255,7.1745,138.48454999923706
native_dram,1772728135.007259,7.1745,138.60925889015198
native_dram,1772728135.111442,7.1745,138.71344208717346
native_dram,1772728135.232054,7.1745,138.8340539932251
native_dram,1772728135.350333,7.1745,138.95233297348022
native_dram,1772728135.469357,7.1745,139.07135701179504
native_dram,1772728135.602938,7.1745,139.2049379348755
native_dram,1772728135.721287,7.1745,139.32328701019287
native_dram,1772728135.840848,7.1745,139.44284796714783
native_dram,1772728135.957926,7.1745,139.55992603302002
native_dram,1772728136.089603,7.1745,139.69160294532776
native_dram,1772728136.214698,7.1745,139.81669807434082
native_dram,1772728136.363498,7.1745,139.96549797058105
native_dram,1772728136.475305,7.1745,140.07730507850647
native_dram,1772728136.576797,7.1745,140.17879700660706
native_dram,1772728136.69513,7.1745,140.29713010787964
native_dram,1772728136.833739,7.1745,140.43573904037476
native_dram,1772728136.97032,7.1745,140.57231998443604
native_dram,1772728137.085949,7.1745,140.68794894218445
native_dram,1772728137.20775,7.1745,140.80975008010864
native_dram,1772728137.327674,7.1745,140.929673910141
native_dram,1772728137.443716,7.1745,141.045716047287
native_dram,1772728137.560073,7.1745,141.1620728969574
native_dram,1772728137.678514,7.1745,141.2805140018463
native_dram,1772728137.814697,7.1745,141.41669702529907
native_dram,1772728137.916961,7.1745,141.5189609527588
native_dram,1772728138.034693,7.1745,141.63669300079346
native_dram,1772728138.152021,7.1745,141.75402092933655
native_dram,1772728138.7607,7.1745,142.36269998550415
native_dram,1772728138.887102,7.1745,142.48910188674927
native_dram,1772728139.005366,7.1745,142.6073660850525
native_dram,1772728139.121587,7.1745,142.7235870361328
native_dram,1772728139.23963,7.1745,142.84162998199463
native_dram,1772728139.376018,7.1745,142.97801804542542
native_dram,1772728139.476715,7.1745,143.07871508598328
native_dram,1772728139.596549,7.1745,143.1985490322113
native_dram,1772728139.715273,7.1745,143.31727290153503
native_dram,1772728139.834651,7.1745,143.43665099143982
native_dram,1772728139.953062,7.1745,143.55506205558777
native_dram,1772728140.072615,7.1745,143.67461490631104
native_dram,1772728140.191876,7.1745,143.79387593269348
native_dram,1772728140.328012,7.1745,143.93001198768616
native_dram,1772728140.433284,7.1745,144.0352840423584
native_dram,1772728140.551115,7.1745,144.1531150341034
native_dram,1772728140.669055,7.1745,144.27105498313904
native_dram,1772728140.806012,7.1745,144.40801191329956
native_dram,1772728140.924018,7.1745,144.52601790428162
native_dram,1772728141.041017,7.1745,144.64301705360413
native_dram,1772728141.164168,7.1745,144.76616787910461
native_dram,1772728141.332502,7.1745,144.9345018863678
native_dram,1772728141.451426,7.1745,145.05342602729797
native_dram,1772728141.558528,7.1745,145.16052794456482
native_dram,1772728141.678665,7.1745,145.28066492080688
native_dram,1772728141.797695,7.1745,145.39969491958618
native_dram,1772728141.915318,7.1745,145.5173180103302
native_dram,1772728142.046284,7.1745,145.64828395843506
native_dram,1772728142.424634,7.1745,146.02663397789001
native_dram,1772728142.525682,7.1745,146.1276819705963
native_dram,1772728142.644844,7.1745,146.24684405326843
native_dram,1772728142.764706,7.1745,146.36670589447021
native_dram,1772728142.885737,7.1745,146.4877369403839
native_dram,1772728143.004729,7.1745,146.60672903060913
native_dram,1772728143.124181,7.1745,146.72618103027344
native_dram,1772728143.256647,7.1745,146.858647108078
native_dram,1772728143.389658,7.1745,146.99165797233582
native_dram,1772728143.507563,7.1745,147.1095631122589
native_dram,1772728143.628265,7.1745,147.23026490211487
native_dram,1772728143.746581,7.1745,147.34858107566833
native_dram,1772728143.865475,7.1745,147.46747493743896
native_dram,1772728143.983638,7.1745,147.58563804626465
native_dram,1772728144.101175,7.1745,147.7031750679016
native_dram,1772728144.219573,7.1745,147.8215730190277
native_dram,1772728144.336443,7.1745,147.93844294548035
native_dram,1772728144.455116,7.1745,148.05711603164673
native_dram,1772728144.573921,7.1745,148.17592096328735
native_dram,1772728144.691827,7.1745,148.29382705688477
native_dram,1772728144.81189,7.1745,148.41388988494873
native_dram,1772728144.931625,7.1745,148.53362488746643
native_dram,1772728145.050774,7.1745,148.65277409553528
native_dram,1772728145.167201,7.1745,148.76920104026794
native_dram,1772728145.286571,7.1745,148.88857102394104
native_dram,1772728145.847788,7.1745,149.4497880935669
native_dram,1772728145.971216,7.1745,149.5732159614563
native_dram,1772728146.090325,7.1745,149.69232511520386
native_dram,1772728146.212659,7.1745,149.81465888023376
native_dram,1772728146.330032,7.1745,149.93203210830688
native_dram,1772728146.448032,7.1745,150.05003190040588
native_dram,1772728146.568111,7.1745,150.17011094093323
native_dram,1772728146.687238,7.1745,150.28923797607422
native_dram,1772728146.805437,7.1745,150.40743708610535
native_dram,1772728146.925757,7.1745,150.52775692939758
native_dram,1772728147.04442,7.1745,150.64642000198364
native_dram,1772728147.165559,7.1745,150.76755905151367
native_dram,1772728147.29683,7.1745,150.8988299369812
native_dram,1772728147.431159,7.1745,151.03315901756287
native_dram,1772728147.550301,7.1745,151.15230107307434
native_dram,1772728147.670121,7.1745,151.2721209526062
native_dram,1772728147.788108,7.1745,151.3901081085205
native_dram,1772728147.906399,7.1745,151.5083990097046
native_dram,1772728148.041962,7.1745,151.6439619064331
native_dram,1772728148.19128,7.1745,151.79327988624573
native_dram,1772728148.295098,7.1745,151.8970980644226
native_dram,1772728148.396495,7.1745,151.9984951019287
native_dram,1772728148.517235,7.1745,152.11923503875732
native_dram,1772728148.633306,7.1745,152.2353060245514
native_dram,1772728148.752608,7.1745,152.35460805892944
native_dram,1772728148.870464,7.1745,152.47246408462524
native_dram,1772728148.99198,7.1745,152.59398007392883
native_dram,1772728149.410559,7.1745,153.01255893707275
native_dram,1772728149.512396,7.1745,153.11439609527588
native_dram,1772728149.617816,7.1745,153.21981596946716
native_dram,1772728149.729147,7.1745,153.3311469554901
native_dram,1772728149.847564,7.1745,153.44956398010254
native_dram,1772728149.967616,7.1745,153.56961607933044
native_dram,1772728150.087279,7.1745,153.68927907943726
native_dram,1772728150.205792,7.1745,153.80779194831848
native_dram,1772728150.324793,7.1745,153.9267930984497
native_dram,1772728150.444001,7.1745,154.046000957489
native_dram,1772728150.562941,7.1745,154.164941072464
native_dram,1772728150.680514,7.1745,154.2825140953064
native_dram,1772728150.825034,7.1745,154.4270339012146
native_dram,1772728150.982243,7.1745,154.58424305915833
native_dram,1772728151.093144,7.1745,154.69514393806458
native_dram,1772728151.198558,7.1745,154.80055809020996
native_dram,1772728151.31259,7.1745,154.91458988189697
native_dram,1772728151.450361,7.1745,155.05236101150513
native_dram,1772728151.551337,7.1745,155.15333700180054
native_dram,1772728151.687692,7.1745,155.28969192504883
native_dram,1772728151.806171,7.1745,155.40817093849182
native_dram,1772728151.925718,7.1745,155.5277180671692
native_dram,1772728152.04897,7.1745,155.65096998214722
native_dram,1772728152.200998,7.1745,155.8029980659485
native_dram,1772728152.307053,7.1745,155.9090530872345
native_dram,1772728152.612846,7.1745,156.2148458957672
native_dram,1772728152.73189,7.1745,156.33388996124268
native_dram,1772728152.851036,7.1745,156.45303606987
native_dram,1772728152.969454,7.1745,156.57145404815674
native_dram,1772728153.091442,7.1745,156.69344210624695
native_dram,1772728153.20979,7.1745,156.81178998947144
native_dram,1772728153.329425,7.1745,156.9314250946045
native_dram,1772728153.449252,7.1745,157.05125188827515
native_dram,1772728153.57063,7.1745,157.17263007164001
native_dram,1772728153.688551,7.1745,157.29055094718933
native_dram,1772728153.807554,7.1745,157.4095540046692
native_dram,1772728153.93514,7.1745,157.53713989257812
native_dram,1772728154.053989,7.1745,157.65598893165588
native_dram,1772728154.175777,7.1745,157.77777695655823
native_dram,1772728154.293519,7.1745,157.89551901817322
native_dram,1772728154.412264,7.1745,158.0142641067505
native_dram,1772728154.533828,7.1745,158.13582801818848
native_dram,1772728154.669447,7.1745,158.27144694328308
native_dram,1772728154.80532,7.1745,158.407320022583
native_dram,1772728154.926589,7.1745,158.52858901023865
native_dram,1772728155.030585,7.1745,158.63258504867554
native_dram,1772728155.149961,7.1745,158.7519609928131
native_dram,1772728155.283968,7.1745,158.8859679698944
native_dram,1772728155.417711,7.1745,159.01971101760864
native_dram,1772728155.537261,7.1745,159.13926100730896
native_dram,1772728155.666938,7.1745,159.2689380645752
native_dram,1772728155.974653,7.1745,159.57665300369263
native_dram,1772728156.093794,7.1745,159.69579410552979
native_dram,1772728156.212883,7.1745,159.81488299369812
native_dram,1772728156.331765,7.1745,159.9337649345398
native_dram,1772728156.453022,7.1745,160.05502200126648
native_dram,1772728156.572039,7.1745,160.17403888702393
native_dram,1772728156.691589,7.1745,160.29358911514282
native_dram,1772728156.830517,7.1745,160.43251705169678
native_dram,1772728156.948235,7.1745,160.55023503303528
native_dram,1772728157.071018,7.1745,160.6730179786682
native_dram,1772728157.190532,7.1745,160.7925319671631
native_dram,1772728157.313138,7.1745,160.91513800621033
native_dram,1772728157.45216,7.1745,161.05415987968445
native_dram,1772728157.571446,7.1745,161.1734459400177
native_dram,1772728157.69177,7.1745,161.29377007484436
native_dram,1772728157.810643,7.1745,161.41264295578003
native_dram,1772728157.930758,7.1745,161.53275799751282
native_dram,1772728158.049913,7.1745,161.65191292762756
native_dram,1772728158.187315,7.1745,161.78931498527527
native_dram,1772728158.306178,7.1745,161.9081780910492
native_dram,1772728158.440598,7.1745,162.0425980091095
native_dram,1772728158.55945,7.1745,162.1614499092102
native_dram,1772728158.679704,7.1745,162.2817039489746
native_dram,1772728158.798785,7.1745,162.40078496932983
native_dram,1772728159.151042,7.1745,162.75304198265076
native_dram,1772728159.271535,7.1745,162.87353491783142
native_dram,1772728159.390875,7.1745,162.99287509918213
native_dram,1772728159.510431,7.1745,163.11243104934692
native_dram,1772728159.63009,7.1745,163.2320899963379
native_dram,1772728159.750251,7.1745,163.35225105285645
native_dram,1772728159.909045,7.1745,163.51104497909546
native_dram,1772728160.026986,7.1745,163.62898588180542
native_dram,1772728160.127793,7.1745,163.72979307174683
native_dram,1772728160.247457,7.1745,163.84945702552795
native_dram,1772728160.366199,7.1745,163.9681990146637
native_dram,1772728160.486009,7.1745,164.08800888061523
native_dram,1772728160.605694,7.1745,164.2076940536499
native_dram,1772728160.724001,7.1745,164.32600092887878
native_dram,1772728160.844185,7.1745,164.4461851119995
native_dram,1772728160.96364,7.1745,164.56563997268677
native_dram,1772728161.083644,7.1745,164.6856439113617
native_dram,1772728161.204968,7.1745,164.8069679737091
native_dram,1772728161.383482,7.1745,164.98548197746277
native_dram,1772728161.490544,7.1745,165.0925440788269
native_dram,1772728161.60876,7.1745,165.21076011657715
native_dram,1772728161.714649,7.1745,165.31664896011353
native_dram,1772728161.838758,7.1745,165.44075798988342
native_dram,1772728161.982686,7.1745,165.5846860408783
native_dram,1772728162.31149,7.1745,165.91349005699158
native_dram,1772728162.448875,7.1745,166.0508749485016
native_dram,1772728162.569008,7.1745,166.1710081100464
native_dram,1772728162.689033,7.1745,166.29103302955627
native_dram,1772728162.808524,7.1745,166.41052389144897
native_dram,1772728162.927907,7.1745,166.52990698814392
native_dram,1772728163.04747,7.1745,166.6494700908661
native_dram,1772728163.166007,7.1745,166.7680070400238
native_dram,1772728163.288098,7.1745,166.89009809494019
native_dram,1772728163.408398,7.1745,167.01039791107178
native_dram,1772728163.528799,7.1745,167.1307990550995
native_dram,1772728163.657709,7.1745,167.25970888137817
native_dram,1772728163.784535,7.1745,167.3865349292755
native_dram,1772728163.905273,7.1745,167.5072729587555
native_dram,1772728164.057966,7.1745,167.65996599197388
native_dram,1772728164.176351,7.1745,167.7783510684967
native_dram,1772728164.296091,7.1745,167.89809107780457
native_dram,1772728164.41954,7.1745,168.02153992652893
native_dram,1772728164.536795,7.1745,168.13879489898682
native_dram,1772728164.657761,7.1745,168.259761095047
native_dram,1772728164.789027,7.1745,168.39102697372437
native_dram,1772728164.905534,7.1745,168.5075340270996
native_dram,1772728165.251517,7.1745,168.85351705551147
native_dram,1772728165.368764,7.1745,168.97076392173767
native_dram,1772728165.509145,7.1745,169.11114501953125
native_dram,1772728165.629949,7.1745,169.23194909095764
native_dram,1772728165.748775,7.1745,169.35077500343323
native_dram,1772728165.868525,7.1745,169.4705250263214
native_dram,1772728165.987847,7.1745,169.5898470878601
native_dram,1772728166.109353,7.1745,169.71135306358337
native_dram,1772728166.231194,7.1745,169.83319401741028
native_dram,1772728166.350646,7.1745,169.95264601707458
native_dram,1772728166.470089,7.1745,170.07208895683289
native_dram,1772728166.59877,7.1745,170.20076990127563
native_dram,1772728166.717398,7.1745,170.31939792633057
native_dram,1772728166.836491,7.1745,170.43849110603333
native_dram,1772728166.957029,7.1745,170.55902910232544
native_dram,1772728167.076983,7.1745,170.67898297309875
native_dram,1772728167.202564,7.1745,170.80456399917603
native_dram,1772728167.321685,7.1745,170.92368507385254
native_dram,1772728167.440781,7.1745,171.04278111457825
native_dram,1772728167.566347,7.1745,171.16834688186646
native_dram,1772728167.846677,7.1745,171.44867706298828
native_dram,1772728167.965178,7.1745,171.56717801094055
native_dram,1772728168.084182,7.1745,171.68618202209473
native_dram,1772728168.209139,7.1745,171.8111391067505
native_dram,1772728168.351328,7.1745,171.95332789421082
native_dram,1772728168.460587,7.1745,172.06258702278137
native_dram,1772728168.577468,7.1745,172.17946791648865
native_dram,1772728168.709533,7.1745,172.31153297424316
native_dram,1772728168.846656,7.1745,172.44865608215332
native_dram,1772728168.989452,7.1745,172.59145188331604
native_dram,1772728169.137221,7.1745,172.73922109603882
native_dram,1772728169.250778,7.1745,172.85277795791626
native_dram,1772728169.353745,7.1745,172.95574498176575
native_dram,1772728169.472735,7.1745,173.07473492622375
native_dram,1772728169.591651,7.1745,173.19365096092224
native_dram,1772728169.740986,7.1745,173.34298610687256
native_dram,1772728169.852905,7.1745,173.45490503311157
native_dram,1772728169.971318,7.1745,173.57331800460815
native_dram,1772728170.092209,7.1745,173.69420909881592
native_dram,1772728170.225168,7.1745,173.8271679878235
native_dram,1772728170.359609,7.1745,173.96160888671875
native_dram,1772728170.70854,7.1745,174.3105399608612
native_dram,1772728170.810428,7.1745,174.41242790222168
native_dram,1772728170.917395,7.1745,174.51939511299133
native_dram,1772728171.038996,7.1745,174.64099597930908
native_dram,1772728171.158082,7.1745,174.76008200645447
native_dram,1772728171.274625,7.1745,174.87662506103516
native_dram,1772728171.395163,7.1745,174.99716305732727
native_dram,1772728171.518211,7.1745,175.1202108860016
native_dram,1772728171.639872,7.1745,175.24187207221985
native_dram,1772728171.767638,7.1745,175.369637966156
native_dram,1772728171.888737,7.1745,175.49073696136475
native_dram,1772728172.008317,7.1745,175.61031699180603
native_dram,1772728172.128126,7.1745,175.73012590408325
native_dram,1772728172.248066,7.1745,175.85006594657898
native_dram,1772728172.368946,7.1745,175.9709460735321
native_dram,1772728172.488784,7.1745,176.09078407287598
native_dram,1772728172.607503,7.1745,176.20950293540955
native_dram,1772728172.75991,7.1745,176.3619101047516
native_dram,1772728172.873145,7.1745,176.47514510154724
native_dram,1772728172.985723,7.1745,176.5877230167389
native_dram,1772728173.107364,7.1745,176.70936393737793
native_dram,1772728173.599589,7.1745,177.20158910751343
native_dram,1772728173.700467,7.1745,177.30246710777283
native_dram,1772728173.801311,7.1745,177.40331101417542
native_dram,1772728173.901955,7.1745,177.50395488739014
native_dram,1772728174.006107,7.1745,177.60810708999634
native_dram,1772728174.127658,7.1745,177.72965788841248
native_dram,1772728174.231247,7.1745,177.83324694633484
native_dram,1772728174.362923,7.1745,177.96492290496826
native_dram,1772728174.482836,7.1745,178.08483600616455
native_dram,1772728174.603242,7.1745,178.20524191856384
native_dram,1772728174.752866,7.1745,178.35486602783203
native_dram,1772728174.857256,7.1745,178.4592559337616
native_dram,1772728174.977684,7.1745,178.57968401908875
native_dram,1772728175.107754,7.1745,178.70975399017334
native_dram,1772728175.24277,7.1745,178.8447699546814
native_dram,1772728175.359636,7.1745,178.96163606643677
native_dram,1772728175.496998,7.1745,179.09899806976318
native_dram,1772728175.613614,7.1745,179.21561408042908
native_dram,1772728175.753277,7.1745,179.3552770614624
native_dram,1772728175.873144,7.1745,179.47514390945435
native_dram,1772728175.993248,7.1745,179.5952479839325
native_dram,1772728176.390831,7.1745,179.992830991745
native_dram,1772728176.501902,7.1745,180.10390210151672
native_dram,1772728176.608931,7.1745,180.21093106269836
native_dram,1772728176.727175,7.1745,180.32917499542236
native_dram,1772728176.848148,7.1745,180.45014810562134
native_dram,1772728176.968274,7.1745,180.57027411460876
native_dram,1772728177.088139,7.1745,180.69013905525208
native_dram,1772728177.208414,7.1745,180.81041407585144
native_dram,1772728177.331112,7.1745,180.93311190605164
native_dram,1772728177.478333,7.1745,181.08033299446106
native_dram,1772728177.586816,7.1745,181.18881607055664
native_dram,1772728177.707941,7.1745,181.3099410533905
native_dram,1772728177.827012,7.1745,181.4290120601654
native_dram,1772728177.946141,7.1745,181.54814100265503
native_dram,1772728178.067642,7.1745,181.66964197158813
native_dram,1772728178.185733,7.1745,181.78773307800293
native_dram,1772728178.307235,7.1745,181.90923500061035
native_dram,1772728178.427024,7.1745,182.02902388572693
native_dram,1772728178.546063,7.1745,182.14806294441223
native_dram,1772728178.666339,7.1745,182.2683389186859
native_dram,1772728178.800785,7.1745,182.40278506278992
native_dram,1772728179.181486,7.1745,182.78348588943481
native_dram,1772728179.318708,7.1745,182.9207079410553
native_dram,1772728179.426321,7.1745,183.02832102775574
native_dram,1772728179.549155,7.1745,183.1511549949646
native_dram,1772728179.671172,7.1745,183.27317190170288
native_dram,1772728179.821452,7.1745,183.42345190048218
native_dram,1772728179.930545,7.1745,183.53254508972168
native_dram,1772728180.03398,7.1745,183.63597989082336
native_dram,1772728180.155656,7.1745,183.7576560974121
native_dram,1772728180.275883,7.1745,183.8778829574585
native_dram,1772728180.396688,7.1745,183.9986879825592
native_dram,1772728180.517027,7.1745,184.11902689933777
native_dram,1772728180.637839,7.1745,184.23983907699585
native_dram,1772728180.760629,7.1745,184.36262893676758
native_dram,1772728180.931297,7.1745,184.53329706192017
native_dram,1772728181.031552,7.1745,184.63355207443237
native_dram,1772728181.157991,7.1745,184.75999093055725
native_dram,1772728181.276778,7.1745,184.87877798080444
native_dram,1772728181.398561,7.1745,185.00056099891663
native_dram,1772728181.517668,7.1745,185.11966800689697
native_dram,1772728181.638343,7.1745,185.24034309387207
native_dram,1772728181.994441,7.1745,185.59644103050232
native_dram,1772728182.122165,7.1745,185.72416496276855
native_dram,1772728182.243737,7.1745,185.84573698043823
native_dram,1772728182.365099,7.1745,185.96709895133972
native_dram,1772728182.485349,7.1745,186.08734893798828
native_dram,1772728182.621127,7.1745,186.22312688827515
native_dram,1772728182.740347,7.1745,186.342346906662
native_dram,1772728182.862964,7.1745,186.46496391296387
native_dram,1772728182.983948,7.1745,186.58594799041748
native_dram,1772728183.105022,7.1745,186.70702195167542
native_dram,1772728183.224294,7.1745,186.8262939453125
native_dram,1772728183.348864,7.1745,186.95086407661438
native_dram,1772728183.471969,7.1745,187.0739688873291
native_dram,1772728183.593507,7.1745,187.19550704956055
native_dram,1772728183.716036,7.1745,187.31803607940674
native_dram,1772728183.837944,7.1745,187.43994402885437
native_dram,1772728183.959285,7.1745,187.5612850189209
native_dram,1772728184.09678,7.1745,187.69878005981445
native_dram,1772728184.219477,7.1745,187.82147693634033
native_dram,1772728184.345559,7.1745,187.9475588798523
native_dram,1772728184.714362,7.1745,188.3163619041443
native_dram,1772728184.824325,7.1745,188.42632508277893
native_dram,1772728184.930408,7.1745,188.5324079990387
native_dram,1772728185.064336,7.1745,188.6663360595703
native_dram,1772728185.17739,7.1745,188.77939009666443
native_dram,1772728185.296979,7.1745,188.89897894859314
native_dram,1772728185.418404,7.1745,189.0204041004181
native_dram,1772728185.539782,7.1745,189.14178204536438
native_dram,1772728185.658418,7.1745,189.26041793823242
native_dram,1772728185.781419,7.1745,189.38341903686523
native_dram,1772728185.902681,7.1745,189.50468111038208
native_dram,1772728186.024188,7.1745,189.62618803977966
native_dram,1772728186.180233,7.1745,189.78223299980164
native_dram,1772728186.319198,7.1745,189.92119789123535
native_dram,1772728186.442682,7.1745,190.04468202590942
native_dram,1772728186.562226,7.1745,190.16422605514526
native_dram,1772728186.683464,7.1745,190.28546404838562
native_dram,1772728186.804519,7.1745,190.40651893615723
native_dram,1772728187.167543,7.1745,190.76954293251038
native_dram,1772728187.275629,7.1745,190.87762904167175
native_dram,1772728187.379036,7.1745,190.98103594779968
native_dram,1772728187.500489,7.1745,191.1024889945984
native_dram,1772728187.620368,7.1745,191.22236800193787
native_dram,1772728187.742208,7.1745,191.34420800209045
native_dram,1772728187.877216,7.1745,191.4792160987854
native_dram,1772728187.99921,7.1745,191.6012098789215
native_dram,1772728188.120466,7.1745,191.72246599197388
native_dram,1772728188.244398,7.1745,191.84639811515808
native_dram,1772728188.363921,7.1745,191.96592092514038
native_dram,1772728188.508124,7.1745,192.11012411117554
native_dram,1772728188.62913,7.1745,192.23112988471985
native_dram,1772728188.750307,7.1745,192.35230708122253
native_dram,1772728188.873866,7.1745,192.47586607933044
native_dram,1772728188.994602,7.1745,192.5966019630432
native_dram,1772728189.16065,7.1745,192.76265001296997
native_dram,1772728189.597541,7.1745,193.19954109191895
native_dram,1772728189.722066,7.1745,193.3240659236908
native_dram,1772728189.842244,7.1745,193.44424390792847
native_dram,1772728189.964043,7.1745,193.56604290008545
native_dram,1772728190.085355,7.1745,193.6873550415039
native_dram,1772728190.20565,7.1745,193.80765008926392
native_dram,1772728190.327661,7.1745,193.92966103553772
native_dram,1772728190.455961,7.1745,194.05796098709106
native_dram,1772728190.578001,7.1745,194.18000102043152
native_dram,1772728190.699324,7.1745,194.30132389068604
native_dram,1772728190.820256,7.1745,194.4222559928894
native_dram,1772728190.945201,7.1745,194.54720091819763
native_dram,1772728191.063617,7.1745,194.66561698913574
native_dram,1772728191.185917,7.1745,194.78791689872742
native_dram,1772728191.306482,7.1745,194.90848207473755
native_dram,1772728191.44509,7.1745,195.04709005355835
native_dram,1772728191.579955,7.1745,195.18195509910583
native_dram,1772728191.712357,7.1745,195.31435704231262
native_dram,1772728192.126249,7.1745,195.72824907302856
native_dram,1772728192.226336,7.1745,195.8283360004425
native_dram,1772728192.346673,7.1745,195.94867300987244
native_dram,1772728192.466811,7.1745,196.06881093978882
native_dram,1772728192.59014,7.1745,196.19214010238647
native_dram,1772728192.713052,7.1745,196.3150520324707
native_dram,1772728192.834319,7.1745,196.4363191127777
native_dram,1772728192.959698,7.1745,196.5616979598999
native_dram,1772728193.081743,7.1745,196.68374300003052
native_dram,1772728193.201759,7.1745,196.80375909805298
native_dram,1772728193.327864,7.1745,196.92986392974854
native_dram,1772728193.466658,7.1745,197.06865811347961
native_dram,1772728193.574269,7.1745,197.17626905441284
native_dram,1772728193.710132,7.1745,197.31213188171387
native_dram,1772728193.831286,7.1745,197.43328595161438
native_dram,1772728194.00359,7.1745,197.60559010505676
native_dram,1772728194.11495,7.1745,197.71694993972778
native_dram,1772728194.2197,7.1745,197.82170009613037
native_dram,1772728194.34153,7.1745,197.94353008270264
native_dram,1772728194.655278,7.1745,198.25727796554565
native_dram,1772728194.777482,7.1745,198.37948203086853
native_dram,1772728194.899258,7.1745,198.50125789642334
native_dram,1772728195.020794,7.1745,198.62279391288757
native_dram,1772728195.141334,7.1745,198.7433340549469
native_dram,1772728195.292281,7.1745,198.89428091049194
native_dram,1772728195.404323,7.1745,199.00632309913635
native_dram,1772728195.505809,7.1745,199.10780906677246
native_dram,1772728195.62809,7.1745,199.2300899028778
native_dram,1772728195.76594,7.1745,199.36793994903564
native_dram,1772728195.890931,7.1745,199.49293088912964
native_dram,1772728196.012695,7.1745,199.61469507217407
native_dram,1772728196.135769,7.1745,199.7377688884735
native_dram,1772728196.259803,7.1745,199.86180305480957
native_dram,1772728196.381237,7.1745,199.98323702812195
native_dram,1772728196.50275,7.1745,200.104749917984
native_dram,1772728196.642048,7.1745,200.24404788017273
native_dram,1772728196.765129,7.1745,200.36712908744812
native_dram,1772728196.893257,7.1745,200.49525690078735
native_dram,1772728197.200009,7.1745,200.80200910568237
native_dram,1772728197.316886,7.1745,200.9188859462738
native_dram,1772728197.452629,7.1745,201.05462908744812
native_dram,1772728197.574426,7.1745,201.1764259338379
native_dram,1772728197.694692,7.1745,201.29669189453125
native_dram,1772728197.818279,7.1745,201.4202790260315
native_dram,1772728197.939411,7.1745,201.54141092300415
native_dram,1772728198.062793,7.1745,201.66479301452637
native_dram,1772728198.184153,7.1745,201.78615307807922
native_dram,1772728198.304634,7.1745,201.90663409233093
native_dram,1772728198.426671,7.1745,202.02867102622986
native_dram,1772728198.547304,7.1745,202.14930391311646
native_dram,1772728198.670869,7.1745,202.27286911010742
native_dram,1772728198.789374,7.1745,202.39137411117554
native_dram,1772728198.911528,7.1745,202.5135281085968
native_dram,1772728199.033595,7.1745,202.6355950832367
native_dram,1772728199.155242,7.1745,202.7572419643402
native_dram,1772728199.277004,7.1745,202.87900400161743
native_dram,1772728199.404361,7.1745,203.00636100769043
native_dram,1772728199.866918,7.1745,203.46891808509827
native_dram,1772728199.993328,7.1745,203.59532809257507
native_dram,1772728200.114043,7.1745,203.71604299545288
native_dram,1772728200.234921,7.1745,203.8369209766388
native_dram,1772728200.356855,7.1745,203.95885491371155
native_dram,1772728200.477643,7.1745,204.07964301109314
native_dram,1772728200.59939,7.1745,204.20139002799988
native_dram,1772728200.720747,7.1745,204.3227469921112
native_dram,1772728200.842887,7.1745,204.4448869228363
native_dram,1772728200.964602,7.1745,204.56660199165344
native_dram,1772728201.086092,7.1745,204.6880919933319
native_dram,1772728201.207277,7.1745,204.8092770576477
native_dram,1772728201.328763,7.1745,204.93076300621033
native_dram,1772728201.450525,7.1745,205.05252504348755
native_dram,1772728201.572161,7.1745,205.17416095733643
native_dram,1772728201.693004,7.1745,205.2950038909912
native_dram,1772728201.816064,7.1745,205.41806387901306
native_dram,1772728201.957637,7.1745,205.55963706970215
native_dram,1772728202.077845,7.1745,205.6798450946808
native_dram,1772728202.417354,7.1745,206.01935410499573
native_dram,1772728202.540369,7.1745,206.14236903190613
native_dram,1772728202.663081,7.1745,206.2650809288025
native_dram,1772728202.783182,7.1745,206.3851819038391
native_dram,1772728202.904749,7.1745,206.50674891471863
native_dram,1772728203.055791,7.1745,206.65779089927673
native_dram,1772728203.175808,7.1745,206.7778079509735
native_dram,1772728203.303746,7.1745,206.90574598312378
native_dram,1772728203.411605,7.1745,207.01360487937927
native_dram,1772728203.530233,7.1745,207.1322329044342
native_dram,1772728203.653361,7.1745,207.25536108016968
native_dram,1772728203.774593,7.1745,207.37659311294556
native_dram,1772728203.897579,7.1745,207.4995789527893
native_dram,1772728204.032334,7.1745,207.63433408737183
native_dram,1772728204.190782,7.1745,207.79278206825256
native_dram,1772728204.342384,7.1745,207.94438409805298
native_dram,1772728204.44971,7.1745,208.0517098903656
native_dram,1772728204.550427,7.1745,208.1524269580841
native_dram,1772728204.671065,7.1745,208.27306509017944
native_dram,1772728205.1658,7.1745,208.76780009269714
native_dram,1772728205.28124,7.1745,208.88323998451233
native_dram,1772728205.403398,7.1745,209.00539803504944
native_dram,1772728205.524396,7.1745,209.12639594078064
native_dram,1772728205.647019,7.1745,209.249018907547
native_dram,1772728205.769398,7.1745,209.37139797210693
native_dram,1772728205.889455,7.1745,209.491455078125
native_dram,1772728206.011791,7.1745,209.61379098892212
native_dram,1772728206.132591,7.1745,209.73459100723267
native_dram,1772728206.254923,7.1745,209.85692310333252
native_dram,1772728206.377833,7.1745,209.97983288764954
native_dram,1772728206.521194,7.1745,210.1231939792633
native_dram,1772728206.642971,7.1745,210.244971036911
native_dram,1772728206.763585,7.1745,210.36558508872986
native_dram,1772728206.899092,7.1745,210.50109195709229
native_dram,1772728207.022494,7.1745,210.62449407577515
native_dram,1772728207.145153,7.1745,210.74715304374695
native_dram,1772728207.266682,7.1745,210.8686819076538
native_dram,1772728207.618405,7.1745,211.22040510177612
native_dram,1772728207.732355,7.1745,211.3343551158905
native_dram,1772728207.838295,7.1745,211.4402949810028
native_dram,1772728207.966819,7.1745,211.5688190460205
native_dram,1772728208.090189,7.1745,211.6921889781952
native_dram,1772728208.212746,7.1745,211.81474590301514
native_dram,1772728208.33602,7.1745,211.93801999092102
native_dram,1772728208.457508,7.1745,212.05950808525085
native_dram,1772728208.597966,7.1745,212.1999659538269
native_dram,1772728208.702403,7.1745,212.30440306663513
native_dram,1772728208.825618,7.1745,212.4276180267334
native_dram,1772728208.945277,7.1745,212.54727697372437
native_dram,1772728209.068276,7.1745,212.67027592658997
native_dram,1772728209.191641,7.1745,212.79364109039307
native_dram,1772728209.314826,7.1745,212.91682600975037
native_dram,1772728209.437024,7.1745,213.03902411460876
native_dram,1772728209.558721,7.1745,213.1607210636139
native_dram,1772728209.680723,7.1745,213.2827229499817
native_dram,1772728210.076293,7.1745,213.67829298973083
native_dram,1772728210.203888,7.1745,213.80588793754578
native_dram,1772728210.309795,7.1745,213.91179490089417
native_dram,1772728210.431046,7.1745,214.03304600715637
native_dram,1772728210.554786,7.1745,214.15678596496582
native_dram,1772728210.676312,7.1745,214.27831196784973
native_dram,1772728210.799367,7.1745,214.40136694908142
native_dram,1772728210.929074,7.1745,214.53107404708862
native_dram,1772728211.064558,7.1745,214.66655802726746
native_dram,1772728211.193879,7.1745,214.7958788871765
native_dram,1772728211.337982,7.1745,214.93998193740845
native_dram,1772728211.452772,7.1745,215.054771900177
native_dram,1772728211.575806,7.1745,215.17780590057373
native_dram,1772728211.697799,7.1745,215.2997989654541
native_dram,1772728211.877635,7.1745,215.47963500022888
native_dram,1772728211.978642,7.1745,215.58064198493958
native_dram,1772728212.096063,7.1745,215.69806289672852
native_dram,1772728212.206549,7.1745,215.80854892730713
native_dram,1772728212.527399,7.1745,216.129399061203
native_dram,1772728212.641589,7.1745,216.24358892440796
native_dram,1772728212.768427,7.1745,216.37042689323425
native_dram,1772728212.890091,7.1745,216.49209094047546
native_dram,1772728213.013758,7.1745,216.6157579421997
native_dram,1772728213.159034,7.1745,216.76103401184082
native_dram,1772728213.259471,7.1745,216.86147093772888
native_dram,1772728213.396829,7.1745,216.99882888793945
native_dram,1772728213.517329,7.1745,217.1193289756775
native_dram,1772728213.637977,7.1745,217.23997688293457
native_dram,1772728213.795725,7.1745,217.39772510528564
native_dram,1772728213.918305,7.1745,217.52030491828918
native_dram,1772728214.046028,7.1745,217.6480278968811
native_dram,1772728214.179545,7.1745,217.78154492378235
native_dram,1772728214.303734,7.1745,217.90573406219482
native_dram,1772728214.425107,7.1745,218.02710700035095
native_dram,1772728214.730423,7.1745,218.33242297172546
native_dram,1772728214.852217,7.1745,218.45421695709229
native_dram,1772728215.025776,7.1745,218.62777590751648
native_dram,1772728215.133524,7.1745,218.7355239391327
native_dram,1772728215.241302,7.1745,218.84330201148987
native_dram,1772728215.366115,7.1745,218.96811509132385
native_dram,1772728215.486956,7.1745,219.08895587921143
native_dram,1772728215.608554,7.1745,219.21055388450623
native_dram,1772728215.744252,7.1745,219.3462519645691
native_dram,1772728215.865823,7.1745,219.46782302856445
native_dram,1772728215.987971,7.1745,219.58997106552124
native_dram,1772728216.122936,7.1745,219.72493600845337
native_dram,1772728216.258782,7.1745,219.86078190803528
native_dram,1772728216.382813,7.1745,219.9848129749298
native_dram,1772728216.505677,7.1745,220.10767698287964
native_dram,1772728216.631023,7.1745,220.23302292823792
native_dram,1772728216.945913,7.1745,220.5479130744934
native_dram,1772728217.066896,7.1745,220.66889595985413
native_dram,1772728217.196666,7.1745,220.7986660003662
native_dram,1772728217.318741,7.1745,220.9207410812378
native_dram,1772728217.441025,7.1745,221.04302501678467
native_dram,1772728217.563082,7.1745,221.16508197784424
native_dram,1772728217.684756,7.1745,221.28675603866577
native_dram,1772728217.807923,7.1745,221.40992307662964
native_dram,1772728217.930174,7.1745,221.5321741104126
native_dram,1772728218.086174,7.1745,221.68817400932312
native_dram,1772728218.198662,7.1745,221.80066204071045
native_dram,1772728218.304875,7.1745,221.90687489509583
native_dram,1772728218.458141,7.1745,222.06014108657837
native_dram,1772728218.567453,7.1745,222.1694529056549
native_dram,1772728218.68936,7.1745,222.29135990142822
native_dram,1772728218.810468,7.1745,222.41246795654297
native_dram,1772728218.950355,7.1745,222.55235505104065
native_dram,1772728219.308028,7.1745,222.91002798080444
native_dram,1772728219.414882,7.1745,223.01688194274902
native_dram,1772728219.520919,7.1745,223.1229190826416
native_dram,1772728219.662059,7.1745,223.26405906677246
native_dram,1772728219.76881,7.1745,223.37081003189087
native_dram,1772728219.892026,7.1745,223.49402594566345
native_dram,1772728220.013161,7.1745,223.61516094207764
native_dram,1772728220.136756,7.1745,223.738755941391
native_dram,1772728220.259164,7.1745,223.86116409301758
native_dram,1772728220.382866,7.1745,223.98486590385437
native_dram,1772728220.505766,7.1745,224.10776591300964
native_dram,1772728220.62758,7.1745,224.2295799255371
native_dram,1772728220.755367,7.1745,224.3573670387268
native_dram,1772728220.877276,7.1745,224.47927594184875
native_dram,1772728221.014629,7.1745,224.61662888526917
native_dram,1772728221.13813,7.1745,224.74012994766235
native_dram,1772728221.508556,7.1745,225.1105558872223
native_dram,1772728221.632477,7.1745,225.23447704315186
native_dram,1772728221.754508,7.1745,225.3565080165863
native_dram,1772728221.877414,7.1745,225.47941398620605
native_dram,1772728222.010353,7.1745,225.61235308647156
native_dram,1772728222.129974,7.1745,225.73197388648987
native_dram,1772728222.254753,7.1745,225.85675311088562
native_dram,1772728222.378949,7.1745,225.9809489250183
native_dram,1772728222.498839,7.1745,226.10083889961243
native_dram,1772728222.622394,7.1745,226.22439408302307
native_dram,1772728222.743941,7.1745,226.34594106674194
native_dram,1772728222.870039,7.1745,226.4720389842987
native_dram,1772728223.017622,7.1745,226.6196219921112
native_dram,1772728223.131488,7.1745,226.73348808288574
native_dram,1772728223.260831,7.1745,226.86283111572266
native_dram,1772728223.38271,7.1745,226.98470997810364
native_dram,1772728223.776784,7.1745,227.37878394126892
native_dram,1772728223.877963,7.1745,227.47996306419373
native_dram,1772728223.984516,7.1745,227.5865159034729
native_dram,1772728224.107297,7.1745,227.7092969417572
native_dram,1772728224.233085,7.1745,227.83508491516113
native_dram,1772728224.367462,7.1745,227.9694619178772
native_dram,1772728224.491819,7.1745,228.09381890296936
native_dram,1772728224.613384,7.1745,228.21538400650024
native_dram,1772728224.753612,7.1745,228.35561203956604
native_dram,1772728224.8869,7.1745,228.48889994621277
native_dram,1772728225.00369,7.1745,228.6056900024414
native_dram,1772728225.12736,7.1745,228.72936010360718
native_dram,1772728225.247999,7.1745,228.84999895095825
native_dram,1772728225.371206,7.1745,228.9732060432434
native_dram,1772728225.493618,7.1745,229.09561800956726
native_dram,1772728225.614277,7.1745,229.21627688407898
native_dram,1772728225.739129,7.1745,229.34112906455994
native_dram,1772728226.079983,7.1745,229.6819829940796
native_dram,1772728226.190465,7.1745,229.79246497154236
native_dram,1772728226.31279,7.1745,229.91478991508484
native_dram,1772728226.43568,7.1745,230.0376799106598
native_dram,1772728226.557733,7.1745,230.1597330570221
native_dram,1772728226.680446,7.1745,230.28244590759277
native_dram,1772728226.811282,7.1745,230.41328191757202
native_dram,1772728226.929554,7.1745,230.53155398368835
native_dram,1772728227.084291,7.1745,230.68629097938538
native_dram,1772728227.208736,7.1745,230.81073594093323
native_dram,1772728227.332472,7.1745,230.9344720840454
native_dram,1772728227.454452,7.1745,231.05645203590393
native_dram,1772728227.578632,7.1745,231.1806321144104
native_dram,1772728227.720533,7.1745,231.32253289222717
native_dram,1772728227.842683,7.1745,231.44468307495117
native_dram,1772728227.966652,7.1745,231.56865191459656
native_dram,1772728228.087755,7.1745,231.68975496292114
native_dram,1772728228.421424,7.1745,232.023423910141
native_dram,1772728228.536154,7.1745,232.1381540298462
native_dram,1772728228.660219,7.1745,232.26221895217896
native_dram,1772728228.782783,7.1745,232.38478302955627
native_dram,1772728228.904819,7.1745,232.50681900978088
native_dram,1772728229.025566,7.1745,232.62756609916687
native_dram,1772728229.147774,7.1745,232.749773979187
native_dram,1772728229.270381,7.1745,232.87238097190857
native_dram,1772728229.457486,7.1745,233.059485912323
native_dram,1772728229.564053,7.1745,233.16605305671692
native_dram,1772728229.686454,7.1745,233.28845405578613
native_dram,1772728229.821073,7.1745,233.42307305335999
native_dram,1772728229.944113,7.1745,233.5461130142212
native_dram,1772728230.070056,7.1745,233.67205595970154
native_dram,1772728230.192435,7.1745,233.79443502426147
native_dram,1772728230.620167,7.1745,234.22216701507568
native_dram,1772728230.721741,7.1745,234.32374095916748
native_dram,1772728230.831664,7.1745,234.43366408348083
native_dram,1772728230.937042,7.1745,234.5390419960022
native_dram,1772728231.06091,7.1745,234.66290998458862
native_dram,1772728231.183483,7.1745,234.78548288345337
native_dram,1772728231.308303,7.1745,234.91030311584473
native_dram,1772728231.429936,7.1745,235.03193593025208
native_dram,1772728231.554124,7.1745,235.15612411499023
native_dram,1772728231.677654,7.1745,235.2796540260315
native_dram,1772728231.805634,7.1745,235.40763401985168
native_dram,1772728231.953813,7.1745,235.55581307411194
native_dram,1772728232.075307,7.1745,235.67730689048767
native_dram,1772728232.206215,7.1745,235.8082149028778
native_dram,1772728232.328648,7.1745,235.9306480884552
native_dram,1772728232.453027,7.1745,236.05502700805664
native_dram,1772728232.821772,7.1745,236.4237720966339
native_dram,1772728232.927456,7.1745,236.52945590019226
native_dram,1772728233.03412,7.1745,236.63612008094788
native_dram,1772728233.156905,7.1745,236.75890493392944
native_dram,1772728233.27918,7.1745,236.8811800479889
native_dram,1772728233.402017,7.1745,237.00401711463928
native_dram,1772728233.524545,7.1745,237.12654495239258
native_dram,1772728233.647789,7.1745,237.2497889995575
native_dram,1772728233.771354,7.1745,237.37335395812988
native_dram,1772728233.927471,7.1745,237.52947092056274
native_dram,1772728234.057124,7.1745,237.6591238975525
native_dram,1772728234.161016,7.1745,237.7630159854889
native_dram,1772728234.268068,7.1745,237.8700680732727
native_dram,1772728234.388429,7.1745,237.99042892456055
native_dram,1772728234.510228,7.1745,238.11222791671753
native_dram,1772728234.933566,7.1745,238.53556609153748
native_dram,1772728235.037685,7.1745,238.6396849155426
native_dram,1772728235.161625,7.1745,238.76362490653992
native_dram,1772728235.28475,7.1745,238.88674998283386
native_dram,1772728235.408383,7.1745,239.0103828907013
native_dram,1772728235.533549,7.1745,239.13554906845093
native_dram,1772728235.656324,7.1745,239.25832390785217
native_dram,1772728235.780039,7.1745,239.3820390701294
native_dram,1772728235.915244,7.1745,239.51724410057068
native_dram,1772728236.039201,7.1745,239.6412010192871
native_dram,1772728236.173626,7.1745,239.77562594413757
native_dram,1772728236.296244,7.1745,239.89824390411377
native_dram,1772728236.41744,7.1745,240.0194399356842
native_dram,1772728236.541255,7.1745,240.14325499534607
native_dram,1772728236.67277,7.1745,240.2747700214386
native_dram,1772728236.813857,7.1745,240.4158570766449
native_dram,1772728237.141349,7.1745,240.74334907531738
native_dram,1772728237.265136,7.1745,240.8671360015869
native_dram,1772728237.389787,7.1745,240.9917869567871
native_dram,1772728237.513005,7.1745,241.1150050163269
native_dram,1772728237.638776,7.1745,241.24077606201172
native_dram,1772728237.78015,7.1745,241.38214993476868
native_dram,1772728237.904977,7.1745,241.50697708129883
native_dram,1772728238.028323,7.1745,241.63032293319702
native_dram,1772728238.15026,7.1745,241.7522599697113
native_dram,1772728238.272078,7.1745,241.87407803535461
native_dram,1772728238.408001,7.1745,242.01000094413757
native_dram,1772728238.529259,7.1745,242.13125896453857
native_dram,1772728238.655723,7.1745,242.25772309303284
native_dram,1772728238.776558,7.1745,242.37855792045593
native_dram,1772728238.901227,7.1745,242.50322699546814
native_dram,1772728239.036977,7.1745,242.63897705078125
native_dram,1772728239.382618,7.1745,242.9846179485321
native_dram,1772728239.490922,7.1745,243.09292197227478
native_dram,1772728239.650652,7.1745,243.25265192985535
native_dram,1772728239.757946,7.1745,243.35994601249695
native_dram,1772728239.883902,7.1745,243.48590207099915
native_dram,1772728240.007164,7.1745,243.6091639995575
native_dram,1772728240.131866,7.1745,243.73386597633362
native_dram,1772728240.25726,7.1745,243.85926008224487
native_dram,1772728240.37819,7.1745,243.98019003868103
native_dram,1772728240.50417,7.1745,244.10616993904114
native_dram,1772728240.627608,7.1745,244.22960805892944
native_dram,1772728240.749859,7.1745,244.3518590927124
native_dram,1772728240.872007,7.1745,244.4740068912506
native_dram,1772728240.994991,7.1745,244.5969910621643
native_dram,1772728241.408332,7.1745,245.01033210754395
native_dram,1772728241.527166,7.1745,245.12916588783264
native_dram,1772728241.629175,7.1745,245.2311749458313
native_dram,1772728241.752003,7.1745,245.35400295257568
native_dram,1772728241.876344,7.1745,245.47834396362305
native_dram,1772728242.000592,7.1745,245.60259199142456
native_dram,1772728242.157365,7.1745,245.7593650817871
native_dram,1772728242.272846,7.1745,245.8748459815979
native_dram,1772728242.373764,7.1745,245.9757640361786
native_dram,1772728242.498219,7.1745,246.10021901130676
native_dram,1772728242.625501,7.1745,246.22750091552734
native_dram,1772728242.775892,7.1745,246.3778920173645
native_dram,1772728242.899743,7.1745,246.5017430782318
native_dram,1772728243.023553,7.1745,246.62555289268494
native_dram,1772728243.361768,7.1745,246.9637680053711
native_dram,1772728243.485566,7.1745,247.08756589889526
native_dram,1772728243.610999,7.1745,247.2129991054535
native_dram,1772728243.732805,7.1745,247.33480501174927
native_dram,1772728243.85603,7.1745,247.45802998542786
native_dram,1772728243.995027,7.1745,247.59702706336975
native_dram,1772728244.11929,7.1745,247.72129011154175
native_dram,1772728244.243107,7.1745,247.84510707855225
native_dram,1772728244.366534,7.1745,247.96853399276733
native_dram,1772728244.538543,7.1745,248.1405429840088
native_dram,1772728244.65131,7.1745,248.25330996513367
native_dram,1772728244.758958,7.1745,248.36095809936523
native_dram,1772728244.882037,7.1745,248.48403692245483
native_dram,1772728245.25402,7.1745,248.85601997375488
native_dram,1772728245.355978,7.1745,248.9579780101776
native_dram,1772728245.463278,7.1745,249.0652780532837
native_dram,1772728245.588229,7.1745,249.1902289390564
native_dram,1772728245.714633,7.1745,249.31663298606873
native_dram,1772728245.837708,7.1745,249.43970799446106
native_dram,1772728245.962117,7.1745,249.56411695480347
native_dram,1772728246.084791,7.1745,249.68679094314575
native_dram,1772728246.208236,7.1745,249.81023597717285
native_dram,1772728246.330468,7.1745,249.93246793746948
native_dram,1772728246.453233,7.1745,250.05523300170898
native_dram,1772728246.576392,7.1745,250.17839193344116
native_dram,1772728247.005563,7.1745,250.60756301879883
native_dram,1772728247.145143,7.1745,250.74714303016663
native_dram,1772728247.284616,7.1745,250.8866159915924
native_dram,1772728247.391159,7.1745,250.99315905570984
native_dram,1772728247.518861,7.1745,251.1208610534668
native_dram,1772728247.641472,7.1745,251.2434720993042
native_dram,1772728247.765912,7.1745,251.3679120540619
native_dram,1772728247.889571,7.1745,251.49157094955444
native_dram,1772728248.01226,7.1745,251.6142599582672
native_dram,1772728248.13732,7.1745,251.73932003974915
native_dram,1772728248.259412,7.1745,251.86141204833984
native_dram,1772728248.383504,7.1745,251.98550391197205
native_dram,1772728248.51916,7.1745,252.121160030365
native_dram,1772728248.886348,7.1745,252.48834800720215
native_dram,1772728249.010708,7.1745,252.61270809173584
native_dram,1772728249.133669,7.1745,252.73566889762878
native_dram,1772728249.256946,7.1745,252.8589460849762
native_dram,1772728249.380993,7.1745,252.98299288749695
native_dram,1772728249.504508,7.1745,253.1065080165863
native_dram,1772728249.628902,7.1745,253.23090195655823
native_dram,1772728249.770674,7.1745,253.37267398834229
native_dram,1772728249.891439,7.1745,253.4934389591217
native_dram,1772728250.012419,7.1745,253.61441898345947
native_dram,1772728250.137139,7.1745,253.7391390800476
native_dram,1772728250.279472,7.1745,253.8814721107483
native_dram,1772728250.404137,7.1745,254.00613689422607
native_dram,1772728250.542273,7.1745,254.14427304267883
native_dram,1772728250.989671,7.1745,254.59167098999023
native_dram,1772728251.119582,7.1745,254.72158193588257
native_dram,1772728251.219953,7.1745,254.8219530582428
native_dram,1772728251.342442,7.1745,254.9444420337677
native_dram,1772728251.470537,7.1745,255.07253694534302
native_dram,1772728251.59852,7.1745,255.20052003860474
native_dram,1772728251.72259,7.1745,255.32458996772766
native_dram,1772728251.861675,7.1745,255.46367502212524
native_dram,1772728251.967504,7.1745,255.56950402259827
native_dram,1772728252.120295,7.1745,255.72229504585266
native_dram,1772728252.280201,7.1745,255.8822009563446
native_dram,1772728252.382931,7.1745,255.98493099212646
native_dram,1772728252.505129,7.1745,256.10712909698486
native_dram,1772728252.628411,7.1745,256.23041105270386
native_dram,1772728252.966979,7.1745,256.5689790248871
native_dram,1772728253.096287,7.1745,256.69828701019287
native_dram,1772728253.217641,7.1745,256.81964111328125
native_dram,1772728253.344498,7.1745,256.9464979171753
native_dram,1772728253.468287,7.1745,257.07028698921204
native_dram,1772728253.595121,7.1745,257.1971209049225
native_dram,1772728253.718688,7.1745,257.3206880092621
native_dram,1772728253.859995,7.1745,257.4619948863983
native_dram,1772728253.984712,7.1745,257.5867118835449
native_dram,1772728254.106929,7.1745,257.70892906188965
native_dram,1772728254.234138,7.1745,257.836138010025
native_dram,1772728254.358779,7.1745,257.9607789516449
native_dram,1772728254.482722,7.1745,258.08472204208374
native_dram,1772728254.605148,7.1745,258.20714807510376
native_dram,1772728254.961051,7.1745,258.5630509853363
native_dram,1772728255.071875,7.1745,258.6738750934601
native_dram,1772728255.196075,7.1745,258.7980749607086
native_dram,1772728255.32138,7.1745,258.9233798980713
native_dram,1772728255.448848,7.1745,259.05084800720215
native_dram,1772728255.573761,7.1745,259.1757609844208
native_dram,1772728255.69819,7.1745,259.3001899719238
native_dram,1772728255.821882,7.1745,259.4238820075989
native_dram,1772728255.94653,7.1745,259.5485301017761
native_dram,1772728256.086057,7.1745,259.6880569458008
native_dram,1772728256.195315,7.1745,259.79731488227844
native_dram,1772728256.318298,7.1745,259.9202980995178
native_dram,1772728256.445851,7.1745,260.04785108566284
native_dram,1772728256.571812,7.1745,260.1738119125366
native_dram,1772728257.013922,7.1745,260.61592197418213
native_dram,1772728257.114562,7.1745,260.7165620326996
native_dram,1772728257.215371,7.1745,260.81737089157104
native_dram,1772728257.3171,7.1745,260.91910004615784
native_dram,1772728257.441743,7.1745,261.04374289512634
native_dram,1772728257.56662,7.1745,261.1686201095581
native_dram,1772728257.690258,7.1745,261.2922580242157
native_dram,1772728257.814621,7.1745,261.41662096977234
native_dram,1772728257.938585,7.1745,261.54058504104614
native_dram,1772728258.061357,7.1745,261.66335701942444
native_dram,1772728258.188917,7.1745,261.79091691970825
native_dram,1772728258.323025,7.1745,261.9250249862671
native_dram,1772728258.444414,7.1745,262.046413898468
native_dram,1772728258.569319,7.1745,262.17131900787354
native_dram,1772728258.695451,7.1745,262.2974510192871
native_dram,1772728259.036141,7.1745,262.63814091682434
native_dram,1772728259.163035,7.1745,262.7650349140167
native_dram,1772728259.286457,7.1745,262.88845705986023
native_dram,1772728259.413512,7.1745,263.0155119895935
native_dram,1772728259.537479,7.1745,263.13947892189026
native_dram,1772728259.663517,7.1745,263.26551699638367
native_dram,1772728259.785923,7.1745,263.38792300224304
native_dram,1772728259.911467,7.1745,263.51346707344055
native_dram,1772728260.085286,7.1745,263.68728590011597
native_dram,1772728260.208613,7.1745,263.8106129169464
native_dram,1772728260.332651,7.1745,263.93465089797974
native_dram,1772728260.458191,7.1745,264.0601909160614
native_dram,1772728260.58297,7.1745,264.1849699020386
native_dram,1772728260.711539,7.1745,264.3135390281677
native_dram,1772728261.068727,7.1745,264.6707270145416
native_dram,1772728261.192627,7.1745,264.79462695121765
native_dram,1772728261.318103,7.1745,264.9201030731201
native_dram,1772728261.448785,7.1745,265.05078506469727
native_dram,1772728261.574373,7.1745,265.17637300491333
native_dram,1772728261.709185,7.1745,265.3111848831177
native_dram,1772728261.835522,7.1745,265.4375219345093
native_dram,1772728261.984977,7.1745,265.5869770050049
native_dram,1772728262.108401,7.1745,265.710401058197
native_dram,1772728262.234643,7.1745,265.83664298057556
native_dram,1772728262.36347,7.1745,265.9654700756073
native_dram,1772728262.488459,7.1745,266.09045910835266
native_dram,1772728262.615256,7.1745,266.21725606918335
native_dram,1772728262.740634,7.1745,266.3426339626312
native_dram,1772728263.128129,7.1745,266.7301290035248
native_dram,1772728263.254992,7.1745,266.8569920063019
native_dram,1772728263.37956,7.1745,266.98155999183655
native_dram,1772728263.504404,7.1745,267.1064040660858
native_dram,1772728263.629159,7.1745,267.2311589717865
native_dram,1772728263.755766,7.1745,267.35776591300964
native_dram,1772728263.88087,7.1745,267.4828701019287
native_dram,1772728264.006046,7.1745,267.6080460548401
native_dram,1772728264.152639,7.1745,267.7546389102936
native_dram,1772728264.270293,7.1745,267.8722929954529
native_dram,1772728264.448374,7.1745,268.0503740310669
native_dram,1772728264.55434,7.1745,268.1563398838043
native_dram,1772728264.670619,7.1745,268.27261900901794
native_dram,1772728264.813356,7.1745,268.4153559207916
native_dram,1772728265.186942,7.1745,268.78894209861755
native_dram,1772728265.315916,7.1745,268.917916059494
native_dram,1772728265.439834,7.1745,269.04183411598206
native_dram,1772728265.568532,7.1745,269.1705319881439
native_dram,1772728265.706417,7.1745,269.3084170818329
native_dram,1772728265.83015,7.1745,269.43214988708496
native_dram,1772728265.953749,7.1745,269.55574893951416
native_dram,1772728266.089115,7.1745,269.69111490249634
native_dram,1772728266.21664,7.1745,269.8186399936676
native_dram,1772728266.357289,7.1745,269.9592890739441
native_dram,1772728266.479771,7.1745,270.0817708969116
native_dram,1772728266.617427,7.1745,270.21942710876465
native_dram,1772728266.742121,7.1745,270.3441209793091
native_dram,1772728266.903086,7.1745,270.5050859451294
native_dram,1772728267.278659,7.1745,270.88065910339355
native_dram,1772728267.379133,7.1745,270.9811329841614
native_dram,1772728267.480976,7.1745,271.082976102829
native_dram,1772728267.604079,7.1745,271.20607900619507
native_dram,1772728267.729749,7.1745,271.33174896240234
native_dram,1772728267.864838,7.1745,271.4668378829956
native_dram,1772728267.982002,7.1745,271.58400201797485
native_dram,1772728268.108618,7.1745,271.710618019104
native_dram,1772728268.232684,7.1745,271.8346838951111
native_dram,1772728268.3571,7.1745,271.95910000801086
native_dram,1772728268.481624,7.1745,272.0836238861084
native_dram,1772728268.607681,7.1745,272.20968103408813
native_dram,1772728268.731332,7.1745,272.3333320617676
native_dram,1772728268.85623,7.1745,272.4582300186157
native_dram,1772728269.349454,7.1745,272.9514539241791
native_dram,1772728269.478982,7.1745,273.0809819698334
native_dram,1772728269.60443,7.1745,273.2064299583435
native_dram,1772728269.731196,7.1745,273.3331959247589
native_dram,1772728269.855644,7.1745,273.4576439857483
native_dram,1772728269.983108,7.1745,273.5851080417633
native_dram,1772728270.107519,7.1745,273.70951890945435
native_dram,1772728270.232719,7.1745,273.8347189426422
native_dram,1772728270.358943,7.1745,273.9609429836273
native_dram,1772728270.484877,7.1745,274.08687710762024
native_dram,1772728270.623533,7.1745,274.22553300857544
native_dram,1772728270.745442,7.1745,274.3474419116974
native_dram,1772728270.871798,7.1745,274.4737980365753
native_dram,1772728270.998229,7.1745,274.6002290248871
native_dram,1772728271.361292,7.1745,274.9632918834686
native_dram,1772728271.486742,7.1745,275.088742017746
native_dram,1772728271.628601,7.1745,275.2306010723114
native_dram,1772728271.738392,7.1745,275.34039211273193
native_dram,1772728271.866007,7.1745,275.4680070877075
native_dram,1772728271.990009,7.1745,275.5920090675354
native_dram,1772728272.118585,7.1745,275.72058510780334
native_dram,1772728272.259107,7.1745,275.8611071109772
native_dram,1772728272.401035,7.1745,276.00303506851196
native_dram,1772728272.526298,7.1745,276.1282980442047
native_dram,1772728272.652814,7.1745,276.25481390953064
native_dram,1772728272.797101,7.1745,276.39910101890564
native_dram,1772728272.904713,7.1745,276.5067129135132
native_dram,1772728273.511702,7.1745,277.1137020587921
native_dram,1772728273.642442,7.1745,277.244441986084
native_dram,1772728273.76688,7.1745,277.36888003349304
native_dram,1772728273.893617,7.1745,277.4956169128418
native_dram,1772728274.019261,7.1745,277.62126088142395
native_dram,1772728274.141415,7.1745,277.7434151172638
native_dram,1772728274.264892,7.1745,277.8668920993805
native_dram,1772728274.390128,7.1745,277.9921278953552
native_dram,1772728274.515931,7.1745,278.11793088912964
native_dram,1772728274.641305,7.1745,278.24330496788025
native_dram,1772728274.766885,7.1745,278.3688850402832
native_dram,1772728274.893215,7.1745,278.49521493911743
native_dram,1772728275.335602,7.1745,278.93760204315186
native_dram,1772728275.462587,7.1745,279.06458711624146
native_dram,1772728275.588716,7.1745,279.1907160282135
native_dram,1772728275.713865,7.1745,279.31586503982544
native_dram,1772728275.846374,7.1745,279.44837403297424
native_dram,1772728275.970254,7.1745,279.5722539424896
native_dram,1772728276.115313,7.1745,279.71731305122375
native_dram,1772728276.223631,7.1745,279.825630903244
native_dram,1772728276.348693,7.1745,279.9506928920746
native_dram,1772728276.475811,7.1745,280.0778110027313
native_dram,1772728276.600946,7.1745,280.2029459476471
native_dram,1772728276.725768,7.1745,280.3277680873871
native_dram,1772728276.857588,7.1745,280.4595880508423
native_dram,1772728276.990966,7.1745,280.5929660797119
native_dram,1772728277.407007,7.1745,281.0090069770813
native_dram,1772728277.521552,7.1745,281.1235520839691
native_dram,1772728277.646272,7.1745,281.2482719421387
native_dram,1772728277.773538,7.1745,281.37553811073303
native_dram,1772728277.898423,7.1745,281.5004229545593
native_dram,1772728278.023098,7.1745,281.625097990036
native_dram,1772728278.167378,7.1745,281.76937794685364
native_dram,1772728278.282222,7.1745,281.88422203063965
native_dram,1772728278.401002,7.1745,282.00300192832947
native_dram,1772728278.526052,7.1745,282.1280519962311
native_dram,1772728278.650969,7.1745,282.25296902656555
native_dram,1772728278.776832,7.1745,282.3788321018219
native_dram,1772728278.910198,7.1745,282.512197971344
native_dram,1772728279.35641,7.1745,282.95841002464294
native_dram,1772728279.461787,7.1745,283.06378698349
native_dram,1772728279.579513,7.1745,283.1815130710602
native_dram,1772728279.705929,7.1745,283.30792903900146
native_dram,1772728279.863623,7.1745,283.4656229019165
native_dram,1772728279.969404,7.1745,283.5714039802551
native_dram,1772728280.117041,7.1745,283.7190411090851
native_dram,1772728280.231442,7.1745,283.83344197273254
native_dram,1772728280.381839,7.1745,283.9838390350342
native_dram,1772728280.496706,7.1745,284.0987060070038
native_dram,1772728280.616071,7.1745,284.2180709838867
native_dram,1772728280.740764,7.1745,284.34276390075684
native_dram,1772728280.867347,7.1745,284.46934700012207
native_dram,1772728280.99362,7.1745,284.5956199169159
native_dram,1772728281.356848,7.1745,284.95884799957275
native_dram,1772728281.466362,7.1745,285.06836199760437
native_dram,1772728281.594863,7.1745,285.1968629360199
native_dram,1772728281.704376,7.1745,285.3063759803772
native_dram,1772728281.832726,7.1745,285.43472599983215
native_dram,1772728281.956019,7.1745,285.5580189228058
native_dram,1772728282.07978,7.1745,285.6817800998688
native_dram,1772728282.2052,7.1745,285.8071999549866
native_dram,1772728282.346436,7.1745,285.9484360218048
native_dram,1772728282.480522,7.1745,286.0825219154358
native_dram,1772728282.62,7.1745,286.22199988365173
native_dram,1772728282.747677,7.1745,286.34967708587646
native_dram,1772728282.859717,7.1745,286.4617168903351
native_dram,1772728283.209535,7.1745,286.8115348815918
native_dram,1772728283.33282,7.1745,286.9348199367523
native_dram,1772728283.456829,7.1745,287.0588290691376
native_dram,1772728283.584613,7.1745,287.18661308288574
native_dram,1772728283.71249,7.1745,287.31449007987976
native_dram,1772728283.855242,7.1745,287.4572420120239
native_dram,1772728283.981665,7.1745,287.583664894104
native_dram,1772728284.109233,7.1745,287.7112329006195
native_dram,1772728284.235329,7.1745,287.83732891082764
native_dram,1772728284.361254,7.1745,287.96325397491455
native_dram,1772728284.487103,7.1745,288.08910298347473
native_dram,1772728284.612332,7.1745,288.21433210372925
native_dram,1772728284.757303,7.1745,288.3593029975891
native_dram,1772728284.866194,7.1745,288.46819400787354
native_dram,1772728285.289823,7.1745,288.89182305336
native_dram,1772728285.395587,7.1745,288.9975869655609
native_dram,1772728285.513222,7.1745,289.1152219772339
native_dram,1772728285.655499,7.1745,289.2574989795685
native_dram,1772728285.763913,7.1745,289.3659129142761
native_dram,1772728285.889618,7.1745,289.4916179180145
native_dram,1772728286.016968,7.1745,289.61896800994873
native_dram,1772728286.144402,7.1745,289.7464020252228
native_dram,1772728286.269603,7.1745,289.87160301208496
native_dram,1772728286.459943,7.1745,290.0619430541992
native_dram,1772728286.573647,7.1745,290.17564702033997
native_dram,1772728286.674726,7.1745,290.27672600746155
native_dram,1772728287.012084,7.1745,290.61408400535583
native_dram,1772728287.13888,7.1745,290.7408800125122
native_dram,1772728287.265372,7.1745,290.8673720359802
native_dram,1772728287.393001,7.1745,290.995001077652
native_dram,1772728287.537207,7.1745,291.1392068862915
native_dram,1772728287.645326,7.1745,291.2473258972168
native_dram,1772728287.788677,7.1745,291.39067697525024
native_dram,1772728287.897246,7.1745,291.4992458820343
native_dram,1772728288.025668,7.1745,291.62766790390015
native_dram,1772728288.17063,7.1745,291.7726299762726
native_dram,1772728288.31204,7.1745,291.91404008865356
native_dram,1772728288.423826,7.1745,292.02582597732544
native_dram,1772728288.548194,7.1745,292.15019392967224
native_dram,1772728288.861439,7.1745,292.46343898773193
native_dram,1772728288.989245,7.1745,292.5912449359894
native_dram,1772728289.116875,7.1745,292.71887493133545
native_dram,1772728289.242111,7.1745,292.84411096572876
native_dram,1772728289.368653,7.1745,292.9706530570984
native_dram,1772728289.500591,7.1745,293.10259103775024
native_dram,1772728289.625345,7.1745,293.2273449897766
native_dram,1772728289.765371,7.1745,293.3673710823059
native_dram,1772728289.891484,7.1745,293.49348402023315
native_dram,1772728290.036341,7.1745,293.6383409500122
native_dram,1772728290.166838,7.1745,293.768837928772
native_dram,1772728290.275156,7.1745,293.8771560192108
native_dram,1772728290.400509,7.1745,294.00250911712646
native_dram,1772728290.718124,7.1745,294.32012391090393
native_dram,1772728290.844287,7.1745,294.4462869167328
native_dram,1772728290.973096,7.1745,294.5750958919525
native_dram,1772728291.100286,7.1745,294.70228600502014
native_dram,1772728291.226123,7.1745,294.82812309265137
native_dram,1772728291.35167,7.1745,294.9536700248718
native_dram,1772728291.499262,7.1745,295.10126209259033
native_dram,1772728291.626061,7.1745,295.22806096076965
native_dram,1772728291.802814,7.1745,295.40481400489807
native_dram,1772728291.916305,7.1745,295.5183050632477
native_dram,1772728292.054164,7.1745,295.65616393089294
native_dram,1772728292.186721,7.1745,295.7887210845947
native_dram,1772728292.549661,7.1745,296.15166091918945
native_dram,1772728292.675743,7.1745,296.27774310112
native_dram,1772728292.804243,7.1745,296.4062430858612
native_dram,1772728292.931207,7.1745,296.53320693969727
native_dram,1772728293.057723,7.1745,296.6597230434418
native_dram,1772728293.183755,7.1745,296.7857549190521
native_dram,1772728293.312377,7.1745,296.91437697410583
native_dram,1772728293.437731,7.1745,297.0397310256958
native_dram,1772728293.585323,7.1745,297.1873230934143
native_dram,1772728293.693299,7.1745,297.29529905319214
native_dram,1772728293.817781,7.1745,297.41978096961975
native_dram,1772728293.946457,7.1745,297.54845690727234
native_dram,1772728294.071395,7.1745,297.6733949184418
native_dram,1772728294.467825,7.1745,298.06982493400574
native_dram,1772728294.584791,7.1745,298.18679094314575
native_dram,1772728294.709375,7.1745,298.3113749027252
native_dram,1772728294.836154,7.1745,298.4381539821625
native_dram,1772728294.961228,7.1745,298.563227891922
native_dram,1772728295.087597,7.1745,298.6895968914032
native_dram,1772728295.212411,7.1745,298.8144109249115
native_dram,1772728295.341553,7.1745,298.94355297088623
native_dram,1772728295.468634,7.1745,299.07063388824463
native_dram,1772728295.598814,7.1745,299.20081400871277
native_dram,1772728295.726512,7.1745,299.3285119533539
native_dram,1772728295.865051,7.1745,299.4670510292053
native_dram,1772728296.233506,7.1745,299.8355059623718
native_dram,1772728296.347402,7.1745,299.94940209388733
native_dram,1772728296.457745,7.1745,300.0597450733185
native_dram,1772728296.584577,7.1745,300.1865770816803
native_dram,1772728296.712061,7.1745,300.3140609264374
native_dram,1772728296.862143,7.1745,300.464143037796
native_dram,1772728296.988133,7.1745,300.59013295173645
native_dram,1772728297.11543,7.1745,300.7174301147461
native_dram,1772728297.241897,7.1745,300.8438971042633
native_dram,1772728297.369958,7.1745,300.9719579219818
native_dram,1772728297.496063,7.1745,301.09806299209595
native_dram,1772728297.624446,7.1745,301.2264459133148
native_dram,1772728297.751394,7.1745,301.35339403152466
native_dram,1772728298.117016,7.1745,301.7190160751343
native_dram,1772728298.223708,7.1745,301.82570791244507
native_dram,1772728298.349551,7.1745,301.95155096054077
native_dram,1772728298.475192,7.1745,302.0771920681
native_dram,1772728298.599909,7.1745,302.2019090652466
native_dram,1772728298.726962,7.1745,302.3289620876312
native_dram,1772728298.853491,7.1745,302.455491065979
native_dram,1772728298.978441,7.1745,302.5804409980774
native_dram,1772728299.105599,7.1745,302.70759892463684
native_dram,1772728299.232489,7.1745,302.83448910713196
native_dram,1772728299.395041,7.1745,302.99704098701477
native_dram,1772728299.52768,7.1745,303.1296799182892
native_dram,1772728299.860192,7.1745,303.46219205856323
native_dram,1772728299.986432,7.1745,303.58843207359314
native_dram,1772728300.117091,7.1745,303.7190909385681
native_dram,1772728300.242229,7.1745,303.8442289829254
native_dram,1772728300.38697,7.1745,303.988970041275
native_dram,1772728300.494613,7.1745,304.09661293029785
native_dram,1772728300.626245,7.1745,304.2282450199127
native_dram,1772728300.757163,7.1745,304.3591630458832
native_dram,1772728300.884149,7.1745,304.4861490726471
native_dram,1772728301.044607,7.1745,304.64660692214966
native_dram,1772728301.171259,7.1745,304.77325892448425
native_dram,1772728301.31846,7.1745,304.92045998573303
native_dram,1772728301.445771,7.1745,305.04777097702026
native_dram,1772728301.8492,7.1745,305.45120000839233
native_dram,1772728301.977003,7.1745,305.57900309562683
native_dram,1772728302.111252,7.1745,305.7132520675659
native_dram,1772728302.23862,7.1745,305.84062004089355
native_dram,1772728302.364705,7.1745,305.96670508384705
native_dram,1772728302.491123,7.1745,306.09312295913696
native_dram,1772728302.617968,7.1745,306.21996808052063
native_dram,1772728302.744336,7.1745,306.34633588790894
native_dram,1772728302.876878,7.1745,306.47887802124023
native_dram,1772728302.996362,7.1745,306.59836196899414
native_dram,1772728303.124625,7.1745,306.7266249656677
native_dram,1772728303.2518,7.1745,306.85380005836487
native_dram,1772728303.378515,7.1745,306.98051500320435
native_dram,1772728303.767045,7.1745,307.3690450191498
native_dram,1772728303.878734,7.1745,307.48073410987854
native_dram,1772728303.996293,7.1745,307.5982930660248
native_dram,1772728304.116953,7.1745,307.7189528942108
native_dram,1772728304.261344,7.1745,307.8633439540863
native_dram,1772728304.370337,7.1745,307.9723370075226
native_dram,1772728304.496462,7.1745,308.09846210479736
native_dram,1772728304.625068,7.1745,308.2270679473877
native_dram,1772728304.771748,7.1745,308.37374806404114
native_dram,1772728304.897665,7.1745,308.49966502189636
native_dram,1772728305.023273,7.1745,308.62527298927307
native_dram,1772728305.151559,7.1745,308.7535591125488
native_dram,1772728305.488421,7.1745,309.09042096138
native_dram,1772728305.639748,7.1745,309.2417480945587
native_dram,1772728305.766621,7.1745,309.36862111091614
native_dram,1772728305.922977,7.1745,309.52497696876526
native_dram,1772728306.0294,7.1745,309.6314001083374
native_dram,1772728306.147251,7.1745,309.74925088882446
native_dram,1772728306.292508,7.1745,309.89450788497925
native_dram,1772728306.421748,7.1745,310.02374792099
native_dram,1772728306.54641,7.1745,310.1484100818634
native_dram,1772728306.6732,7.1745,310.2751998901367
native_dram,1772728306.801251,7.1745,310.4032509326935
native_dram,1772728306.927805,7.1745,310.52980494499207
native_dram,1772728307.259043,7.1745,310.8610429763794
native_dram,1772728307.383581,7.1745,310.9855809211731
native_dram,1772728307.539106,7.1745,311.14110589027405
native_dram,1772728307.672323,7.1745,311.2743229866028
native_dram,1772728307.836183,7.1745,311.4381830692291
native_dram,1772728307.949129,7.1745,311.5511291027069
native_dram,1772728308.077006,7.1745,311.6790060997009
native_dram,1772728308.20215,7.1745,311.8041501045227
native_dram,1772728308.328943,7.1745,311.93094301223755
native_dram,1772728308.455617,7.1745,312.0576169490814
native_dram,1772728308.583435,7.1745,312.1854350566864
native_dram,1772728309.030956,7.1745,312.6329560279846
native_dram,1772728309.160206,7.1745,312.7622060775757
native_dram,1772728309.286697,7.1745,312.8886969089508
native_dram,1772728309.415612,7.1745,313.01761198043823
native_dram,1772728309.541354,7.1745,313.1433539390564
native_dram,1772728309.670513,7.1745,313.27251291275024
native_dram,1772728309.796286,7.1745,313.39828610420227
native_dram,1772728309.926841,7.1745,313.52884101867676
native_dram,1772728310.056684,7.1745,313.65868401527405
native_dram,1772728310.185388,7.1745,313.78738808631897
native_dram,1772728310.315648,7.1745,313.9176480770111
native_dram,1772728310.710605,7.1745,314.3126049041748
native_dram,1772728310.81602,7.1745,314.4180200099945
native_dram,1772728310.948339,7.1745,314.55033898353577
native_dram,1772728311.075434,7.1745,314.67743396759033
native_dram,1772728311.203165,7.1745,314.80516505241394
native_dram,1772728311.331419,7.1745,314.9334189891815
native_dram,1772728311.457899,7.1745,315.0598990917206
native_dram,1772728311.5852,7.1745,315.1872000694275
native_dram,1772728311.718556,7.1745,315.32055592536926
native_dram,1772728311.843192,7.1745,315.44519209861755
native_dram,1772728311.969739,7.1745,315.57173895835876
native_dram,1772728312.388777,7.1745,315.99077701568604
native_dram,1772728312.490209,7.1745,316.09220910072327
native_dram,1772728312.596538,7.1745,316.19853806495667
native_dram,1772728312.724189,7.1745,316.3261890411377
native_dram,1772728312.874302,7.1745,316.47630190849304
native_dram,1772728312.98153,7.1745,316.58352994918823
native_dram,1772728313.117303,7.1745,316.71930289268494
native_dram,1772728313.245231,7.1745,316.8472309112549
native_dram,1772728313.372299,7.1745,316.97429895401
native_dram,1772728313.499104,7.1745,317.1011040210724
native_dram,1772728313.643959,7.1745,317.2459590435028
native_dram,1772728313.772408,7.1745,317.3744080066681
native_dram,1772728314.178963,7.1745,317.78096294403076
native_dram,1772728314.279784,7.1745,317.88178396224976
native_dram,1772728314.42445,7.1745,318.02644991874695
native_dram,1772728314.535398,7.1745,318.13739800453186
native_dram,1772728314.679686,7.1745,318.2816860675812
native_dram,1772728314.806772,7.1745,318.40877199172974
native_dram,1772728314.934657,7.1745,318.53665709495544
native_dram,1772728315.062105,7.1745,318.6641049385071
native_dram,1772728315.189451,7.1745,318.79145097732544
native_dram,1772728315.315868,7.1745,318.91786789894104
native_dram,1772728315.443041,7.1745,319.04504108428955
native_dram,1772728315.604768,7.1745,319.2067680358887
native_dram,1772728315.962892,7.1745,319.5648920536041
native_dram,1772728316.104917,7.1745,319.7069170475006
native_dram,1772728316.214908,7.1745,319.81690788269043
native_dram,1772728316.34273,7.1745,319.94473004341125
native_dram,1772728316.468766,7.1745,320.07076597213745
native_dram,1772728316.595591,7.1745,320.1975910663605
native_dram,1772728316.722502,7.1745,320.324501991272
native_dram,1772728316.851168,7.1745,320.45316791534424
native_dram,1772728316.977451,7.1745,320.57945108413696
native_dram,1772728317.103591,7.1745,320.70559096336365
native_dram,1772728317.230371,7.1745,320.8323709964752
native_dram,1772728317.358225,7.1745,320.96022510528564
native_dram,1772728317.747064,7.1745,321.3490641117096
native_dram,1772728317.90056,7.1745,321.5025599002838
native_dram,1772728318.027616,7.1745,321.62961602211
native_dram,1772728318.15478,7.1745,321.7567799091339
native_dram,1772728318.283221,7.1745,321.8852210044861
native_dram,1772728318.410073,7.1745,322.01207304000854
native_dram,1772728318.569589,7.1745,322.1715888977051
native_dram,1772728318.677337,7.1745,322.2793369293213
native_dram,1772728318.807248,7.1745,322.4092481136322
native_dram,1772728318.953286,7.1745,322.55528593063354
native_dram,1772728319.079536,7.1745,322.6815359592438
native_dram,1772728319.207971,7.1745,322.80997109413147
native_dram,1772728319.553125,7.1745,323.1551249027252
native_dram,1772728319.675591,7.1745,323.2775909900665
native_dram,1772728319.801481,7.1745,323.4034810066223
native_dram,1772728319.929129,7.1745,323.5311288833618
native_dram,1772728320.056034,7.1745,323.6580340862274
native_dram,1772728320.183984,7.1745,323.78598403930664
native_dram,1772728320.311706,7.1745,323.91370606422424
native_dram,1772728320.452107,7.1745,324.0541069507599
native_dram,1772728320.578889,7.1745,324.1808888912201
native_dram,1772728320.706714,7.1745,324.30871391296387
native_dram,1772728320.834003,7.1745,324.4360029697418
native_dram,1772728320.996492,7.1745,324.59849190711975
native_dram,1772728321.514771,7.1745,325.1167709827423
native_dram,1772728321.646294,7.1745,325.2482941150665
native_dram,1772728321.780897,7.1745,325.382896900177
native_dram,1772728321.903643,7.1745,325.5056428909302
native_dram,1772728322.030456,7.1745,325.63245606422424
native_dram,1772728322.164664,7.1745,325.7666640281677
native_dram,1772728322.291613,7.1745,325.8936131000519
native_dram,1772728322.420689,7.1745,326.0226891040802
native_dram,1772728322.548889,7.1745,326.1508889198303
native_dram,1772728322.692545,7.1745,326.29454493522644
native_dram,1772728322.823609,7.1745,326.4256091117859
native_dram,1772728323.217117,7.1745,326.8191170692444
native_dram,1772728323.318987,7.1745,326.92098689079285
native_dram,1772728323.424973,7.1745,327.0269730091095
native_dram,1772728323.551785,7.1745,327.15378499031067
native_dram,1772728323.681238,7.1745,327.28323793411255
native_dram,1772728323.80832,7.1745,327.41032004356384
native_dram,1772728323.935821,7.1745,327.5378210544586
native_dram,1772728324.064609,7.1745,327.6666090488434
native_dram,1772728324.213582,7.1745,327.81558203697205
native_dram,1772728324.323164,7.1745,327.9251639842987
native_dram,1772728324.452626,7.1745,328.0546259880066
native_dram,1772728324.845494,7.1745,328.4474940299988
native_dram,1772728324.959319,7.1745,328.5613191127777
native_dram,1772728325.070659,7.1745,328.6726589202881
native_dram,1772728325.199087,7.1745,328.8010869026184
native_dram,1772728325.326154,7.1745,328.9281539916992
native_dram,1772728325.453025,7.1745,329.055025100708
native_dram,1772728325.57993,7.1745,329.18193006515503
native_dram,1772728325.707383,7.1745,329.3093829154968
native_dram,1772728325.835803,7.1745,329.43780303001404
native_dram,1772728325.961885,7.1745,329.563884973526
native_dram,1772728326.091389,7.1745,329.6933889389038
native_dram,1772728326.499898,7.1745,330.1018979549408
native_dram,1772728326.629462,7.1745,330.23146200180054
native_dram,1772728326.759934,7.1745,330.3619339466095
native_dram,1772728326.88968,7.1745,330.4916799068451
native_dram,1772728327.020822,7.1745,330.6228220462799
native_dram,1772728327.153642,7.1745,330.75564193725586
native_dram,1772728327.273955,7.1745,330.8759551048279
native_dram,1772728327.401563,7.1745,331.0035629272461
native_dram,1772728327.555297,7.1745,331.15729689598083
native_dram,1772728327.675471,7.1745,331.27747106552124
native_dram,1772728327.80321,7.1745,331.40521001815796
native_dram,1772728327.974498,7.1745,331.5764980316162
native_dram,1772728328.346508,7.1745,331.9485080242157
native_dram,1772728328.469373,7.1745,332.07137298583984
native_dram,1772728328.597451,7.1745,332.19945096969604
native_dram,1772728328.728703,7.1745,332.3307030200958
native_dram,1772728328.865879,7.1745,332.46787905693054
native_dram,1772728328.998384,7.1745,332.6003839969635
native_dram,1772728329.125937,7.1745,332.7279369831085
native_dram,1772728329.263479,7.1745,332.86547899246216
native_dram,1772728329.392919,7.1745,332.99491906166077
native_dram,1772728329.520308,7.1745,333.12230801582336
native_dram,1772728329.65118,7.1745,333.25318002700806
native_dram,1772728329.778746,7.1745,333.38074588775635
native_dram,1772728330.210156,7.1745,333.81215596199036
native_dram,1772728330.312726,7.1745,333.91472601890564
native_dram,1772728330.413322,7.1745,334.01532196998596
native_dram,1772728330.519777,7.1745,334.1217770576477
native_dram,1772728330.647581,7.1745,334.2495810985565
native_dram,1772728330.777352,7.1745,334.3793520927429
native_dram,1772728330.973217,7.1745,334.5752170085907
native_dram,1772728331.076272,7.1745,334.6782720088959
native_dram,1772728331.183061,7.1745,334.78506088256836
native_dram,1772728331.336418,7.1745,334.93841791152954
native_dram,1772728331.481619,7.1745,335.08361887931824
native_dram,1772728331.591732,7.1745,335.19373202323914
native_dram,1772728331.982753,7.1745,335.584753036499
native_dram,1772728332.102185,7.1745,335.7041850090027
native_dram,1772728332.211034,7.1745,335.8130340576172
native_dram,1772728332.359552,7.1745,335.96155190467834
native_dram,1772728332.487348,7.1745,336.08934807777405
native_dram,1772728332.63327,7.1745,336.23527002334595
native_dram,1772728332.743833,7.1745,336.3458330631256
native_dram,1772728332.885918,7.1745,336.48791790008545
native_dram,1772728333.01346,7.1745,336.61545991897583
native_dram,1772728333.140835,7.1745,336.74283504486084
native_dram,1772728333.2699,7.1745,336.8719000816345
native_dram,1772728333.398116,7.1745,337.000116109848
native_dram,1772728333.957832,7.1745,337.55983209609985
native_dram,1772728334.109236,7.1745,337.71123600006104
native_dram,1772728334.218819,7.1745,337.820818901062
native_dram,1772728334.347359,7.1745,337.9493589401245
native_dram,1772728334.500428,7.1745,338.10242795944214
native_dram,1772728334.607495,7.1745,338.20949506759644
native_dram,1772728334.73571,7.1745,338.33770990371704
native_dram,1772728334.882342,7.1745,338.4843420982361
native_dram,1772728335.043885,7.1745,338.64588499069214
native_dram,1772728335.149467,7.1745,338.7514669895172
native_dram,1772728335.287337,7.1745,338.8893370628357
native_dram,1772728335.614904,7.1745,339.216903924942
native_dram,1772728335.744373,7.1745,339.3463730812073
native_dram,1772728335.871211,7.1745,339.47321105003357
native_dram,1772728335.999913,7.1745,339.6019129753113
native_dram,1772728336.127312,7.1745,339.7293119430542
native_dram,1772728336.255847,7.1745,339.85784697532654
native_dram,1772728336.384027,7.1745,339.9860270023346
native_dram,1772728336.510628,7.1745,340.11262798309326
native_dram,1772728336.63974,7.1745,340.241739988327
native_dram,1772728336.766975,7.1745,340.3689749240875
native_dram,1772728337.465775,7.1745,341.0677750110626
native_dram,1772728337.577059,7.1745,341.1790590286255
native_dram,1772728337.683624,7.1745,341.2856240272522
native_dram,1772728337.820293,7.1745,341.42229294776917
native_dram,1772728337.944357,7.1745,341.5463569164276
native_dram,1772728338.072872,7.1745,341.6748719215393
native_dram,1772728338.223582,7.1745,341.8255820274353
native_dram,1772728338.353778,7.1745,341.95577788352966
native_dram,1772728338.482438,7.1745,342.08443808555603
native_dram,1772728338.60908,7.1745,342.2110800743103
native_dram,1772728338.736654,7.1745,342.3386540412903
native_dram,1772728338.863897,7.1745,342.46589708328247
native_dram,1772728339.251936,7.1745,342.85393595695496
native_dram,1772728339.382537,7.1745,342.9845368862152
native_dram,1772728339.509913,7.1745,343.11191296577454
native_dram,1772728339.638478,7.1745,343.24047803878784
native_dram,1772728339.768855,7.1745,343.3708550930023
native_dram,1772728339.896937,7.1745,343.4989368915558
native_dram,1772728340.026963,7.1745,343.6289629936218
native_dram,1772728340.156997,7.1745,343.758996963501
native_dram,1772728340.284292,7.1745,343.8862919807434
native_dram,1772728340.423899,7.1745,344.02589893341064
native_dram,1772728340.553303,7.1745,344.1553030014038
native_dram,1772728340.981481,7.1745,344.5834810733795
native_dram,1772728341.097978,7.1745,344.69997811317444
native_dram,1772728341.211794,7.1745,344.8137938976288
native_dram,1772728341.340677,7.1745,344.9426770210266
native_dram,1772728341.468555,7.1745,345.07055497169495
native_dram,1772728341.597467,7.1745,345.19946694374084
native_dram,1772728341.724275,7.1745,345.32627511024475
native_dram,1772728341.853891,7.1745,345.45589089393616
native_dram,1772728341.983426,7.1745,345.5854260921478
native_dram,1772728342.144833,7.1745,345.7468330860138
native_dram,1772728342.261256,7.1745,345.8632559776306
native_dram,1772728342.66017,7.1745,346.26217007637024
native_dram,1772728342.761013,7.1745,346.3630130290985
native_dram,1772728342.889738,7.1745,346.4917380809784
native_dram,1772728343.018197,7.1745,346.620197057724
native_dram,1772728343.146847,7.1745,346.74884700775146
native_dram,1772728343.312344,7.1745,346.9143440723419
native_dram,1772728343.478775,7.1745,347.0807750225067
native_dram,1772728343.590631,7.1745,347.19263100624084
native_dram,1772728343.703066,7.1745,347.3050661087036
native_dram,1772728343.83274,7.1745,347.4347400665283
native_dram,1772728343.961179,7.1745,347.5631790161133
native_dram,1772728344.106576,7.1745,347.708575963974
native_dram,1772728344.466198,7.1745,348.06819796562195
native_dram,1772728344.581485,7.1745,348.18348503112793
native_dram,1772728344.71032,7.1745,348.3123199939728
native_dram,1772728344.841103,7.1745,348.44310307502747
native_dram,1772728344.969316,7.1745,348.57131600379944
native_dram,1772728345.116823,7.1745,348.7188229560852
native_dram,1772728345.259869,7.1745,348.861869096756
native_dram,1772728345.369427,7.1745,348.97142696380615
native_dram,1772728345.499134,7.1745,349.10113406181335
native_dram,1772728345.626727,7.1745,349.22872710227966
native_dram,1772728345.755755,7.1745,349.357754945755
native_dram,1772728346.167178,7.1745,349.76917791366577
native_dram,1772728346.314811,7.1745,349.9168109893799
native_dram,1772728346.426538,7.1745,350.0285379886627
native_dram,1772728346.573436,7.1745,350.17543601989746
native_dram,1772728346.686719,7.1745,350.2887189388275
native_dram,1772728346.814685,7.1745,350.4166851043701
native_dram,1772728346.943298,7.1745,350.5452980995178
native_dram,1772728347.084718,7.1745,350.68671798706055
native_dram,1772728347.212643,7.1745,350.81464290618896
native_dram,1772728347.341326,7.1745,350.9433259963989
native_dram,1772728347.471369,7.1745,351.0733690261841
native_dram,1772728347.843826,7.1745,351.4458260536194
native_dram,1772728347.979343,7.1745,351.58134293556213
native_dram,1772728348.102156,7.1745,351.70415592193604
native_dram,1772728348.230697,7.1745,351.83269691467285
native_dram,1772728348.406883,7.1745,352.00888299942017
native_dram,1772728348.519807,7.1745,352.1218070983887
native_dram,1772728348.632794,7.1745,352.2347939014435
native_dram,1772728348.763163,7.1745,352.36516308784485
native_dram,1772728348.890614,7.1745,352.492614030838
native_dram,1772728349.035595,7.1745,352.6375949382782
native_dram,1772728349.164827,7.1745,352.76682710647583
native_dram,1772728349.542598,7.1745,353.14459800720215
native_dram,1772728349.670481,7.1745,353.27248096466064
native_dram,1772728349.799193,7.1745,353.4011929035187
native_dram,1772728349.928156,7.1745,353.5301558971405
native_dram,1772728350.059604,7.1745,353.6616039276123
native_dram,1772728350.187856,7.1745,353.78985595703125
native_dram,1772728350.313894,7.1745,353.91589403152466
native_dram,1772728350.441739,7.1745,354.0437390804291
native_dram,1772728350.57341,7.1745,354.17541003227234
native_dram,1772728350.708539,7.1745,354.3105390071869
native_dram,1772728350.836142,7.1745,354.4381420612335
native_dram,1772728351.246955,7.1745,354.84895491600037
native_dram,1772728351.372298,7.1745,354.9742980003357
native_dram,1772728351.50277,7.1745,355.10476994514465
native_dram,1772728351.631333,7.1745,355.2333331108093
native_dram,1772728351.78997,7.1745,355.3919699192047
native_dram,1772728351.896258,7.1745,355.4982581138611
native_dram,1772728352.017665,7.1745,355.61966490745544
native_dram,1772728352.163399,7.1745,355.765398979187
native_dram,1772728352.295703,7.1745,355.8977029323578
native_dram,1772728352.423873,7.1745,356.0258729457855
native_dram,1772728352.794579,7.1745,356.3965790271759
native_dram,1772728352.924462,7.1745,356.5264620780945
native_dram,1772728353.052518,7.1745,356.6545178890228
native_dram,1772728353.182127,7.1745,356.784126996994
native_dram,1772728353.338108,7.1745,356.9401080608368
native_dram,1772728353.467787,7.1745,357.06978702545166
native_dram,1772728353.597149,7.1745,357.1991488933563
native_dram,1772728353.726938,7.1745,357.32893800735474
native_dram,1772728353.902368,7.1745,357.5043680667877
native_dram,1772728354.04965,7.1745,357.6516499519348
native_dram,1772728354.159584,7.1745,357.7615840435028
native_dram,1772728354.519298,7.1745,358.1212980747223
native_dram,1772728354.646873,7.1745,358.2488729953766
native_dram,1772728354.774796,7.1745,358.3767960071564
native_dram,1772728354.903647,7.1745,358.505646944046
native_dram,1772728355.031241,7.1745,358.63324093818665
native_dram,1772728355.160439,7.1745,358.76243901252747
native_dram,1772728355.28927,7.1745,358.89126992225647
native_dram,1772728355.42053,7.1745,359.02253007888794
native_dram,1772728355.549678,7.1745,359.15167808532715
native_dram,1772728355.693648,7.1745,359.29564809799194
native_dram,1772728355.825795,7.1745,359.4277949333191
native_dram,1772728356.174282,7.1745,359.77628207206726
native_dram,1772728356.301851,7.1745,359.9038510322571
native_dram,1772728356.431692,7.1745,360.03369188308716
native_dram,1772728356.560059,7.1745,360.1620590686798
native_dram,1772728356.68726,7.1745,360.2892599105835
native_dram,1772728356.816284,7.1745,360.4182839393616
native_dram,1772728356.96244,7.1745,360.56444001197815
native_dram,1772728357.077147,7.1745,360.6791470050812
native_dram,1772728357.221028,7.1745,360.82302808761597
native_dram,1772728357.357999,7.1745,360.95999908447266
native_dram,1772728357.487516,7.1745,361.08951592445374
native_dram,1772728357.955152,7.1745,361.5571520328522
native_dram,1772728358.088657,7.1745,361.6906569004059
native_dram,1772728358.22009,7.1745,361.8220899105072
native_dram,1772728358.349344,7.1745,361.9513440132141
native_dram,1772728358.48009,7.1745,362.08208990097046
native_dram,1772728358.607941,7.1745,362.20994091033936
native_dram,1772728358.737504,7.1745,362.3395040035248
native_dram,1772728358.867366,7.1745,362.4693660736084
native_dram,1772728358.994583,7.1745,362.5965828895569
native_dram,1772728359.122606,7.1745,362.7246060371399
native_dram,1772728359.251735,7.1745,362.8537349700928
native_dram,1772728359.677053,7.1745,363.2790529727936
native_dram,1772728359.796374,7.1745,363.39837408065796
native_dram,1772728359.912468,7.1745,363.5144679546356
native_dram,1772728360.05842,7.1745,363.6604199409485
native_dram,1772728360.188273,7.1745,363.7902729511261
native_dram,1772728360.335811,7.1745,363.93781089782715
native_dram,1772728360.449096,7.1745,364.0510959625244
native_dram,1772728360.594666,7.1745,364.19666600227356
native_dram,1772728360.723462,7.1745,364.32546210289
native_dram,1772728360.859113,7.1745,364.4611129760742
native_dram,1772728361.226099,7.1745,364.8280990123749
native_dram,1772728361.337278,7.1745,364.93927788734436
native_dram,1772728361.465833,7.1745,365.06783294677734
native_dram,1772728361.595641,7.1745,365.1976408958435
native_dram,1772728361.727146,7.1745,365.3291459083557
native_dram,1772728361.888935,7.1745,365.490935087204
native_dram,1772728362.016256,7.1745,365.61825609207153
native_dram,1772728362.146839,7.1745,365.7488389015198
native_dram,1772728362.276097,7.1745,365.87809705734253
native_dram,1772728362.40499,7.1745,366.0069899559021
native_dram,1772728362.538832,7.1745,366.14083194732666
native_dram,1772728362.954975,7.1745,366.5569748878479
native_dram,1772728363.055943,7.1745,366.6579430103302
native_dram,1772728363.165361,7.1745,366.76736092567444
native_dram,1772728363.277768,7.1745,366.8797678947449
native_dram,1772728363.411544,7.1745,367.0135440826416
native_dram,1772728363.540717,7.1745,367.14271688461304
native_dram,1772728363.671414,7.1745,367.27341389656067
native_dram,1772728363.801741,7.1745,367.40374088287354
native_dram,1772728363.932314,7.1745,367.53431391716003
native_dram,1772728364.061161,7.1745,367.6631610393524
native_dram,1772728364.192856,7.1745,367.79485607147217
native_dram,1772728364.581462,7.1745,368.18346190452576
native_dram,1772728364.712304,7.1745,368.31430411338806
native_dram,1772728364.849167,7.1745,368.4511671066284
native_dram,1772728365.000921,7.1745,368.6029210090637
native_dram,1772728365.113216,7.1745,368.715215921402
native_dram,1772728365.243268,7.1745,368.84526801109314
native_dram,1772728365.372927,7.1745,368.97492694854736
native_dram,1772728365.502423,7.1745,369.10442304611206
native_dram,1772728365.651301,7.1745,369.25330090522766
native_dram,1772728365.780024,7.1745,369.3820240497589
native_dram,1772728366.177994,7.1745,369.7799940109253
native_dram,1772728366.310905,7.1745,369.91290497779846
native_dram,1772728366.443395,7.1745,370.04539489746094
native_dram,1772728366.571848,7.1745,370.17384791374207
native_dram,1772728366.70058,7.1745,370.30257987976074
native_dram,1772728366.848861,7.1745,370.45086097717285
native_dram,1772728366.962804,7.1745,370.56480407714844
native_dram,1772728367.092355,7.1745,370.6943550109863
native_dram,1772728367.222238,7.1745,370.8242380619049
native_dram,1772728367.355206,7.1745,370.9572060108185
native_dram,1772728367.803069,7.1745,371.4050691127777
native_dram,1772728367.930134,7.1745,371.5321340560913
native_dram,1772728368.060642,7.1745,371.6626420021057
native_dram,1772728368.206561,7.1745,371.80856108665466
native_dram,1772728368.319327,7.1745,371.9213271141052
native_dram,1772728368.449894,7.1745,372.05189394950867
native_dram,1772728368.578637,7.1745,372.180636882782
native_dram,1772728368.707934,7.1745,372.30993390083313
native_dram,1772728368.842102,7.1745,372.4441020488739
native_dram,1772728368.973237,7.1745,372.57523703575134
native_dram,1772728369.382584,7.1745,372.9845840930939
native_dram,1772728369.48322,7.1745,373.0852200984955
native_dram,1772728369.596375,7.1745,373.19837498664856
native_dram,1772728369.726282,7.1745,373.32828187942505
native_dram,1772728369.840569,7.1745,373.4425690174103
native_dram,1772728369.9696,7.1745,373.57159996032715
native_dram,1772728370.101104,7.1745,373.70310401916504
native_dram,1772728370.239126,7.1745,373.8411259651184
native_dram,1772728370.36101,7.1745,373.96301007270813
native_dram,1772728370.491145,7.1745,374.09314489364624
native_dram,1772728370.958642,7.1745,374.56064200401306
native_dram,1772728371.12178,7.1745,374.7237799167633
native_dram,1772728371.271582,7.1745,374.8735818862915
native_dram,1772728371.384345,7.1745,374.9863450527191
native_dram,1772728371.515682,7.1745,375.11768198013306
native_dram,1772728371.654875,7.1745,375.256875038147
native_dram,1772728371.800713,7.1745,375.402713060379
native_dram,1772728371.9295,7.1745,375.5315001010895
native_dram,1772728372.060374,7.1745,375.6623740196228
native_dram,1772728372.18958,7.1745,375.79157996177673
native_dram,1772728372.319085,7.1745,375.92108488082886
native_dram,1772728372.716254,7.1745,376.31825399398804
native_dram,1772728372.820053,7.1745,376.4220530986786
native_dram,1772728372.94787,7.1745,376.5498700141907
native_dram,1772728373.077333,7.1745,376.6793329715729
native_dram,1772728373.208032,7.1745,376.81003189086914
native_dram,1772728373.340192,7.1745,376.9421920776367
native_dram,1772728373.471825,7.1745,377.0738248825073
native_dram,1772728373.618291,7.1745,377.22029089927673
native_dram,1772728373.762012,7.1745,377.36401200294495
native_dram,1772728373.892166,7.1745,377.4941658973694
native_dram,1772728374.040226,7.1745,377.64222598075867
native_dram,1772728374.170807,7.1745,377.7728068828583
native_dram,1772728374.573832,7.1745,378.17583203315735
native_dram,1772728374.675026,7.1745,378.27702593803406
native_dram,1772728374.784451,7.1745,378.38645100593567
native_dram,1772728374.912917,7.1745,378.51491689682007
native_dram,1772728375.064037,7.1745,378.6660370826721
native_dram,1772728375.174928,7.1745,378.77692794799805
native_dram,1772728375.305321,7.1745,378.9073209762573
native_dram,1772728375.435264,7.1745,379.03726410865784
native_dram,1772728375.602962,7.1745,379.204962015152
native_dram,1772728375.713953,7.1745,379.3159530162811
native_dram,1772728375.843908,7.1745,379.4459080696106
native_dram,1772728375.973575,7.1745,379.5755751132965
native_dram,1772728376.393059,7.1745,379.9950590133667
native_dram,1772728376.495525,7.1745,380.0975248813629
native_dram,1772728376.612435,7.1745,380.2144351005554
native_dram,1772728376.726992,7.1745,380.3289918899536
native_dram,1772728376.860648,7.1745,380.4626479148865
native_dram,1772728376.990062,7.1745,380.59206199645996
native_dram,1772728377.166079,7.1745,380.7680790424347
native_dram,1772728377.2662,7.1745,380.86820006370544
native_dram,1772728377.402662,7.1745,381.00466203689575
native_dram,1772728377.528111,7.1745,381.1301109790802
native_dram,1772728377.670972,7.1745,381.2729721069336
native_dram,1772728378.052574,7.1745,381.6545739173889
native_dram,1772728378.168285,7.1745,381.77028489112854
native_dram,1772728378.298156,7.1745,381.90015602111816
native_dram,1772728378.42994,7.1745,382.0319399833679
native_dram,1772728378.561706,7.1745,382.16370606422424
native_dram,1772728378.691825,7.1745,382.29382491111755
native_dram,1772728378.822941,7.1745,382.42494106292725
native_dram,1772728378.951695,7.1745,382.5536949634552
native_dram,1772728379.098835,7.1745,382.70083498954773
native_dram,1772728379.213475,7.1745,382.81547498703003
native_dram,1772728379.342233,7.1745,382.9442329406738
native_dram,1772728379.965044,7.1745,383.5670440196991
native_dram,1772728380.082521,7.1745,383.6845209598541
native_dram,1772728380.212215,7.1745,383.8142149448395
native_dram,1772728380.344589,7.1745,383.9465889930725
native_dram,1772728380.4773,7.1745,384.0792999267578
native_dram,1772728380.622608,7.1745,384.2246079444885
native_dram,1772728380.747975,7.1745,384.34997510910034
native_dram,1772728380.879765,7.1745,384.4817650318146
native_dram,1772728381.009223,7.1745,384.6112229824066
native_dram,1772728381.140223,7.1745,384.7422230243683
native_dram,1772728381.537457,7.1745,385.139456987381
native_dram,1772728381.64831,7.1745,385.25030994415283
native_dram,1772728381.763954,7.1745,385.36595392227173
native_dram,1772728381.899501,7.1745,385.501501083374
native_dram,1772728382.029939,7.1745,385.6319389343262
native_dram,1772728382.161527,7.1745,385.7635269165039
native_dram,1772728382.290015,7.1745,385.89201498031616
native_dram,1772728382.423578,7.1745,386.0255780220032
native_dram,1772728382.553653,7.1745,386.15565299987793
native_dram,1772728382.690847,7.1745,386.2928469181061
native_dram,1772728382.824217,7.1745,386.4262170791626
native_dram,1772728383.193876,7.1745,386.79587602615356
native_dram,1772728383.324813,7.1745,386.9268128871918
native_dram,1772728383.458677,7.1745,387.0606770515442
native_dram,1772728383.58851,7.1745,387.19051003456116
native_dram,1772728383.721525,7.1745,387.3235249519348
native_dram,1772728383.868498,7.1745,387.470498085022
native_dram,1772728383.983198,7.1745,387.5851979255676
native_dram,1772728384.114628,7.1745,387.716628074646
native_dram,1772728384.246992,7.1745,387.8489921092987
native_dram,1772728384.378107,7.1745,387.9801070690155
native_dram,1772728384.785874,7.1745,388.38787388801575
native_dram,1772728384.890759,7.1745,388.4927589893341
native_dram,1772728385.020956,7.1745,388.62295603752136
native_dram,1772728385.151067,7.1745,388.75306701660156
native_dram,1772728385.301846,7.1745,388.9038460254669
native_dram,1772728385.433707,7.1745,389.0357069969177
native_dram,1772728385.576041,7.1745,389.1780409812927
native_dram,1772728385.70669,7.1745,389.30869007110596
native_dram,1772728385.838078,7.1745,389.4400780200958
native_dram,1772728385.966579,7.1745,389.56857895851135
native_dram,1772728386.37068,7.1745,389.9726800918579
native_dram,1772728386.483277,7.1745,390.0852770805359
native_dram,1772728386.615034,7.1745,390.2170341014862
native_dram,1772728386.7279,7.1745,390.3299000263214
native_dram,1772728386.878179,7.1745,390.4801790714264
native_dram,1772728386.994907,7.1745,390.5969069004059
native_dram,1772728387.14268,7.1745,390.7446799278259
native_dram,1772728387.289526,7.1745,390.8915259838104
native_dram,1772728387.41607,7.1745,391.0180699825287
native_dram,1772728387.770189,7.1745,391.3721890449524
native_dram,1772728387.904578,7.1745,391.5065779685974
native_dram,1772728388.035913,7.1745,391.6379129886627
native_dram,1772728388.181346,7.1745,391.7833459377289
native_dram,1772728388.312449,7.1745,391.9144489765167
native_dram,1772728388.442593,7.1745,392.0445930957794
native_dram,1772728388.575486,7.1745,392.1774859428406
native_dram,1772728388.705877,7.1745,392.3078770637512
native_dram,1772728388.835521,7.1745,392.43752098083496
native_dram,1772728388.966769,7.1745,392.5687689781189
native_dram,1772728389.106009,7.1745,392.7080090045929
native_dram,1772728389.456374,7.1745,393.05837392807007
native_dram,1772728389.598188,7.1745,393.20018792152405
native_dram,1772728389.745265,7.1745,393.3472650051117
native_dram,1772728389.860768,7.1745,393.46276807785034
native_dram,1772728390.024341,7.1745,393.62634110450745
native_dram,1772728390.125535,7.1745,393.72753500938416
native_dram,1772728390.252581,7.1745,393.8545808792114
native_dram,1772728390.383627,7.1745,393.98562693595886
native_dram,1772728390.514162,7.1745,394.1161620616913
native_dram,1772728390.644469,7.1745,394.2464690208435
native_dram,1772728391.057262,7.1745,394.6592619419098
native_dram,1772728391.18354,7.1745,394.78554010391235
native_dram,1772728391.2972,7.1745,394.89919996261597
native_dram,1772728391.429026,7.1745,395.03102588653564
native_dram,1772728391.561488,7.1745,395.16348791122437
native_dram,1772728391.691509,7.1745,395.29350900650024
native_dram,1772728391.824342,7.1745,395.42634201049805
native_dram,1772728391.954324,7.1745,395.55632400512695
native_dram,1772728392.086411,7.1745,395.68841099739075
native_dram,1772728392.216678,7.1745,395.8186779022217
native_dram,1772728392.757585,7.1745,396.3595850467682
native_dram,1772728392.858598,7.1745,396.46059799194336
native_dram,1772728392.978513,7.1745,396.5805130004883
native_dram,1772728393.107486,7.1745,396.70948600769043
native_dram,1772728393.231166,7.1745,396.83316588401794
native_dram,1772728393.38179,7.1745,396.9837899208069
native_dram,1772728393.52685,7.1745,397.12884998321533
native_dram,1772728393.657154,7.1745,397.2591540813446
native_dram,1772728393.787962,7.1745,397.3899619579315
native_dram,1772728393.919086,7.1745,397.5210859775543
native_dram,1772728394.54135,7.1745,398.14334988594055
native_dram,1772728394.677016,7.1745,398.2790160179138
native_dram,1772728394.807408,7.1745,398.4094080924988
native_dram,1772728394.937221,7.1745,398.5392210483551
native_dram,1772728395.07064,7.1745,398.67264008522034
native_dram,1772728395.229726,7.1745,398.83172607421875
native_dram,1772728395.361583,7.1745,398.9635829925537
native_dram,1772728395.492224,7.1745,399.09422397613525
native_dram,1772728395.623425,7.1745,399.2254250049591
native_dram,1772728396.027344,7.1745,399.62934398651123
native_dram,1772728396.144089,7.1745,399.7460889816284
native_dram,1772728396.260655,7.1745,399.8626549243927
native_dram,1772728396.394683,7.1745,399.99668288230896
native_dram,1772728396.52504,7.1745,400.1270399093628
native_dram,1772728396.65485,7.1745,400.25685000419617
native_dram,1772728396.792295,7.1745,400.3942949771881
native_dram,1772728396.916137,7.1745,400.5181369781494
native_dram,1772728397.067594,7.1745,400.66959404945374
native_dram,1772728397.432759,7.1745,401.0347590446472
native_dram,1772728397.566042,7.1745,401.1680419445038
native_dram,1772728397.696245,7.1745,401.2982449531555
native_dram,1772728397.825889,7.1745,401.42788910865784
native_dram,1772728397.95706,7.1745,401.5590600967407
native_dram,1772728398.087313,7.1745,401.6893129348755
native_dram,1772728398.218574,7.1745,401.8205740451813
native_dram,1772728398.349963,7.1745,401.95196294784546
native_dram,1772728398.481542,7.1745,402.08354210853577
native_dram,1772728398.618197,7.1745,402.22019696235657
native_dram,1772728399.030859,7.1745,402.6328589916229
native_dram,1772728399.136325,7.1745,402.7383248806
native_dram,1772728399.266343,7.1745,402.8683431148529
native_dram,1772728399.396742,7.1745,402.99874210357666
native_dram,1772728399.527128,7.1745,403.12912797927856
native_dram,1772728399.656641,7.1745,403.2586410045624
native_dram,1772728399.794567,7.1745,403.39656710624695
native_dram,1772728399.923931,7.1745,403.52593088150024
native_dram,1772728400.055138,7.1745,403.65713810920715
native_dram,1772728400.207176,7.1745,403.80917596817017
native_dram,1772728400.581012,7.1745,404.183012008667
native_dram,1772728400.682123,7.1745,404.2841229438782
native_dram,1772728400.81355,7.1745,404.415549993515
native_dram,1772728400.943881,7.1745,404.5458810329437
native_dram,1772728401.074544,7.1745,404.67654395103455
native_dram,1772728401.224939,7.1745,404.82693910598755
native_dram,1772728401.356199,7.1745,404.95819902420044
native_dram,1772728401.507097,7.1745,405.10909700393677
native_dram,1772728401.635422,7.1745,405.2374219894409
native_dram,1772728401.767409,7.1745,405.36940908432007
native_dram,1772728402.120125,7.1745,405.72212505340576
native_dram,1772728402.250754,7.1745,405.85275411605835
native_dram,1772728402.383068,7.1745,405.98506808280945
native_dram,1772728402.513067,7.1745,406.11506700515747
native_dram,1772728402.643661,7.1745,406.24566102027893
native_dram,1772728402.775953,7.1745,406.37795305252075
native_dram,1772728402.906621,7.1745,406.50862097740173
native_dram,1772728403.03791,7.1745,406.6399099826813
native_dram,1772728403.187107,7.1745,406.7891070842743
native_dram,1772728403.300754,7.1745,406.90275406837463
native_dram,1772728403.704764,7.1745,407.3067638874054
native_dram,1772728403.837577,7.1745,407.43957710266113
native_dram,1772728403.968888,7.1745,407.57088804244995
native_dram,1772728404.099263,7.1745,407.7012629508972
native_dram,1772728404.233264,7.1745,407.83526396751404
native_dram,1772728404.363574,7.1745,407.9655740261078
native_dram,1772728404.496098,7.1745,408.0980980396271
native_dram,1772728404.661174,7.1745,408.26317405700684
native_dram,1772728404.782965,7.1745,408.38496494293213
native_dram,1772728404.90937,7.1745,408.5113699436188
native_dram,1772728405.318177,7.1745,408.92017698287964
native_dram,1772728405.451652,7.1745,409.05365204811096
native_dram,1772728405.582869,7.1745,409.1848690509796
native_dram,1772728405.71674,7.1745,409.31873989105225
native_dram,1772728405.846551,7.1745,409.44855093955994
native_dram,1772728405.998545,7.1745,409.6005449295044
native_dram,1772728406.128768,7.1745,409.7307679653168
native_dram,1772728406.261449,7.1745,409.8634490966797
native_dram,1772728406.392997,7.1745,409.99499702453613
native_dram,1772728406.76003,7.1745,410.3620300292969
native_dram,1772728406.891207,7.1745,410.49320697784424
native_dram,1772728407.04143,7.1745,410.64342999458313
native_dram,1772728407.156728,7.1745,410.75872802734375
native_dram,1772728407.288197,7.1745,410.8901970386505
native_dram,1772728407.435666,7.1745,411.0376660823822
native_dram,1772728407.551424,7.1745,411.1534240245819
native_dram,1772728407.681504,7.1745,411.2835040092468
native_dram,1772728407.814519,7.1745,411.4165189266205
native_dram,1772728407.957364,7.1745,411.5593640804291
native_dram,1772728408.090104,7.1745,411.69210410118103
native_dram,1772728408.552069,7.1745,412.1540689468384
native_dram,1772728408.686356,7.1745,412.2883560657501
native_dram,1772728408.81894,7.1745,412.42093992233276
native_dram,1772728408.949268,7.1745,412.5512681007385
native_dram,1772728409.114007,7.1745,412.71600699424744
native_dram,1772728409.234793,7.1745,412.8367929458618
native_dram,1772728409.349889,7.1745,412.95188903808594
native_dram,1772728409.482211,7.1745,413.0842111110687
native_dram,1772728409.646286,7.1745,413.24828600883484
native_dram,1772728409.986031,7.1745,413.5880310535431
native_dram,1772728410.102107,7.1745,413.7041070461273
native_dram,1772728410.251778,7.1745,413.853777885437
native_dram,1772728410.384876,7.1745,413.9868760108948
native_dram,1772728410.518797,7.1745,414.120796918869
native_dram,1772728410.653146,7.1745,414.2551460266113
native_dram,1772728410.783252,7.1745,414.38525199890137
native_dram,1772728410.917749,7.1745,414.5197489261627
native_dram,1772728411.065291,7.1745,414.6672909259796
native_dram,1772728411.428896,7.1745,415.03089594841003
native_dram,1772728411.549435,7.1745,415.15143489837646
native_dram,1772728411.680591,7.1745,415.28259110450745
native_dram,1772728411.81321,7.1745,415.4152100086212
native_dram,1772728411.945139,7.1745,415.54713892936707
native_dram,1772728412.115855,7.1745,415.71785497665405
native_dram,1772728412.228777,7.1745,415.83077692985535
native_dram,1772728412.372329,7.1745,415.974328994751
native_dram,1772728412.503693,7.1745,416.10569310188293
native_dram,1772728412.635983,7.1745,416.23798298835754
native_dram,1772728413.061854,7.1745,416.6638538837433
native_dram,1772728413.195088,7.1745,416.79708790779114
native_dram,1772728413.325055,7.1745,416.92705488204956
native_dram,1772728413.460822,7.1745,417.06282210350037
native_dram,1772728413.592571,7.1745,417.194571018219
native_dram,1772728413.751626,7.1745,417.3536260128021
native_dram,1772728413.866435,7.1745,417.468435049057
native_dram,1772728413.996175,7.1745,417.5981750488281
native_dram,1772728414.12928,7.1745,417.7312800884247
native_dram,1772728414.520687,7.1745,418.12268710136414
native_dram,1772728414.626894,7.1745,418.22889399528503
native_dram,1772728414.758686,7.1745,418.3606860637665
native_dram,1772728414.890647,7.1745,418.49264693260193
native_dram,1772728415.023189,7.1745,418.6251890659332
native_dram,1772728415.155288,7.1745,418.757287979126
native_dram,1772728415.307996,7.1745,418.90999603271484
native_dram,1772728415.440245,7.1745,419.04224491119385
native_dram,1772728415.579017,7.1745,419.18101692199707
native_dram,1772728415.71179,7.1745,419.3137900829315
native_dram,1772728416.081385,7.1745,419.6833848953247
native_dram,1772728416.186444,7.1745,419.7884440422058
native_dram,1772728416.318601,7.1745,419.9206008911133
native_dram,1772728416.45075,7.1745,420.0527501106262
native_dram,1772728416.598976,7.1745,420.200975894928
native_dram,1772728416.734207,7.1745,420.3362069129944
native_dram,1772728416.867174,7.1745,420.46917390823364
native_dram,1772728416.997587,7.1745,420.59958696365356
native_dram,1772728417.130964,7.1745,420.7329640388489
native_dram,1772728417.500896,7.1745,421.1028959751129
native_dram,1772728417.633884,7.1745,421.23588395118713
native_dram,1772728417.772954,7.1745,421.37495398521423
native_dram,1772728417.904044,7.1745,421.5060439109802
native_dram,1772728418.034412,7.1745,421.6364119052887
native_dram,1772728418.166744,7.1745,421.7687439918518
native_dram,1772728418.321019,7.1745,421.92301893234253
native_dram,1772728418.451377,7.1745,422.0533769130707
native_dram,1772728418.582759,7.1745,422.18475890159607
native_dram,1772728418.717473,7.1745,422.319473028183
native_dram,1772728419.17836,7.1745,422.7803599834442
native_dram,1772728419.279546,7.1745,422.8815460205078
native_dram,1772728419.384593,7.1745,422.9865930080414
native_dram,1772728419.517823,7.1745,423.1198229789734
native_dram,1772728419.649978,7.1745,423.2519779205322
native_dram,1772728419.780948,7.1745,423.38294792175293
native_dram,1772728419.913308,7.1745,423.5153079032898
native_dram,1772728420.044233,7.1745,423.6462330818176
native_dram,1772728420.176516,7.1745,423.77851605415344
native_dram,1772728420.309422,7.1745,423.91142201423645
native_dram,1772728420.835825,7.1745,424.4378249645233
native_dram,1772728420.965522,7.1745,424.5675220489502
native_dram,1772728421.097518,7.1745,424.6995179653168
native_dram,1772728421.22868,7.1745,424.83067989349365
native_dram,1772728421.362806,7.1745,424.9648060798645
native_dram,1772728421.493861,7.1745,425.09586095809937
native_dram,1772728421.664175,7.1745,425.266175031662
native_dram,1772728421.796138,7.1745,425.39813804626465
native_dram,1772728421.927452,7.1745,425.529452085495
native_dram,1772728422.315648,7.1745,425.9176480770111
native_dram,1772728422.437921,7.1745,426.03992104530334
native_dram,1772728422.572784,7.1745,426.1747839450836
native_dram,1772728422.705951,7.1745,426.30795097351074
native_dram,1772728422.845647,7.1745,426.44764709472656
native_dram,1772728422.972631,7.1745,426.57463097572327
native_dram,1772728423.103728,7.1745,426.70572805404663
native_dram,1772728423.258106,7.1745,426.8601059913635
native_dram,1772728423.407927,7.1745,427.00992703437805
native_dram,1772728423.770238,7.1745,427.3722379207611
native_dram,1772728423.903645,7.1745,427.5056450366974
native_dram,1772728424.052786,7.1745,427.6547861099243
native_dram,1772728424.170143,7.1745,427.7721428871155
native_dram,1772728424.308647,7.1745,427.9106469154358
native_dram,1772728424.441132,7.1745,428.0431320667267
native_dram,1772728424.610611,7.1745,428.2126109600067
native_dram,1772728424.747508,7.1745,428.3495080471039
native_dram,1772728424.859784,7.1745,428.4617838859558
native_dram,1772728424.990866,7.1745,428.5928659439087
native_dram,1772728425.394929,7.1745,428.9969289302826
native_dram,1772728425.529735,7.1745,429.13173508644104
native_dram,1772728425.6465,7.1745,429.2485001087189
native_dram,1772728425.785499,7.1745,429.3874990940094
native_dram,1772728425.916906,7.1745,429.5189061164856
native_dram,1772728426.064835,7.1745,429.6668350696564
native_dram,1772728426.182549,7.1745,429.784548997879
native_dram,1772728426.332396,7.1745,429.9343960285187
native_dram,1772728426.470729,7.1745,430.0727291107178
native_dram,1772728427.077219,7.1745,430.67921900749207
native_dram,1772728427.213683,7.1745,430.815682888031
native_dram,1772728427.361852,7.1745,430.96385192871094
native_dram,1772728427.494655,7.1745,431.0966548919678
native_dram,1772728427.612999,7.1745,431.214998960495
native_dram,1772728427.746005,7.1745,431.3480050563812
native_dram,1772728427.87823,7.1745,431.4802300930023
native_dram,1772728428.011344,7.1745,431.6133439540863
native_dram,1772728428.147552,7.1745,431.74955201148987
native_dram,1772728428.568803,7.1745,432.17080307006836
native_dram,1772728428.675634,7.1745,432.27763390541077
native_dram,1772728428.810779,7.1745,432.4127790927887
native_dram,1772728428.942447,7.1745,432.54444694519043
native_dram,1772728429.075704,7.1745,432.67770409584045
native_dram,1772728429.229501,7.1745,432.8315010070801
native_dram,1772728429.355798,7.1745,432.9577980041504
native_dram,1772728429.51997,7.1745,433.1219699382782
native_dram,1772728429.664599,7.1745,433.26659893989563
native_dram,1772728430.053342,7.1745,433.6553421020508
native_dram,1772728430.172203,7.1745,433.7742030620575
native_dram,1772728430.305995,7.1745,433.90799498558044
native_dram,1772728430.440923,7.1745,434.0429229736328
native_dram,1772728430.577703,7.1745,434.17970299720764
native_dram,1772728430.712225,7.1745,434.3142249584198
native_dram,1772728430.847185,7.1745,434.44918489456177
native_dram,1772728430.978951,7.1745,434.5809509754181
native_dram,1772728431.11066,7.1745,434.712660074234
native_dram,1772728431.556235,7.1745,435.1582350730896
native_dram,1772728431.689824,7.1745,435.29182410240173
native_dram,1772728431.820449,7.1745,435.4224491119385
native_dram,1772728431.954364,7.1745,435.55636405944824
native_dram,1772728432.085201,7.1745,435.6872010231018
native_dram,1772728432.230739,7.1745,435.83273911476135
native_dram,1772728432.382605,7.1745,435.98460507392883
native_dram,1772728432.515055,7.1745,436.11705493927
native_dram,1772728432.647525,7.1745,436.24952507019043
native_dram,1772728432.780958,7.1745,436.38295793533325
native_dram,1772728433.174096,7.1745,436.77609610557556
native_dram,1772728433.275737,7.1745,436.8777370452881
native_dram,1772728433.407992,7.1745,437.00999188423157
native_dram,1772728433.539507,7.1745,437.1415069103241
native_dram,1772728433.678205,7.1745,437.2802050113678
native_dram,1772728433.814041,7.1745,437.4160408973694
native_dram,1772728433.948023,7.1745,437.55002307891846
native_dram,1772728434.098665,7.1745,437.70066499710083
native_dram,1772728434.224711,7.1745,437.82671093940735
native_dram,1772728434.625226,7.1745,438.22722601890564
native_dram,1772728434.759516,7.1745,438.36151599884033
native_dram,1772728434.909191,7.1745,438.51119089126587
native_dram,1772728435.024666,7.1745,438.62666606903076
native_dram,1772728435.157835,7.1745,438.7598350048065
native_dram,1772728435.28971,7.1745,438.8917100429535
native_dram,1772728435.422583,7.1745,439.0245831012726
native_dram,1772728435.572606,7.1745,439.1746060848236
native_dram,1772728435.705864,7.1745,439.30786395072937
native_dram,1772728436.106975,7.1745,439.7089750766754
native_dram,1772728436.228044,7.1745,439.8300440311432
native_dram,1772728436.361488,7.1745,439.96348810195923
native_dram,1772728436.494446,7.1745,440.0964460372925
native_dram,1772728436.643127,7.1745,440.24512696266174
native_dram,1772728436.759501,7.1745,440.36150097846985
native_dram,1772728436.929716,7.1745,440.53171610832214
native_dram,1772728437.058226,7.1745,440.6602261066437
native_dram,1772728437.201775,7.1745,440.8037750720978
native_dram,1772728437.329625,7.1745,440.9316248893738
native_dram,1772728437.710265,7.1745,441.312264919281
native_dram,1772728437.842712,7.1745,441.44471192359924
native_dram,1772728437.975317,7.1745,441.5773169994354
native_dram,1772728438.106879,7.1745,441.70887899398804
native_dram,1772728438.239838,7.1745,441.8418378829956
native_dram,1772728438.374868,7.1745,441.97686791419983
native_dram,1772728438.524738,7.1745,442.12673807144165
native_dram,1772728438.641517,7.1745,442.24351692199707
native_dram,1772728438.774166,7.1745,442.3761661052704
native_dram,1772728439.136897,7.1745,442.7388970851898
native_dram,1772728439.286522,7.1745,442.88852190971375
native_dram,1772728439.402642,7.1745,443.0046420097351
native_dram,1772728439.534785,7.1745,443.136785030365
native_dram,1772728439.671868,7.1745,443.27386808395386
native_dram,1772728439.804198,7.1745,443.40619802474976
native_dram,1772728439.936897,7.1745,443.5388970375061
native_dram,1772728440.068299,7.1745,443.67029905319214
native_dram,1772728440.212388,7.1745,443.8143880367279
native_dram,1772728440.566156,7.1745,444.1681559085846
native_dram,1772728440.716417,7.1745,444.31841707229614
native_dram,1772728440.834481,7.1745,444.4364809989929
native_dram,1772728440.967304,7.1745,444.5693039894104
native_dram,1772728441.102394,7.1745,444.70439410209656
native_dram,1772728441.247891,7.1745,444.8498909473419
native_dram,1772728441.39231,7.1745,444.99430990219116
native_dram,1772728441.526127,7.1745,445.1281270980835
native_dram,1772728441.933318,7.1745,445.53531789779663
native_dram,1772728442.065957,7.1745,445.6679570674896
native_dram,1772728442.199249,7.1745,445.8012490272522
native_dram,1772728442.332489,7.1745,445.9344890117645
native_dram,1772728442.466935,7.1745,446.06893491744995
native_dram,1772728442.601485,7.1745,446.20348501205444
native_dram,1772728442.752009,7.1745,446.35400891304016
native_dram,1772728442.905588,7.1745,446.5075879096985
native_dram,1772728443.023333,7.1745,446.625333070755
native_dram,1772728443.155686,7.1745,446.7576858997345
native_dram,1772728443.542589,7.1745,447.14458894729614
native_dram,1772728443.661183,7.1745,447.26318311691284
native_dram,1772728443.792583,7.1745,447.39458298683167
native_dram,1772728443.927627,7.1745,447.52962708473206
native_dram,1772728444.058478,7.1745,447.6604781150818
native_dram,1772728444.212391,7.1745,447.81439089775085
native_dram,1772728444.347741,7.1745,447.94974088668823
native_dram,1772728444.48348,7.1745,448.0854799747467
native_dram,1772728444.613926,7.1745,448.21592593193054
native_dram,1772728444.744426,7.1745,448.34642601013184
native_dram,1772728445.15063,7.1745,448.75262999534607
native_dram,1772728445.269109,7.1745,448.87110900878906
native_dram,1772728445.402993,7.1745,449.00499296188354
native_dram,1772728445.53673,7.1745,449.1387300491333
native_dram,1772728445.669264,7.1745,449.2712640762329
native_dram,1772728445.820815,7.1745,449.4228150844574
native_dram,1772728445.9394,7.1745,449.5413999557495
native_dram,1772728446.072704,7.1745,449.6747040748596
native_dram,1772728446.495237,7.1745,450.09723711013794
native_dram,1772728446.601505,7.1745,450.2035050392151
native_dram,1772728446.734072,7.1745,450.3360719680786
native_dram,1772728446.867957,7.1745,450.469957113266
native_dram,1772728447.021674,7.1745,450.62367391586304
native_dram,1772728447.137541,7.1745,450.739541053772
native_dram,1772728447.270688,7.1745,450.87268805503845
native_dram,1772728447.407647,7.1745,451.0096468925476
native_dram,1772728447.540292,7.1745,451.1422920227051
native_dram,1772728447.675047,7.1745,451.277046918869
native_dram,1772728448.093815,7.1745,451.69581508636475
native_dram,1772728448.230925,7.1745,451.83292508125305
native_dram,1772728448.362468,7.1745,451.96446800231934
native_dram,1772728448.495281,7.1745,452.0972809791565
native_dram,1772728448.629093,7.1745,452.2310929298401
native_dram,1772728448.789528,7.1745,452.39152789115906
native_dram,1772728448.906209,7.1745,452.50820899009705
native_dram,1772728449.058464,7.1745,452.6604640483856
native_dram,1772728449.478315,7.1745,453.0803151130676
native_dram,1772728449.58462,7.1745,453.18661999702454
native_dram,1772728449.716551,7.1745,453.3185510635376
native_dram,1772728449.858504,7.1745,453.4605040550232
native_dram,1772728449.97844,7.1745,453.5804400444031
native_dram,1772728450.111408,7.1745,453.71340799331665
native_dram,1772728450.264403,7.1745,453.86640310287476
native_dram,1772728450.405435,7.1745,454.0074350833893
native_dram,1772728450.548061,7.1745,454.1500608921051
native_dram,1772728450.712054,7.1745,454.3140540122986
native_dram,1772728451.211253,7.1745,454.8132529258728
native_dram,1772728451.312678,7.1745,454.91467809677124
native_dram,1772728451.431699,7.1745,455.03369903564453
native_dram,1772728451.56568,7.1745,455.1676800251007
native_dram,1772728451.700694,7.1745,455.30269408226013
native_dram,1772728451.867147,7.1745,455.4691469669342
native_dram,1772728452.001819,7.1745,455.6038188934326
native_dram,1772728452.135123,7.1745,455.7371230125427
native_dram,1772728452.544638,7.1745,456.14663791656494
native_dram,1772728452.651857,7.1745,456.2538568973541
native_dram,1772728452.785839,7.1745,456.3878390789032
native_dram,1772728452.905873,7.1745,456.5078730583191
native_dram,1772728453.037907,7.1745,456.63990688323975
native_dram,1772728453.173881,7.1745,456.7758810520172
native_dram,1772728453.308221,7.1745,456.9102210998535
native_dram,1772728453.452434,7.1745,457.0544340610504
native_dram,1772728453.584957,7.1745,457.1869568824768
native_dram,1772728454.02926,7.1745,457.6312599182129
native_dram,1772728454.166631,7.1745,457.7686309814453
native_dram,1772728454.300778,7.1745,457.90277791023254
native_dram,1772728454.4327,7.1745,458.0346999168396
native_dram,1772728454.567912,7.1745,458.16991209983826
native_dram,1772728454.703147,7.1745,458.30514693260193
native_dram,1772728454.836267,7.1745,458.43826699256897
native_dram,1772728454.971736,7.1745,458.5737359523773
native_dram,1772728455.104353,7.1745,458.70635294914246
native_dram,1772728455.510941,7.1745,459.1129410266876
native_dram,1772728455.61409,7.1745,459.21608996391296
native_dram,1772728455.752712,7.1745,459.35471200942993
native_dram,1772728455.887449,7.1745,459.48944902420044
native_dram,1772728456.043644,7.1745,459.64564394950867
native_dram,1772728456.15861,7.1745,459.7606101036072
native_dram,1772728456.29289,7.1745,459.89489006996155
native_dram,1772728456.46202,7.1745,460.0640199184418
native_dram,1772728456.581557,7.1745,460.1835570335388
native_dram,1772728456.95143,7.1745,460.5534300804138
native_dram,1772728457.0833,7.1745,460.68530011177063
native_dram,1772728457.216457,7.1745,460.81845688819885
native_dram,1772728457.368234,7.1745,460.9702339172363
native_dram,1772728457.503016,7.1745,461.1050159931183
native_dram,1772728457.636336,7.1745,461.2383360862732
native_dram,1772728457.77152,7.1745,461.37351989746094
native_dram,1772728457.90628,7.1745,461.5082800388336
native_dram,1772728458.04139,7.1745,461.64338994026184
native_dram,1772728458.473175,7.1745,462.0751750469208
native_dram,1772728458.621886,7.1745,462.223886013031
native_dram,1772728458.757637,7.1745,462.35963702201843
native_dram,1772728458.89449,7.1745,462.49649000167847
native_dram,1772728459.048923,7.1745,462.65092301368713
native_dram,1772728459.165532,7.1745,462.76753211021423
native_dram,1772728459.301337,7.1745,462.90333700180054
native_dram,1772728459.436122,7.1745,463.03812193870544
native_dram,1772728459.58748,7.1745,463.18948006629944
native_dram,1772728460.080572,7.1745,463.68257188796997
native_dram,1772728460.18346,7.1745,463.7854599952698
native_dram,1772728460.284562,7.1745,463.88656210899353
native_dram,1772728460.421406,7.1745,464.02340602874756
native_dram,1772728460.543266,7.1745,464.1452660560608
native_dram,1772728460.678563,7.1745,464.2805631160736
native_dram,1772728460.814468,7.1745,464.41646790504456
native_dram,1772728460.952618,7.1745,464.5546178817749
native_dram,1772728461.085425,7.1745,464.6874248981476
native_dram,1772728461.56789,7.1745,465.1698899269104
native_dram,1772728461.678643,7.1745,465.2806429862976
native_dram,1772728461.812687,7.1745,465.41468691825867
native_dram,1772728461.963646,7.1745,465.56564593315125
native_dram,1772728462.080234,7.1745,465.6822340488434
native_dram,1772728462.234617,7.1745,465.83661699295044
native_dram,1772728462.352936,7.1745,465.95493602752686
native_dram,1772728462.486811,7.1745,466.08881092071533
native_dram,1772728462.623144,7.1745,466.22514390945435
native_dram,1772728462.999241,7.1745,466.60124111175537
native_dram,1772728463.135701,7.1745,466.73770093917847
native_dram,1772728463.270541,7.1745,466.87254095077515
native_dram,1772728463.406116,7.1745,467.0081160068512
native_dram,1772728463.539237,7.1745,467.14123702049255
native_dram,1772728463.674085,7.1745,467.27608489990234
native_dram,1772728463.810297,7.1745,467.41229701042175
native_dram,1772728463.944898,7.1745,467.5468978881836
native_dram,1772728464.095142,7.1745,467.69714188575745
native_dram,1772728464.478214,7.1745,468.0802140235901
native_dram,1772728464.61362,7.1745,468.21562004089355
native_dram,1772728464.746459,7.1745,468.34845900535583
native_dram,1772728464.880985,7.1745,468.48298501968384
native_dram,1772728465.015576,7.1745,468.61757588386536
native_dram,1772728465.153471,7.1745,468.75547099113464
native_dram,1772728465.290519,7.1745,468.8925189971924
native_dram,1772728465.427645,7.1745,469.0296449661255
native_dram,1772728465.815525,7.1745,469.4175250530243
native_dram,1772728465.949083,7.1745,469.55108308792114
native_dram,1772728466.086462,7.1745,469.6884620189667
native_dram,1772728466.218029,7.1745,469.82002902030945
native_dram,1772728466.39078,7.1745,469.99277997016907
native_dram,1772728466.528967,7.1745,470.1309669017792
native_dram,1772728466.669148,7.1745,470.2711479663849
native_dram,1772728466.806499,7.1745,470.40849900245667
native_dram,1772728466.969596,7.1745,470.5715959072113
native_dram,1772728467.324509,7.1745,470.9265089035034
native_dram,1772728467.4575,7.1745,471.05949997901917
native_dram,1772728467.593419,7.1745,471.19541907310486
native_dram,1772728467.727279,7.1745,471.32927894592285
native_dram,1772728467.863729,7.1745,471.4657289981842
native_dram,1772728467.996902,7.1745,471.5989019870758
native_dram,1772728468.151786,7.1745,471.75378608703613
native_dram,1772728468.275178,7.1745,471.8771779537201
native_dram,1772728468.410982,7.1745,472.0129818916321
native_dram,1772728468.940982,7.1745,472.54298210144043
native_dram,1772728469.078748,7.1745,472.68074798583984
native_dram,1772728469.214396,7.1745,472.8163959980011
native_dram,1772728469.347819,7.1745,472.9498190879822
native_dram,1772728469.484603,7.1745,473.0866029262543
native_dram,1772728469.631646,7.1745,473.2336459159851
native_dram,1772728469.76704,7.1745,473.3690400123596
native_dram,1772728469.914781,7.1745,473.51678109169006
native_dram,1772728470.057119,7.1745,473.65911889076233
native_dram,1772728470.409237,7.1745,474.01123690605164
native_dram,1772728470.565035,7.1745,474.16703510284424
native_dram,1772728470.679773,7.1745,474.28177309036255
native_dram,1772728470.815503,7.1745,474.41750288009644
native_dram,1772728470.950622,7.1745,474.55262207984924
native_dram,1772728471.107261,7.1745,474.70926094055176
native_dram,1772728471.223384,7.1745,474.82538390159607
native_dram,1772728471.357759,7.1745,474.9597589969635
native_dram,1772728471.49178,7.1745,475.09378004074097
native_dram,1772728472.001863,7.1745,475.60386300086975
native_dram,1772728472.129676,7.1745,475.73167610168457
native_dram,1772728472.27013,7.1745,475.8721299171448
native_dram,1772728472.407703,7.1745,476.0097029209137
native_dram,1772728472.540907,7.1745,476.1429069042206
native_dram,1772728472.678029,7.1745,476.2800290584564
native_dram,1772728472.812178,7.1745,476.4141778945923
native_dram,1772728472.945887,7.1745,476.5478870868683
native_dram,1772728473.375533,7.1745,476.9775331020355
native_dram,1772728473.500263,7.1745,477.1022629737854
native_dram,1772728473.638402,7.1745,477.2404019832611
native_dram,1772728473.774227,7.1745,477.37622690200806
native_dram,1772728473.909684,7.1745,477.51168394088745
native_dram,1772728474.046115,7.1745,477.6481149196625
native_dram,1772728474.182785,7.1745,477.78478503227234
native_dram,1772728474.33434,7.1745,477.93634009361267
native_dram,1772728474.698789,7.1745,478.30078887939453
native_dram,1772728474.833204,7.1745,478.43520402908325
native_dram,1772728474.968899,7.1745,478.5708990097046
native_dram,1772728475.102221,7.1745,478.70422101020813
native_dram,1772728475.238656,7.1745,478.840656042099
native_dram,1772728475.374495,7.1745,478.9764950275421
native_dram,1772728475.511477,7.1745,479.11347699165344
native_dram,1772728475.648477,7.1745,479.2504770755768
native_dram,1772728475.789827,7.1745,479.39182710647583
native_dram,1772728476.173657,7.1745,479.77565693855286
native_dram,1772728476.325431,7.1745,479.9274311065674
native_dram,1772728476.444184,7.1745,480.04618406295776
native_dram,1772728476.581648,7.1745,480.18364810943604
native_dram,1772728476.71624,7.1745,480.31823992729187
native_dram,1772728476.874183,7.1745,480.47618293762207
native_dram,1772728477.007951,7.1745,480.6099510192871
native_dram,1772728477.124639,7.1745,480.7266390323639
native_dram,1772728477.259881,7.1745,480.86188101768494
native_dram,1772728477.704608,7.1745,481.30660796165466
native_dram,1772728477.84099,7.1745,481.442990064621
native_dram,1772728477.973663,7.1745,481.5756630897522
native_dram,1772728478.125071,7.1745,481.7270710468292
native_dram,1772728478.262033,7.1745,481.8640329837799
native_dram,1772728478.38118,7.1745,481.98318004608154
native_dram,1772728478.514395,7.1745,482.11639499664307
native_dram,1772728478.651168,7.1745,482.2531681060791
native_dram,1772728479.126022,7.1745,482.72802209854126
native_dram,1772728479.262693,7.1745,482.86469292640686
native_dram,1772728479.395307,7.1745,482.99730706214905
native_dram,1772728479.554743,7.1745,483.1567430496216
native_dram,1772728479.699512,7.1745,483.30151200294495
native_dram,1772728479.81793,7.1745,483.4199299812317
native_dram,1772728479.955354,7.1745,483.5573539733887
native_dram,1772728480.089934,7.1745,483.69193410873413
native_dram,1772728480.501014,7.1745,484.10301399230957
native_dram,1772728480.61552,7.1745,484.2175199985504
native_dram,1772728480.764877,7.1745,484.36687707901
native_dram,1772728480.902726,7.1745,484.50472593307495
native_dram,1772728481.037374,7.1745,484.63937401771545
native_dram,1772728481.17391,7.1745,484.7759099006653
native_dram,1772728481.325371,7.1745,484.92737102508545
native_dram,1772728481.464884,7.1745,485.0668840408325
native_dram,1772728481.597997,7.1745,485.1999969482422
native_dram,1772728482.016852,7.1745,485.6188519001007
native_dram,1772728482.122644,7.1745,485.72464394569397
native_dram,1772728482.257292,7.1745,485.8592920303345
native_dram,1772728482.391564,7.1745,485.99356389045715
native_dram,1772728482.527156,7.1745,486.1291561126709
native_dram,1772728482.664551,7.1745,486.26655101776123
native_dram,1772728482.798911,7.1745,486.4009110927582
native_dram,1772728482.934698,7.1745,486.53669810295105
native_dram,1772728483.092321,7.1745,486.6943209171295
native_dram,1772728483.533401,7.1745,487.1354010105133
native_dram,1772728483.66924,7.1745,487.2712399959564
native_dram,1772728483.803602,7.1745,487.405601978302
native_dram,1772728483.946824,7.1745,487.54882407188416
native_dram,1772728484.081313,7.1745,487.6833128929138
native_dram,1772728484.233259,7.1745,487.8352589607239
native_dram,1772728484.35233,7.1745,487.9543299674988
native_dram,1772728484.486636,7.1745,488.08863592147827
native_dram,1772728484.938429,7.1745,488.5404291152954
native_dram,1772728485.057172,7.1745,488.65917205810547
native_dram,1772728485.194727,7.1745,488.7967269420624
native_dram,1772728485.330913,7.1745,488.93291306495667
native_dram,1772728485.465898,7.1745,489.06789803504944
native_dram,1772728485.600452,7.1745,489.2024519443512
native_dram,1772728485.758927,7.1745,489.36092710494995
native_dram,1772728485.892862,7.1745,489.49486207962036
native_dram,1772728486.325413,7.1745,489.92741298675537
native_dram,1772728486.449151,7.1745,490.0511510372162
native_dram,1772728486.58113,7.1745,490.18313002586365
native_dram,1772728486.716613,7.1745,490.31861305236816
native_dram,1772728486.858301,7.1745,490.4603009223938
native_dram,1772728487.011414,7.1745,490.61341404914856
native_dram,1772728487.142909,7.1745,490.74490904808044
native_dram,1772728487.280306,7.1745,490.882306098938
native_dram,1772728487.415371,7.1745,491.01737093925476
native_dram,1772728487.840104,7.1745,491.44210410118103
native_dram,1772728487.955144,7.1745,491.5571439266205
native_dram,1772728488.088717,7.1745,491.6907169818878
native_dram,1772728488.224271,7.1745,491.8262710571289
native_dram,1772728488.358429,7.1745,491.9604289531708
native_dram,1772728488.496976,7.1745,492.0989758968353
native_dram,1772728488.630468,7.1745,492.23246788978577
native_dram,1772728488.785166,7.1745,492.3871660232544
native_dram,1772728489.20804,7.1745,492.81003999710083
native_dram,1772728489.308661,7.1745,492.91066098213196
native_dram,1772728489.413013,7.1745,493.01501297950745
native_dram,1772728489.553037,7.1745,493.15503692626953
native_dram,1772728489.696806,7.1745,493.29880595207214
native_dram,1772728489.875057,7.1745,493.47705698013306
native_dram,1772728489.978819,7.1745,493.58081889152527
native_dram,1772728490.114119,7.1745,493.7161190509796
native_dram,1772728490.250429,7.1745,493.85242891311646
native_dram,1772728490.716944,7.1745,494.31894397735596
native_dram,1772728490.82034,7.1745,494.42233991622925
native_dram,1772728490.937432,7.1745,494.5394320487976
native_dram,1772728491.072695,7.1745,494.6746950149536
native_dram,1772728491.209193,7.1745,494.81119298934937
native_dram,1772728491.364669,7.1745,494.9666690826416
native_dram,1772728491.480292,7.1745,495.08229207992554
native_dram,1772728491.613961,7.1745,495.21596097946167
native_dram,1772728492.010514,7.1745,495.61251401901245
native_dram,1772728492.125646,7.1745,495.727646112442
native_dram,1772728492.259372,7.1745,495.86137199401855
native_dram,1772728492.398717,7.1745,496.00071692466736
native_dram,1772728492.534073,7.1745,496.1360731124878
native_dram,1772728492.685716,7.1745,496.28771591186523
native_dram,1772728492.820233,7.1745,496.4222331047058
native_dram,1772728492.955408,7.1745,496.5574080944061
native_dram,1772728493.350295,7.1745,496.95229506492615
native_dram,1772728493.470183,7.1745,497.07218289375305
native_dram,1772728493.605124,7.1745,497.20712399482727
native_dram,1772728493.760896,7.1745,497.3628959655762
native_dram,1772728493.881078,7.1745,497.4830780029297
native_dram,1772728494.017414,7.1745,497.61941409111023
native_dram,1772728494.152359,7.1745,497.7543590068817
native_dram,1772728494.288029,7.1745,497.89002895355225
native_dram,1772728494.44192,7.1745,498.0439200401306
native_dram,1772728494.892089,7.1745,498.49408888816833
native_dram,1772728495.029366,7.1745,498.6313660144806
native_dram,1772728495.164366,7.1745,498.76636600494385
native_dram,1772728495.300344,7.1745,498.9023439884186
native_dram,1772728495.435542,7.1745,499.03754210472107
native_dram,1772728495.585572,7.1745,499.1875720024109
native_dram,1772728495.708781,7.1745,499.3107810020447
native_dram,1772728495.845079,7.1745,499.44707894325256
native_dram,1772728496.249026,7.1745,499.851026058197
native_dram,1772728496.364596,7.1745,499.9665958881378
native_dram,1772728496.49936,7.1745,500.10136008262634
native_dram,1772728496.633961,7.1745,500.2359609603882
native_dram,1772728496.76879,7.1745,500.3707900047302
native_dram,1772728496.918444,7.1745,500.5204439163208
native_dram,1772728497.069894,7.1745,500.6718940734863
native_dram,1772728497.206887,7.1745,500.8088870048523
native_dram,1772728497.603709,7.1745,501.2057089805603
native_dram,1772728497.708415,7.1745,501.31041502952576
native_dram,1772728497.852193,7.1745,501.4541931152344
native_dram,1772728498.00525,7.1745,501.60724997520447
native_dram,1772728498.141387,7.1745,501.74338698387146
native_dram,1772728498.293742,7.1745,501.8957419395447
native_dram,1772728498.429364,7.1745,502.0313639640808
native_dram,1772728498.564685,7.1745,502.1666851043701
native_dram,1772728498.700733,7.1745,502.3027329444885
native_dram,1772728499.110637,7.1745,502.71263694763184
native_dram,1772728499.244898,7.1745,502.84689807891846
native_dram,1772728499.388891,7.1745,502.99089097976685
native_dram,1772728499.517895,7.1745,503.1198949813843
native_dram,1772728499.671043,7.1745,503.2730429172516
native_dram,1772728499.841826,7.1745,503.4438259601593
native_dram,1772728499.960654,7.1745,503.5626540184021
native_dram,1772728500.133197,7.1745,503.73519706726074
native_dram,1772728500.517117,7.1745,504.11911702156067
native_dram,1772728500.642787,7.1745,504.24478697776794
native_dram,1772728500.793938,7.1745,504.3959379196167
native_dram,1772728500.915812,7.1745,504.5178120136261
native_dram,1772728501.067327,7.1745,504.66932702064514
native_dram,1772728501.186719,7.1745,504.7887189388275
native_dram,1772728501.323465,7.1745,504.9254651069641
native_dram,1772728501.457443,7.1745,505.05944299697876
native_dram,1772728501.893283,7.1745,505.4952828884125
native_dram,1772728502.030086,7.1745,505.6320860385895
native_dram,1772728502.170544,7.1745,505.7725439071655
native_dram,1772728502.305725,7.1745,505.9077250957489
native_dram,1772728502.440704,7.1745,506.0427041053772
native_dram,1772728502.575853,7.1745,506.1778531074524
native_dram,1772728502.709998,7.1745,506.3119978904724
native_dram,1772728502.843377,7.1745,506.44537711143494
native_dram,1772728502.978812,7.1745,506.5808119773865
native_dram,1772728503.472846,7.1745,507.0748460292816
native_dram,1772728503.614228,7.1745,507.21622800827026
native_dram,1772728503.751636,7.1745,507.35363602638245
native_dram,1772728503.886899,7.1745,507.48889899253845
native_dram,1772728504.025494,7.1745,507.627494096756
native_dram,1772728504.164161,7.1745,507.7661609649658
native_dram,1772728504.302374,7.1745,507.90437388420105
native_dram,1772728504.456785,7.1745,508.05878496170044
native_dram,1772728504.852835,7.1745,508.4548349380493
native_dram,1772728504.97448,7.1745,508.5764799118042
native_dram,1772728505.10914,7.1745,508.71113991737366
native_dram,1772728505.245508,7.1745,508.8475079536438
native_dram,1772728505.383959,7.1745,508.98595905303955
native_dram,1772728505.522168,7.1745,509.12416791915894
native_dram,1772728505.659281,7.1745,509.26128101348877
native_dram,1772728505.795654,7.1745,509.3976540565491
native_dram,1772728506.173328,7.1745,509.7753279209137
native_dram,1772728506.312044,7.1745,509.91404390335083
native_dram,1772728506.463391,7.1745,510.0653910636902
native_dram,1772728506.584962,7.1745,510.18696188926697
native_dram,1772728506.726127,7.1745,510.32812690734863
native_dram,1772728506.863388,7.1745,510.4653880596161
native_dram,1772728507.000178,7.1745,510.60217809677124
native_dram,1772728507.136528,7.1745,510.73852801322937
native_dram,1772728507.567235,7.1745,511.1692349910736
native_dram,1772728507.703725,7.1745,511.30572509765625
native_dram,1772728507.856056,7.1745,511.458055973053
native_dram,1772728507.974433,7.1745,511.5764329433441
native_dram,1772728508.110518,7.1745,511.71251797676086
native_dram,1772728508.252381,7.1745,511.85438108444214
native_dram,1772728508.402127,7.1745,512.0041270256042
native_dram,1772728508.544062,7.1745,512.1460618972778
native_dram,1772728508.924982,7.1745,512.5269820690155
native_dram,1772728509.062119,7.1745,512.6641190052032
native_dram,1772728509.213237,7.1745,512.8152370452881
native_dram,1772728509.339454,7.1745,512.9414539337158
native_dram,1772728509.476973,7.1745,513.0789730548859
native_dram,1772728509.611469,7.1745,513.2134690284729
native_dram,1772728509.74852,7.1745,513.3505198955536
native_dram,1772728509.903157,7.1745,513.505156993866
native_dram,1772728510.037525,7.1745,513.639524936676
native_dram,1772728510.453617,7.1745,514.0556170940399
native_dram,1772728510.590268,7.1745,514.1922678947449
native_dram,1772728510.72541,7.1745,514.3274099826813
native_dram,1772728510.861395,7.1745,514.4633948802948
native_dram,1772728510.996269,7.1745,514.5982689857483
native_dram,1772728511.132339,7.1745,514.7343389987946
native_dram,1772728511.274148,7.1745,514.8761479854584
native_dram,1772728511.409431,7.1745,515.011430978775
native_dram,1772728511.854249,7.1745,515.456248998642
native_dram,1772728511.980218,7.1745,515.5822179317474
native_dram,1772728512.117691,7.1745,515.7196910381317
native_dram,1772728512.253021,7.1745,515.8550209999084
native_dram,1772728512.435227,7.1745,516.0372269153595
native_dram,1772728512.557535,7.1745,516.1595349311829
native_dram,1772728512.686014,7.1745,516.2880139350891
native_dram,1772728512.838249,7.1745,516.440248966217
native_dram,1772728513.236299,7.1745,516.838299036026
native_dram,1772728513.342659,7.1745,516.9446589946747
native_dram,1772728513.480453,7.1745,517.0824530124664
native_dram,1772728513.616143,7.1745,517.2181429862976
native_dram,1772728513.751451,7.1745,517.3534510135651
native_dram,1772728513.887535,7.1745,517.4895350933075
native_dram,1772728514.023817,7.1745,517.6258170604706
native_dram,1772728514.160064,7.1745,517.7620639801025
native_dram,1772728514.297443,7.1745,517.8994429111481
native_dram,1772728514.8443,7.1745,518.4463000297546
native_dram,1772728514.980919,7.1745,518.58291888237
native_dram,1772728515.120346,7.1745,518.7223460674286
native_dram,1772728515.256643,7.1745,518.8586430549622
native_dram,1772728515.411678,7.1745,519.013678073883
native_dram,1772728515.563522,7.1745,519.1655220985413
native_dram,1772728515.720004,7.1745,519.3220040798187
native_dram,1772728515.835432,7.1745,519.437432050705
native_dram,1772728515.971365,7.1745,519.5733649730682
native_dram,1772728516.413389,7.1745,520.0153889656067
native_dram,1772728516.520612,7.1745,520.1226119995117
native_dram,1772728516.656391,7.1745,520.2583909034729
native_dram,1772728516.812735,7.1745,520.4147350788116
native_dram,1772728516.952484,7.1745,520.5544838905334
native_dram,1772728517.087379,7.1745,520.6893789768219
native_dram,1772728517.228198,7.1745,520.8301980495453
native_dram,1772728517.38297,7.1745,520.9849700927734
native_dram,1772728517.510905,7.1745,521.1129050254822
native_dram,1772728517.917313,7.1745,521.5193130970001
native_dram,1772728518.032066,7.1745,521.6340661048889
native_dram,1772728518.186128,7.1745,521.7881278991699
native_dram,1772728518.305244,7.1745,521.9072439670563
native_dram,1772728518.440964,7.1745,522.0429639816284
native_dram,1772728518.575551,7.1745,522.1775510311127
native_dram,1772728518.711809,7.1745,522.3138089179993
native_dram,1772728518.867069,7.1745,522.4690690040588
native_dram,1772728518.987981,7.1745,522.5899810791016
native_dram,1772728519.410681,7.1745,523.0126810073853
native_dram,1772728519.553114,7.1745,523.1551139354706
native_dram,1772728519.683877,7.1745,523.2858769893646
native_dram,1772728519.822896,7.1745,523.4248960018158
native_dram,1772728519.959966,7.1745,523.5619659423828
native_dram,1772728520.097137,7.1745,523.6991369724274
native_dram,1772728520.251315,7.1745,523.853315114975
native_dram,1772728520.371938,7.1745,523.9739379882812
native_dram,1772728520.508095,7.1745,524.1100950241089
native_dram,1772728520.999009,7.1745,524.6010088920593
native_dram,1772728521.156441,7.1745,524.7584409713745
native_dram,1772728521.276367,7.1745,524.8783669471741
native_dram,1772728521.416724,7.1745,525.0187239646912
native_dram,1772728521.553818,7.1745,525.1558179855347
native_dram,1772728521.691363,7.1745,525.2933630943298
native_dram,1772728521.832589,7.1745,525.4345889091492
native_dram,1772728521.969014,7.1745,525.5710139274597
native_dram,1772728522.401505,7.1745,526.0035049915314
native_dram,1772728522.514012,7.1745,526.116012096405
native_dram,1772728522.643543,7.1745,526.2455430030823
native_dram,1772728522.77895,7.1745,526.3809499740601
native_dram,1772728522.915406,7.1745,526.5174059867859
native_dram,1772728523.050946,7.1745,526.6529459953308
native_dram,1772728523.206853,7.1745,526.8088529109955
native_dram,1772728523.337524,7.1745,526.939523935318
native_dram,1772728523.7798,7.1745,527.3817999362946
native_dram,1772728523.910827,7.1745,527.5128269195557
native_dram,1772728524.066899,7.1745,527.6688990592957
native_dram,1772728524.184072,7.1745,527.7860720157623
native_dram,1772728524.318907,7.1745,527.9209070205688
native_dram,1772728524.457333,7.1745,528.0593330860138
native_dram,1772728524.592751,7.1745,528.1947510242462
native_dram,1772728524.752214,7.1745,528.3542139530182
native_dram,1772728525.191442,7.1745,528.7934420108795
native_dram,1772728525.329012,7.1745,528.9310119152069
native_dram,1772728525.467926,7.1745,529.0699260234833
native_dram,1772728525.603233,7.1745,529.2052330970764
native_dram,1772728525.740463,7.1745,529.34246301651
native_dram,1772728525.879566,7.1745,529.481565952301
native_dram,1772728526.016697,7.1745,529.6186969280243
native_dram,1772728526.152635,7.1745,529.7546350955963
native_dram,1772728526.289655,7.1745,529.8916549682617
native_dram,1772728526.70985,7.1745,530.3118500709534
native_dram,1772728526.816218,7.1745,530.4182178974152
native_dram,1772728526.945183,7.1745,530.5471830368042
native_dram,1772728527.081913,7.1745,530.6839129924774
native_dram,1772728527.219121,7.1745,530.8211209774017
native_dram,1772728527.355309,7.1745,530.9573090076447
native_dram,1772728527.493431,7.1745,531.0954310894012
native_dram,1772728527.633457,7.1745,531.235456943512
native_dram,1772728528.029351,7.1745,531.6313509941101
native_dram,1772728528.168013,7.1745,531.7700130939484
native_dram,1772728528.307823,7.1745,531.9098229408264
native_dram,1772728528.444018,7.1745,532.0460178852081
native_dram,1772728528.583012,7.1745,532.1850121021271
native_dram,1772728528.725794,7.1745,532.3277940750122
native_dram,1772728528.863269,7.1745,532.4652690887451
native_dram,1772728528.997691,7.1745,532.599690914154
native_dram,1772728529.485173,7.1745,533.0871729850769
native_dram,1772728529.637497,7.1745,533.2394969463348
native_dram,1772728529.760894,7.1745,533.3628940582275
native_dram,1772728529.920311,7.1745,533.5223109722137
native_dram,1772728530.039027,7.1745,533.6410269737244
native_dram,1772728530.176267,7.1745,533.7782669067383
native_dram,1772728530.312193,7.1745,533.9141929149628
native_dram,1772728530.721444,7.1745,534.3234438896179
native_dram,1772728530.849313,7.1745,534.4513130187988
native_dram,1772728531.004543,7.1745,534.6065430641174
native_dram,1772728531.124914,7.1745,534.7269139289856
native_dram,1772728531.263101,7.1745,534.8651010990143
native_dram,1772728531.399538,7.1745,535.0015380382538
native_dram,1772728531.534772,7.1745,535.1367719173431
native_dram,1772728531.691879,7.1745,535.293879032135
native_dram,1772728531.830268,7.1745,535.4322679042816
native_dram,1772728532.240253,7.1745,535.8422529697418
native_dram,1772728532.403336,7.1745,536.0053360462189
native_dram,1772728532.514519,7.1745,536.1165189743042
native_dram,1772728532.652555,7.1745,536.2545549869537
native_dram,1772728532.794457,7.1745,536.3964569568634
native_dram,1772728532.929587,7.1745,536.5315868854523
native_dram,1772728533.086768,7.1745,536.6887679100037
native_dram,1772728533.225242,7.1745,536.827241897583
native_dram,1772728533.623068,7.1745,537.2250680923462
native_dram,1772728533.747106,7.1745,537.3491060733795
native_dram,1772728533.883626,7.1745,537.4856259822845
native_dram,1772728534.025342,7.1745,537.6273419857025
native_dram,1772728534.163662,7.1745,537.7656619548798
native_dram,1772728534.303574,7.1745,537.9055740833282
native_dram,1772728534.440988,7.1745,538.0429880619049
native_dram,1772728534.841871,7.1745,538.4438710212708
native_dram,1772728534.988663,7.1745,538.5906629562378
native_dram,1772728535.119986,7.1745,538.7219860553741
native_dram,1772728535.285528,7.1745,538.8875279426575
native_dram,1772728535.403897,7.1745,539.0058970451355
native_dram,1772728535.541313,7.1745,539.1433129310608
native_dram,1772728535.684825,7.1745,539.2868249416351
native_dram,1772728535.815346,7.1745,539.4173460006714
native_dram,1772728536.262091,7.1745,539.8640909194946
native_dram,1772728536.378186,7.1745,539.9801859855652
native_dram,1772728536.515557,7.1745,540.1175570487976
native_dram,1772728536.653339,7.1745,540.2553389072418
native_dram,1772728536.790766,7.1745,540.3927659988403
native_dram,1772728536.946208,7.1745,540.5482079982758
native_dram,1772728537.065114,7.1745,540.6671140193939
native_dram,1772728537.200917,7.1745,540.8029170036316
native_dram,1772728537.846048,7.1745,541.4480481147766
native_dram,1772728537.946413,7.1745,541.5484130382538
native_dram,1772728538.062325,7.1745,541.6643249988556
native_dram,1772728538.202955,7.1745,541.8049550056458
native_dram,1772728538.373711,7.1745,541.975711107254
native_dram,1772728538.511563,7.1745,542.1135630607605
native_dram,1772728538.650938,7.1745,542.2529380321503
native_dram,1772728538.790939,7.1745,542.3929390907288
native_dram,1772728538.926646,7.1745,542.528645992279
native_dram,1772728539.361681,7.1745,542.9636809825897
native_dram,1772728539.48729,7.1745,543.0892899036407
native_dram,1772728539.611856,7.1745,543.2138559818268
native_dram,1772728539.747878,7.1745,543.3498780727386
native_dram,1772728539.900313,7.1745,543.5023128986359
native_dram,1772728540.026571,7.1745,543.6285710334778
native_dram,1772728540.161104,7.1745,543.7631039619446
native_dram,1772728540.560405,7.1745,544.1624050140381
native_dram,1772728540.68934,7.1745,544.2913401126862
native_dram,1772728540.819544,7.1745,544.4215440750122
native_dram,1772728540.95741,7.1745,544.5594100952148
native_dram,1772728541.095947,7.1745,544.6979470252991
native_dram,1772728541.233235,7.1745,544.8352348804474
native_dram,1772728541.371519,7.1745,544.9735190868378
native_dram,1772728541.509069,7.1745,545.1110689640045
native_dram,1772728541.911376,7.1745,545.5133759975433
native_dram,1772728542.043994,7.1745,545.6459939479828
native_dram,1772728542.182649,7.1745,545.7846488952637
native_dram,1772728542.321472,7.1745,545.9234719276428
native_dram,1772728542.481298,7.1745,546.0832979679108
native_dram,1772728542.652689,7.1745,546.2546889781952
native_dram,1772728542.757316,7.1745,546.359316110611
native_dram,1772728542.896429,7.1745,546.4984290599823
native_dram,1772728543.272725,7.1745,546.8747251033783
native_dram,1772728543.403238,7.1745,547.0052380561829
native_dram,1772728543.54095,7.1745,547.1429500579834
native_dram,1772728543.680127,7.1745,547.2821269035339
native_dram,1772728543.817132,7.1745,547.4191319942474
native_dram,1772728543.954716,7.1745,547.556715965271
native_dram,1772728544.092452,7.1745,547.694452047348
native_dram,1772728544.242229,7.1745,547.8442289829254
native_dram,1772728544.42348,7.1745,548.0254800319672
native_dram,1772728544.766609,7.1745,548.3686089515686
native_dram,1772728544.904214,7.1745,548.5062139034271
native_dram,1772728545.040712,7.1745,548.6427121162415
native_dram,1772728545.193839,7.1745,548.7958390712738
native_dram,1772728545.31643,7.1745,548.9184300899506
native_dram,1772728545.452963,7.1745,549.0549631118774
native_dram,1772728545.590733,7.1745,549.1927330493927
native_dram,1772728546.049725,7.1745,549.6517250537872
native_dram,1772728546.15008,7.1745,549.7520799636841
native_dram,1772728546.295007,7.1745,549.8970069885254
native_dram,1772728546.441378,7.1745,550.0433781147003
native_dram,1772728546.561471,7.1745,550.1634709835052
native_dram,1772728546.698355,7.1745,550.3003549575806
native_dram,1772728546.889852,7.1745,550.4918520450592
native_dram,1772728546.99223,7.1745,550.5942299365997
native_dram,1772728547.434786,7.1745,551.0367860794067
native_dram,1772728547.572731,7.1745,551.1747310161591
native_dram,1772728547.713974,7.1745,551.3159739971161
native_dram,1772728547.852497,7.1745,551.4544970989227
native_dram,1772728548.01385,7.1745,551.6158499717712
native_dram,1772728548.15185,7.1745,551.7538499832153
native_dram,1772728548.310206,7.1745,551.9122059345245
native_dram,1772728548.442132,7.1745,552.0441319942474
native_dram,1772728548.845993,7.1745,552.4479930400848
native_dram,1772728548.951981,7.1745,552.5539810657501
native_dram,1772728549.089245,7.1745,552.6912450790405
native_dram,1772728549.230299,7.1745,552.8322989940643
native_dram,1772728549.36717,7.1745,552.9691700935364
native_dram,1772728549.503945,7.1745,553.105945110321
native_dram,1772728549.642379,7.1745,553.2443790435791
native_dram,1772728549.783643,7.1745,553.3856430053711
native_dram,1772728550.227029,7.1745,553.829029083252
native_dram,1772728550.347131,7.1745,553.9491310119629
native_dram,1772728550.489006,7.1745,554.0910060405731
native_dram,1772728550.625693,7.1745,554.2276930809021
native_dram,1772728550.78484,7.1745,554.3868401050568
native_dram,1772728550.920283,7.1745,554.52228307724
native_dram,1772728551.058195,7.1745,554.6601951122284
native_dram,1772728551.194367,7.1745,554.7963669300079
native_dram,1772728551.651442,7.1745,555.2534420490265
native_dram,1772728551.75281,7.1745,555.3548099994659
native_dram,1772728551.872869,7.1745,555.4748690128326
native_dram,1772728551.994215,7.1745,555.5962150096893
native_dram,1772728552.131874,7.1745,555.7338740825653
native_dram,1772728552.268895,7.1745,555.870894908905
native_dram,1772728552.411928,7.1745,556.013927936554
native_dram,1772728552.882274,7.1745,556.4842739105225
native_dram,1772728553.019537,7.1745,556.6215369701385
native_dram,1772728553.156633,7.1745,556.7586328983307
native_dram,1772728553.29884,7.1745,556.9008400440216
native_dram,1772728553.436476,7.1745,557.0384759902954
native_dram,1772728553.573077,7.1745,557.1750769615173
native_dram,1772728553.75992,7.1745,557.3619198799133
native_dram,1772728553.880105,7.1745,557.4821050167084
native_dram,1772728554.322416,7.1745,557.9244160652161
native_dram,1772728554.437484,7.1745,558.0394840240479
native_dram,1772728554.558877,7.1745,558.1608769893646
native_dram,1772728554.711248,7.1745,558.3132479190826
native_dram,1772728554.833813,7.1745,558.4358129501343
native_dram,1772728554.97224,7.1745,558.5742399692535
native_dram,1772728555.128804,7.1745,558.7308039665222
native_dram,1772728555.248756,7.1745,558.8507559299469
native_dram,1772728555.692859,7.1745,559.2948589324951
native_dram,1772728555.832906,7.1745,559.4349060058594
native_dram,1772728555.97159,7.1745,559.5735900402069
native_dram,1772728556.113071,7.1745,559.7150709629059
native_dram,1772728556.284467,7.1745,559.8864669799805
native_dram,1772728556.421819,7.1745,560.0238189697266
native_dram,1772728556.564324,7.1745,560.1663239002228
native_dram,1772728556.700619,7.1745,560.3026189804077
native_dram,1772728557.088833,7.1745,560.6908330917358
native_dram,1772728557.244771,7.1745,560.8467710018158
native_dram,1772728557.365614,7.1745,560.9676139354706
native_dram,1772728557.504264,7.1745,561.1062641143799
native_dram,1772728557.642044,7.1745,561.2440440654755
native_dram,1772728557.781332,7.1745,561.3833320140839
native_dram,1772728557.918018,7.1745,561.5200181007385
native_dram,1772728558.054456,7.1745,561.6564559936523
native_dram,1772728558.732284,7.1745,562.3342840671539
native_dram,1772728558.833112,7.1745,562.4351119995117
native_dram,1772728558.952604,7.1745,562.5546040534973
native_dram,1772728559.097978,7.1745,562.6999781131744
native_dram,1772728559.235553,7.1745,562.837553024292
native_dram,1772728559.373249,7.1745,562.9752490520477
native_dram,1772728559.526937,7.1745,563.1289370059967
native_dram,1772728559.648338,7.1745,563.2503380775452
native_dram,1772728560.097523,7.1745,563.6995229721069
native_dram,1772728560.236597,7.1745,563.8385970592499
native_dram,1772728560.375384,7.1745,563.9773840904236
native_dram,1772728560.510936,7.1745,564.1129360198975
native_dram,1772728560.652544,7.1745,564.2545440196991
native_dram,1772728560.78985,7.1745,564.3918499946594
native_dram,1772728560.930955,7.1745,564.5329549312592
native_dram,1772728561.074435,7.1745,564.6764349937439
native_dram,1772728561.50463,7.1745,565.1066300868988
native_dram,1772728561.644753,7.1745,565.2467529773712
native_dram,1772728561.782395,7.1745,565.3843948841095
native_dram,1772728561.935346,7.1745,565.5373458862305
native_dram,1772728562.089585,7.1745,565.6915850639343
native_dram,1772728562.22737,7.1745,565.8293700218201
native_dram,1772728562.37001,7.1745,565.972009897232
native_dram,1772728562.782905,7.1745,566.3849050998688
native_dram,1772728562.921178,7.1745,566.5231781005859
native_dram,1772728563.062284,7.1745,566.66428399086
native_dram,1772728563.198961,7.1745,566.8009610176086
native_dram,1772728563.337482,7.1745,566.9394819736481
native_dram,1772728563.476382,7.1745,567.0783820152283
native_dram,1772728563.649371,7.1745,567.2513709068298
native_dram,1772728563.842056,7.1745,567.4440560340881
native_dram,1772728564.198585,7.1745,567.8005850315094
native_dram,1772728564.35254,7.1745,567.954540014267
native_dram,1772728564.475095,7.1745,568.0770950317383
native_dram,1772728564.612723,7.1745,568.214723110199
native_dram,1772728564.750466,7.1745,568.3524661064148
native_dram,1772728564.889977,7.1745,568.4919769763947
native_dram,1772728565.02789,7.1745,568.6298899650574
native_dram,1772728565.722832,7.1745,569.3248319625854
native_dram,1772728565.837967,7.1745,569.439966917038
native_dram,1772728565.977027,7.1745,569.5790269374847
native_dram,1772728566.113423,7.1745,569.7154231071472
native_dram,1772728566.252733,7.1745,569.8547329902649
native_dram,1772728566.400467,7.1745,570.002466917038
native_dram,1772728566.5384,7.1745,570.1403999328613
native_dram,1772728566.72074,7.1745,570.3227400779724
native_dram,1772728567.129821,7.1745,570.7318210601807
native_dram,1772728567.246587,7.1745,570.8485870361328
native_dram,1772728567.397184,7.1745,570.9991838932037
native_dram,1772728567.536878,7.1745,571.1388781070709
native_dram,1772728567.6923,7.1745,571.2943000793457
native_dram,1772728567.817621,7.1745,571.4196209907532
native_dram,1772728567.984755,7.1745,571.5867550373077
native_dram,1772728568.489273,7.1745,572.0912730693817
native_dram,1772728568.622775,7.1745,572.2247750759125
native_dram,1772728568.760324,7.1745,572.3623239994049
native_dram,1772728568.896887,7.1745,572.4988870620728
native_dram,1772728569.035085,7.1745,572.6370849609375
native_dram,1772728569.17387,7.1745,572.7758700847626
native_dram,1772728569.31156,7.1745,572.9135599136353
native_dram,1772728569.468771,7.1745,573.0707709789276
native_dram,1772728570.029543,7.1745,573.6315429210663
native_dram,1772728570.175534,7.1745,573.7775340080261
native_dram,1772728570.333884,7.1745,573.9358839988708
native_dram,1772728570.454254,7.1745,574.0562539100647
native_dram,1772728570.630385,7.1745,574.2323849201202
native_dram,1772728570.769718,7.1745,574.3717179298401
native_dram,1772728570.906756,7.1745,574.5087559223175
native_dram,1772728571.339533,7.1745,574.9415330886841
native_dram,1772728571.446001,7.1745,575.0480010509491
native_dram,1772728571.585567,7.1745,575.1875669956207
native_dram,1772728571.73946,7.1745,575.3414599895477
native_dram,1772728571.865634,7.1745,575.4676339626312
native_dram,1772728572.004506,7.1745,575.6065061092377
native_dram,1772728572.145897,7.1745,575.7478969097137
native_dram,1772728572.285651,7.1745,575.8876509666443
native_dram,1772728572.69323,7.1745,576.2952299118042
native_dram,1772728572.833565,7.1745,576.435564994812
native_dram,1772728572.975363,7.1745,576.5773630142212
native_dram,1772728573.129662,7.1745,576.7316620349884
native_dram,1772728573.268611,7.1745,576.8706109523773
native_dram,1772728573.407008,7.1745,577.0090079307556
native_dram,1772728573.546172,7.1745,577.1481719017029
native_dram,1772728573.684639,7.1745,577.2866389751434
native_dram,1772728574.127508,7.1745,577.7295079231262
native_dram,1772728574.267199,7.1745,577.8691990375519
native_dram,1772728574.405846,7.1745,578.0078461170197
native_dram,1772728574.545161,7.1745,578.1471610069275
native_dram,1772728574.687788,7.1745,578.2897880077362
native_dram,1772728574.826849,7.1745,578.4288489818573
native_dram,1772728574.966587,7.1745,578.568587064743
native_dram,1772728575.105956,7.1745,578.7079560756683
native_dram,1772728575.516255,7.1745,579.1182548999786
native_dram,1772728575.656714,7.1745,579.2587139606476
native_dram,1772728575.814651,7.1745,579.4166510105133
native_dram,1772728575.934701,7.1745,579.536700963974
native_dram,1772728576.073658,7.1745,579.6756579875946
native_dram,1772728576.218649,7.1745,579.8206489086151
native_dram,1772728576.357472,7.1745,579.9594719409943
native_dram,1772728576.857799,7.1745,580.4597990512848
native_dram,1772728576.976024,7.1745,580.5780239105225
native_dram,1772728577.101767,7.1745,580.7037670612335
native_dram,1772728577.239136,7.1745,580.8411359786987
native_dram,1772728577.398763,7.1745,581.0007629394531
native_dram,1772728577.51924,7.1745,581.121239900589
native_dram,1772728577.661535,7.1745,581.2635350227356
native_dram,1772728577.79847,7.1745,581.4004700183868
native_dram,1772728578.227094,7.1745,581.8290939331055
native_dram,1772728578.36907,7.1745,581.9710700511932
native_dram,1772728578.509271,7.1745,582.111270904541
native_dram,1772728578.668121,7.1745,582.2701210975647
native_dram,1772728578.789943,7.1745,582.3919429779053
native_dram,1772728578.945165,7.1745,582.5471649169922
native_dram,1772728579.078564,7.1745,582.6805639266968
native_dram,1772728579.485799,7.1745,583.0877990722656
native_dram,1772728579.610631,7.1745,583.2126309871674
native_dram,1772728579.747985,7.1745,583.3499848842621
native_dram,1772728579.886743,7.1745,583.4887430667877
native_dram,1772728580.036699,7.1745,583.638699054718
native_dram,1772728580.181545,7.1745,583.7835450172424
native_dram,1772728580.368801,7.1745,583.970801115036
native_dram,1772728580.752175,7.1745,584.3541750907898
native_dram,1772728580.896475,7.1745,584.4984750747681
native_dram,1772728581.039492,7.1745,584.6414918899536
native_dram,1772728581.180144,7.1745,584.7821440696716
native_dram,1772728581.319529,7.1745,584.9215290546417
native_dram,1772728581.465197,7.1745,585.0671970844269
native_dram,1772728581.598662,7.1745,585.2006618976593
native_dram,1772728581.737481,7.1745,585.3394811153412
native_dram,1772728582.235389,7.1745,585.8373889923096
native_dram,1772728582.345516,7.1745,585.947515964508
native_dram,1772728582.482462,7.1745,586.0844619274139
native_dram,1772728582.623204,7.1745,586.2252039909363
native_dram,1772728582.778907,7.1745,586.3809070587158
native_dram,1772728582.905866,7.1745,586.5078659057617
native_dram,1772728583.067858,7.1745,586.6698579788208
native_dram,1772728583.198704,7.1745,586.8007040023804
native_dram,1772728583.645154,7.1745,587.2471539974213
native_dram,1772728583.759336,7.1745,587.3613359928131
native_dram,1772728583.900092,7.1745,587.502091884613
native_dram,1772728584.045143,7.1745,587.6471428871155
native_dram,1772728584.18639,7.1745,587.7883899211884
native_dram,1772728584.347895,7.1745,587.9498949050903
native_dram,1772728584.492345,7.1745,588.0943450927734
native_dram,1772728584.889242,7.1745,588.4912419319153
native_dram,1772728585.027369,7.1745,588.629369020462
native_dram,1772728585.166832,7.1745,588.7688319683075
native_dram,1772728585.305365,7.1745,588.9073650836945
native_dram,1772728585.444028,7.1745,589.0460278987885
native_dram,1772728585.588691,7.1745,589.1906909942627
native_dram,1772728585.727451,7.1745,589.329451084137
native_dram,1772728585.867022,7.1745,589.4690220355988
native_dram,1772728586.258234,7.1745,589.8602340221405
native_dram,1772728586.413631,7.1745,590.0156309604645
native_dram,1772728586.535786,7.1745,590.1377859115601
native_dram,1772728586.674262,7.1745,590.2762620449066
native_dram,1772728586.816782,7.1745,590.4187819957733
native_dram,1772728586.957425,7.1745,590.5594251155853
native_dram,1772728587.16309,7.1745,590.7650899887085
native_dram,1772728587.551043,7.1745,591.1530430316925
native_dram,1772728587.689186,7.1745,591.2911860942841
native_dram,1772728587.828749,7.1745,591.4307489395142
native_dram,1772728587.96614,7.1745,591.5681400299072
native_dram,1772728588.105538,7.1745,591.7075378894806
native_dram,1772728588.245373,7.1745,591.847373008728
native_dram,1772728588.414375,7.1745,592.0163750648499
native_dram,1772728588.536671,7.1745,592.1386709213257
native_dram,1772728588.999039,7.1745,592.6010389328003
native_dram,1772728589.124318,7.1745,592.7263178825378
native_dram,1772728589.280416,7.1745,592.882416009903
native_dram,1772728589.419281,7.1745,593.021281003952
native_dram,1772728589.559291,7.1745,593.161290884018
native_dram,1772728589.713929,7.1745,593.3159289360046
native_dram,1772728589.854004,7.1745,593.4560039043427
native_dram,1772728590.444449,7.1745,594.0464489459991
native_dram,1772728590.559138,7.1745,594.1611380577087
native_dram,1772728590.691723,7.1745,594.2937231063843
native_dram,1772728590.845714,7.1745,594.4477140903473
native_dram,1772728590.968493,7.1745,594.5704929828644
native_dram,1772728591.123025,7.1745,594.7250249385834
native_dram,1772728591.250912,7.1745,594.8529119491577
native_dram,1772728591.391392,7.1745,594.9933919906616
native_dram,1772728591.851615,7.1745,595.45361495018
native_dram,1772728592.008288,7.1745,595.6102879047394
native_dram,1772728592.132531,7.1745,595.7345309257507
native_dram,1772728592.277037,7.1745,595.8790369033813
native_dram,1772728592.415025,7.1745,596.0170249938965
native_dram,1772728592.556866,7.1745,596.1588659286499
native_dram,1772728592.697589,7.1745,596.2995889186859
native_dram,1772728593.089119,7.1745,596.6911189556122
native_dram,1772728593.213361,7.1745,596.8153610229492
native_dram,1772728593.35304,7.1745,596.9550399780273
native_dram,1772728593.492999,7.1745,597.0949990749359
native_dram,1772728593.630996,7.1745,597.2329959869385
native_dram,1772728593.770477,7.1745,597.372477054596
native_dram,1772728593.917208,7.1745,597.5192079544067
native_dram,1772728594.055094,7.1745,597.65709400177
native_dram,1772728594.769834,7.1745,598.3718340396881
native_dram,1772728594.879811,7.1745,598.4818110466003
native_dram,1772728595.003013,7.1745,598.6050128936768
native_dram,1772728595.142547,7.1745,598.7445468902588
native_dram,1772728595.285007,7.1745,598.8870069980621
native_dram,1772728595.432858,7.1745,599.0348579883575
native_dram,1772728595.603782,7.1745,599.2057819366455
native_dram,1772728596.001152,7.1745,599.6031520366669
native_dram,1772728596.141762,7.1745,599.7437620162964
native_dram,1772728596.278616,7.1745,599.8806159496307
native_disk,1772729073.764742,7.0339,0.003942012786865234
native_disk,1772729073.865194,7.0339,0.10439419746398926
native_disk,1772729073.978677,7.0339,0.21787714958190918
native_disk,1772729074.080392,7.0339,0.3195919990539551
native_disk,1772729074.191369,7.0339,0.4305691719055176
native_disk,1772729074.30064,7.0358,0.5398402214050293
native_disk,1772729074.410573,7.1393,0.649773120880127
native_disk,1772729074.520693,7.1393,0.7598931789398193
native_disk,1772729074.634296,7.1393,0.8734960556030273
native_disk,1772729074.746382,7.1393,0.9855821132659912
native_disk,1772729074.857907,7.1393,1.097107172012329
native_disk,1772729074.970775,7.1393,1.209975004196167
native_disk,1772729075.076145,7.1393,1.315345048904419
native_disk,1772729075.186414,7.1393,1.4256141185760498
native_disk,1772729075.30087,7.1393,1.5400700569152832
native_disk,1772729075.412766,7.1393,1.6519660949707031
native_disk,1772729075.523761,7.1393,1.7629611492156982
native_disk,1772729075.633009,7.1393,1.872209072113037
native_disk,1772729075.746172,7.1393,1.9853720664978027
native_disk,1772729075.850817,7.1393,2.090017080307007
native_disk,1772729075.962674,7.1393,2.201874017715454
native_disk,1772729076.074092,7.1393,2.3132920265197754
native_disk,1772729076.290757,7.1393,2.5299570560455322
native_disk,1772729076.585019,7.1393,2.824219226837158
native_disk,1772729076.699534,7.1393,2.9387340545654297
native_disk,1772729076.800048,7.1393,3.03924822807312
native_disk,1772729076.905861,7.1393,3.1450610160827637
native_disk,1772729077.031038,7.1393,3.270238161087036
native_disk,1772729077.138337,7.1393,3.3775370121002197
native_disk,1772729077.247755,7.1393,3.486955165863037
native_disk,1772729078.315086,7.1413,4.554286003112793
native_disk,1772729078.451638,7.1413,4.690838098526001
native_disk,1772729078.562849,7.1413,4.802049160003662
native_disk,1772729078.895902,7.1413,5.135102033615112
native_disk,1772729078.996283,7.1413,5.235483169555664
native_disk,1772729079.096683,7.1413,5.335883140563965
native_disk,1772729079.199014,7.1413,5.438214063644409
native_disk,1772729079.323964,7.1413,5.563164234161377
native_disk,1772729079.425343,7.1413,5.664543151855469
native_disk,1772729079.528419,7.1413,5.7676191329956055
native_disk,1772729079.639804,7.1413,5.879004001617432
native_disk,1772729079.751331,7.1413,5.9905312061309814
native_disk,1772729079.863929,7.1413,6.103129148483276
native_disk,1772729079.97178,7.1413,6.210980176925659
native_disk,1772729080.083699,7.1413,6.322899103164673
native_disk,1772729080.19121,7.1413,6.430410146713257
native_disk,1772729080.308305,7.1413,6.547505140304565
native_disk,1772729080.412559,7.1413,6.651759147644043
native_disk,1772729080.524477,7.1413,6.76367712020874
native_disk,1772729080.637484,7.1413,6.876684188842773
native_disk,1772729080.750215,7.1413,6.989415168762207
native_disk,1772729080.865847,7.1413,7.105047225952148
native_disk,1772729080.992736,7.1413,7.23193621635437
native_disk,1772729081.092954,7.1413,7.332154035568237
native_disk,1772729081.194691,7.1413,7.43389105796814
native_disk,1772729081.308174,7.1413,7.54737401008606
native_disk,1772729081.422188,7.1413,7.661388158798218
native_disk,1772729081.537879,7.1413,7.777079105377197
native_disk,1772729081.670517,7.1413,7.909717082977295
native_disk,1772729081.773435,7.1413,8.012635231018066
native_disk,1772729081.87415,7.1413,8.11335015296936
native_disk,1772729081.990597,7.1413,8.229797124862671
native_disk,1772729082.099094,7.1413,8.33829402923584
native_disk,1772729082.21134,7.1413,8.45054006576538
native_disk,1772729082.369417,7.1413,8.608617067337036
native_disk,1772729082.483715,7.1413,8.722915172576904
native_disk,1772729082.590889,7.1413,8.830089092254639
native_disk,1772729082.703249,7.1413,8.94244909286499
native_disk,1772729082.81024,7.1413,9.049440145492554
native_disk,1772729082.935953,7.1413,9.175153017044067
native_disk,1772729083.045885,7.1413,9.285085201263428
native_disk,1772729083.178056,7.1413,9.417256116867065
native_disk,1772729083.287744,7.1413,9.526944160461426
native_disk,1772729083.398152,7.1413,9.637352228164673
native_disk,1772729083.510412,7.1413,9.749612092971802
native_disk,1772729083.630301,7.1413,9.869501113891602
native_disk,1772729083.756234,7.1413,9.995434045791626
native_disk,1772729083.85656,7.1413,10.095760107040405
native_disk,1772729083.962296,7.1413,10.201496124267578
native_disk,1772729084.069906,7.1413,10.30910611152649
native_disk,1772729084.183667,7.1413,10.422867059707642
native_disk,1772729084.300485,7.1413,10.539685010910034
native_disk,1772729084.403067,7.1413,10.642267227172852
native_disk,1772729084.537943,7.1413,10.777143001556396
native_disk,1772729084.655312,7.1413,10.894512176513672
native_disk,1772729084.756068,7.1413,10.995268106460571
native_disk,1772729084.858461,7.1413,11.097661018371582
native_disk,1772729084.959688,7.1413,11.198888063430786
native_disk,1772729085.063029,7.1413,11.302229166030884
native_disk,1772729085.173813,7.1413,11.413013219833374
native_disk,1772729085.283029,7.1413,11.522229194641113
native_disk,1772729085.398194,7.1413,11.637394189834595
native_disk,1772729085.499916,7.1413,11.739116191864014
native_disk,1772729085.609889,7.1413,11.8490891456604
native_disk,1772729085.719863,7.1413,11.959063053131104
native_disk,1772729085.830663,7.1413,12.069863080978394
native_disk,1772729085.943211,7.1413,12.182411193847656
native_disk,1772729086.050262,7.1413,12.289462089538574
native_disk,1772729086.16047,7.1413,12.399670124053955
native_disk,1772729086.276977,7.1413,12.5161771774292
native_disk,1772729086.387965,7.1413,12.627165079116821
native_disk,1772729086.49638,7.1413,12.735580205917358
native_disk,1772729086.644474,7.1413,12.883674144744873
native_disk,1772729086.74555,7.1413,12.984750032424927
native_disk,1772729086.866976,7.1413,13.106176137924194
native_disk,1772729086.979581,7.1413,13.218781232833862
native_disk,1772729087.095374,7.1413,13.334574222564697
native_disk,1772729087.210661,7.1413,13.4498610496521
native_disk,1772729087.320015,7.1413,13.559215068817139
native_disk,1772729087.429466,7.1413,13.668666124343872
native_disk,1772729087.540648,7.1413,13.779848098754883
native_disk,1772729087.658831,7.1413,13.898030996322632
native_disk,1772729087.771891,7.1413,14.011091232299805
native_disk,1772729087.900445,7.1413,14.139645099639893
native_disk,1772729088.00353,7.1413,14.242730140686035
native_disk,1772729088.122915,7.1413,14.362115144729614
native_disk,1772729088.226333,7.1413,14.465533018112183
native_disk,1772729088.34057,7.1413,14.5797700881958
native_disk,1772729088.451603,7.1413,14.690803050994873
native_disk,1772729088.564734,7.1413,14.803934097290039
native_disk,1772729088.675555,7.1413,14.91475510597229
native_disk,1772729088.776429,7.1413,15.015629053115845
native_disk,1772729088.892545,7.1413,15.131745100021362
native_disk,1772729089.018413,7.1413,15.257613182067871
native_disk,1772729089.126174,7.1413,15.365374088287354
native_disk,1772729089.235708,7.1413,15.474908113479614
native_disk,1772729089.348393,7.1413,15.587593078613281
native_disk,1772729089.455544,7.1413,15.694744110107422
native_disk,1772729089.567448,7.1413,15.806648015975952
native_disk,1772729089.676817,7.1413,15.916017055511475
native_disk,1772729089.788315,7.1413,16.027515172958374
native_disk,1772729089.898367,7.1413,16.137567043304443
native_disk,1772729090.009151,7.1413,16.248351097106934
native_disk,1772729090.122945,7.1413,16.36214518547058
native_disk,1772729090.274157,7.1413,16.513357162475586
native_disk,1772729090.383554,7.1413,16.622754096984863
native_disk,1772729090.486215,7.1413,16.725415229797363
native_disk,1772729090.597192,7.1413,16.836392164230347
native_disk,1772729090.702197,7.1413,16.941397190093994
native_disk,1772729090.815322,7.1413,17.054522037506104
native_disk,1772729090.927406,7.1413,17.166606187820435
native_disk,1772729091.037898,7.1413,17.277098178863525
native_disk,1772729091.149539,7.1413,17.388739109039307
native_disk,1772729091.263791,7.1413,17.502991199493408
native_disk,1772729091.374992,7.1413,17.614192008972168
native_disk,1772729091.485328,7.1413,17.724528074264526
native_disk,1772729091.586023,7.1413,17.825223207473755
native_disk,1772729091.698411,7.1413,17.93761110305786
native_disk,1772729091.838855,7.1413,18.078055143356323
native_disk,1772729091.98966,7.1413,18.2288601398468
native_disk,1772729092.089998,7.1413,18.329198122024536
native_disk,1772729092.190372,7.1413,18.429572105407715
native_disk,1772729092.290861,7.1413,18.53006100654602
native_disk,1772729092.401436,7.1413,18.640636205673218
native_disk,1772729092.514185,7.1413,18.753385066986084
native_disk,1772729092.624499,7.1413,18.863699197769165
native_disk,1772729092.735435,7.1413,18.974635124206543
native_disk,1772729092.84476,7.1413,19.08396005630493
native_disk,1772729092.954663,7.1413,19.19386315345764
native_disk,1772729093.06462,7.1413,19.30382013320923
native_disk,1772729093.231155,7.1413,19.47035503387451
native_disk,1772729093.341677,7.1413,19.58087706565857
native_disk,1772729093.467778,7.1413,19.70697808265686
native_disk,1772729093.57503,7.1413,19.81423020362854
native_disk,1772729093.716868,7.1413,19.95606803894043
native_disk,1772729093.817706,7.1413,20.05690622329712
native_disk,1772729093.927775,7.1413,20.166975021362305
native_disk,1772729094.048685,7.1413,20.287885189056396
native_disk,1772729094.177988,7.1413,20.41718816757202
native_disk,1772729094.290098,7.1413,20.529298067092896
native_disk,1772729094.415977,7.1413,20.655177116394043
native_disk,1772729094.526668,7.1413,20.765868186950684
native_disk,1772729094.640785,7.1413,20.879985094070435
native_disk,1772729094.751614,7.1413,20.990814208984375
native_disk,1772729094.859919,7.1413,21.099119186401367
native_disk,1772729094.988552,7.1413,21.227752208709717
native_disk,1772729095.100332,7.1413,21.339532136917114
native_disk,1772729095.222463,7.1413,21.461663007736206
native_disk,1772729095.329951,7.1413,21.569151163101196
native_disk,1772729095.440498,7.1413,21.67969822883606
native_disk,1772729095.556879,7.1413,21.79607915878296
native_disk,1772729095.664939,7.1413,21.904139041900635
native_disk,1772729095.777685,7.1413,22.01688504219055
native_disk,1772729095.889726,7.1413,22.128926038742065
native_disk,1772729096.001058,7.1413,22.24025821685791
native_disk,1772729096.111791,7.1413,22.350991010665894
native_disk,1772729096.22405,7.1413,22.463250160217285
native_disk,1772729096.336152,7.1413,22.57535219192505
native_disk,1772729096.453689,7.1413,22.69288921356201
native_disk,1772729096.57209,7.1413,22.81129002571106
native_disk,1772729096.688674,7.1413,22.927874088287354
native_disk,1772729096.795859,7.1413,23.035059213638306
native_disk,1772729096.911513,7.1413,23.150713205337524
native_disk,1772729097.019382,7.1413,23.25858211517334
native_disk,1772729097.138073,7.1413,23.377273082733154
native_disk,1772729097.247881,7.1413,23.487081050872803
native_disk,1772729097.386819,7.1413,23.62601900100708
native_disk,1772729097.535084,7.1413,23.77428412437439
native_disk,1772729097.645504,7.1413,23.884704113006592
native_disk,1772729097.758029,7.1413,23.99722909927368
native_disk,1772729097.86608,7.1413,24.10528016090393
native_disk,1772729097.977359,7.1413,24.216559171676636
native_disk,1772729098.089855,7.1413,24.329055070877075
native_disk,1772729098.203253,7.1413,24.442453145980835
native_disk,1772729098.315464,7.1413,24.554664134979248
native_disk,1772729098.431854,7.1413,24.671054124832153
native_disk,1772729098.542984,7.1413,24.78218412399292
native_disk,1772729098.655854,7.1413,24.89505410194397
native_disk,1772729098.793269,7.1413,25.032469034194946
native_disk,1772729098.92262,7.1413,25.16182017326355
native_disk,1772729099.026831,7.1413,25.26603102684021
native_disk,1772729099.12753,7.1413,25.366730213165283
native_disk,1772729099.235981,7.1413,25.475181102752686
native_disk,1772729099.353438,7.1413,25.59263801574707
native_disk,1772729099.468611,7.1413,25.70781111717224
native_disk,1772729099.588854,7.1413,25.828054189682007
native_disk,1772729099.711816,7.1413,25.951016187667847
native_disk,1772729099.812951,7.1413,26.052151203155518
native_disk,1772729099.917515,7.1413,26.156715154647827
native_disk,1772729100.035965,7.1413,26.27516508102417
native_disk,1772729100.147302,7.1413,26.386502027511597
native_disk,1772729100.258392,7.1413,26.497592210769653
native_disk,1772729100.373959,7.1413,26.6131591796875
native_disk,1772729100.487682,7.1413,26.726882219314575
native_disk,1772729100.598434,7.1413,26.837634086608887
native_disk,1772729100.707802,7.1413,26.947002172470093
native_disk,1772729100.816687,7.1413,27.05588722229004
native_disk,1772729100.929037,7.1413,27.16823720932007
native_disk,1772729101.041915,7.1413,27.28111505508423
native_disk,1772729101.155411,7.1413,27.394611120224
native_disk,1772729101.265931,7.1413,27.505131006240845
native_disk,1772729101.398203,7.1413,27.63740301132202
native_disk,1772729101.509425,7.1413,27.74862504005432
native_disk,1772729101.62255,7.1413,27.86175012588501
native_disk,1772729101.738456,7.1413,27.97765612602234
native_disk,1772729101.845922,7.1413,28.085122108459473
native_disk,1772729101.954834,7.1413,28.194034099578857
native_disk,1772729102.067869,7.1413,28.307069063186646
native_disk,1772729102.175088,7.1413,28.41428804397583
native_disk,1772729102.29901,7.1413,28.538210153579712
native_disk,1772729102.412645,7.1413,28.6518452167511
native_disk,1772729102.543847,7.1413,28.783047199249268
native_disk,1772729102.662143,7.1413,28.90134310722351
native_disk,1772729102.7748,7.1413,29.014000177383423
native_disk,1772729102.878133,7.1413,29.11733317375183
native_disk,1772729102.990824,7.1413,29.230024099349976
native_disk,1772729103.12679,7.1413,29.365990161895752
native_disk,1772729103.237122,7.1413,29.476322174072266
native_disk,1772729103.35795,7.1413,29.597150087356567
native_disk,1772729103.458692,7.1413,29.69789218902588
native_disk,1772729103.585992,7.1413,29.82519221305847
native_disk,1772729103.698316,7.1413,29.93751621246338
native_disk,1772729103.826622,7.1413,30.0658221244812
native_disk,1772729103.952114,7.1413,30.191314220428467
native_disk,1772729104.092167,7.1413,30.331367015838623
native_disk,1772729104.201642,7.1413,30.440842151641846
native_disk,1772729104.316226,7.1413,30.555426120758057
native_disk,1772729104.426423,7.1413,30.6656231880188
native_disk,1772729104.538493,7.1413,30.777693033218384
native_disk,1772729104.676629,7.1413,30.915829181671143
native_disk,1772729104.799843,7.1413,31.039043188095093
native_disk,1772729104.908036,7.1413,31.147236108779907
native_disk,1772729105.02019,7.1413,31.259390115737915
native_disk,1772729105.143991,7.1413,31.383191108703613
native_disk,1772729105.255156,7.1413,31.494356155395508
native_disk,1772729105.364827,7.1413,31.604027032852173
native_disk,1772729105.478677,7.1413,31.71787714958191
native_disk,1772729105.5915,7.1413,31.830700159072876
native_disk,1772729105.710936,7.1413,31.950136184692383
native_disk,1772729105.827054,7.1413,32.06625413894653
native_disk,1772729105.937968,7.1413,32.177168130874634
native_disk,1772729106.0609,7.1413,32.30010008811951
native_disk,1772729106.17467,7.1413,32.413870096206665
native_disk,1772729106.305802,7.1413,32.54500222206116
native_disk,1772729106.421149,7.1413,32.66034913063049
native_disk,1772729106.530906,7.1413,32.770106077194214
native_disk,1772729106.641531,7.1413,32.88073110580444
native_disk,1772729106.756458,7.1413,32.99565815925598
native_disk,1772729106.865688,7.1413,33.10488820075989
native_disk,1772729106.987722,7.1413,33.226922035217285
native_disk,1772729107.121053,7.1413,33.36025309562683
native_disk,1772729107.24468,7.1413,33.483880043029785
native_disk,1772729107.358861,7.1413,33.598061084747314
native_disk,1772729107.469267,7.1413,33.70846700668335
native_disk,1772729107.581813,7.1413,33.82101321220398
native_disk,1772729107.699425,7.1413,33.93862509727478
native_disk,1772729107.806236,7.1413,34.04543614387512
native_disk,1772729107.912358,7.1413,34.15155816078186
native_disk,1772729108.03039,7.1413,34.26959013938904
native_disk,1772729108.145668,7.1413,34.384868144989014
native_disk,1772729108.259918,7.1413,34.4991180896759
native_disk,1772729108.371609,7.1413,34.610809087753296
native_disk,1772729108.478507,7.1413,34.71770715713501
native_disk,1772729108.590801,7.1413,34.83000111579895
native_disk,1772729108.702375,7.1413,34.941575050354004
native_disk,1772729108.813366,7.1413,35.052566051483154
native_disk,1772729108.930537,7.1413,35.169737100601196
native_disk,1772729109.038105,7.1413,35.277305126190186
native_disk,1772729109.153625,7.1413,35.39282512664795
native_disk,1772729109.261209,7.1413,35.50040912628174
native_disk,1772729109.371921,7.1413,35.61112117767334
native_disk,1772729109.483761,7.1413,35.72296118736267
native_disk,1772729109.59807,7.1413,35.8372700214386
native_disk,1772729109.709168,7.1413,35.948368072509766
native_disk,1772729109.830684,7.1413,36.069884061813354
native_disk,1772729110.438937,7.1413,36.6781370639801
native_disk,1772729110.552428,7.1413,36.79162812232971
native_disk,1772729110.664825,7.1413,36.904025077819824
native_disk,1772729110.776894,7.1413,37.01609420776367
native_disk,1772729110.888342,7.1413,37.12754201889038
native_disk,1772729111.001939,7.1413,37.24113917350769
native_disk,1772729111.126745,7.1413,37.3659451007843
native_disk,1772729111.237027,7.1413,37.476227045059204
native_disk,1772729111.373508,7.1413,37.61270809173584
native_disk,1772729111.488147,7.1413,37.72734713554382
native_disk,1772729111.604153,7.1413,37.843353033065796
native_disk,1772729111.713562,7.1413,37.95276212692261
native_disk,1772729111.826379,7.1413,38.0655791759491
native_disk,1772729111.935602,7.1413,38.17480206489563
native_disk,1772729112.060365,7.1413,38.299565076828
native_disk,1772729112.188002,7.1413,38.427202224731445
native_disk,1772729112.28832,7.1413,38.527520179748535
native_disk,1772729112.400223,7.1413,38.63942313194275
native_disk,1772729112.512105,7.1413,38.751305103302
native_disk,1772729112.624183,7.1413,38.863383054733276
native_disk,1772729112.734218,7.1413,38.97341799736023
native_disk,1772729112.848447,7.1413,39.08764719963074
native_disk,1772729112.960642,7.1413,39.19984221458435
native_disk,1772729113.074052,7.1413,39.313252210617065
native_disk,1772729113.188979,7.1413,39.428179025650024
native_disk,1772729113.30325,7.1413,39.542450189590454
native_disk,1772729113.415792,7.1413,39.65499210357666
native_disk,1772729113.529122,7.1413,39.768322229385376
native_disk,1772729113.643841,7.1413,39.88304114341736
native_disk,1772729113.755987,7.1413,39.99518704414368
native_disk,1772729113.893704,7.1413,40.132904052734375
native_disk,1772729114.017201,7.1413,40.25640106201172
native_disk,1772729114.129584,7.1413,40.36878418922424
native_disk,1772729114.243975,7.1413,40.48317503929138
native_disk,1772729114.355595,7.1413,40.59479522705078
native_disk,1772729114.471746,7.1413,40.71094608306885
native_disk,1772729114.595962,7.1413,40.83516216278076
native_disk,1772729114.712788,7.1413,40.951988220214844
native_disk,1772729114.826896,7.1413,41.06609606742859
native_disk,1772729114.941932,7.1413,41.181132078170776
native_disk,1772729115.070262,7.1413,41.30946207046509
native_disk,1772729115.181222,7.1413,41.420422077178955
native_disk,1772729115.293977,7.1413,41.53317713737488
native_disk,1772729115.405967,7.1413,41.645167112350464
native_disk,1772729115.535524,7.1413,41.77472400665283
native_disk,1772729115.636238,7.1413,41.87543821334839
native_disk,1772729115.759467,7.1413,41.99866700172424
native_disk,1772729115.871623,7.1413,42.11082315444946
native_disk,1772729115.98617,7.1413,42.22537016868591
native_disk,1772729116.096608,7.1413,42.33580803871155
native_disk,1772729116.221641,7.1413,42.46084117889404
native_disk,1772729116.342893,7.1413,42.58209300041199
native_disk,1772729116.459741,7.1413,42.698941230773926
native_disk,1772729116.61798,7.1413,42.85718011856079
native_disk,1772729116.72076,7.1413,42.95996022224426
native_disk,1772729116.835655,7.1413,43.07485508918762
native_disk,1772729116.952542,7.1413,43.191742181777954
native_disk,1772729117.063153,7.1413,43.30235314369202
native_disk,1772729117.174942,7.1413,43.41414213180542
native_disk,1772729117.290458,7.1413,43.52965807914734
native_disk,1772729117.403009,7.1413,43.64220905303955
native_disk,1772729117.51671,7.1413,43.75591015815735
native_disk,1772729117.631544,7.1413,43.87074422836304
native_disk,1772729117.741133,7.1413,43.98033308982849
native_disk,1772729117.854151,7.1413,44.09335112571716
native_disk,1772729117.966573,7.1413,44.20577311515808
native_disk,1772729118.080207,7.1413,44.31940722465515
native_disk,1772729118.207685,7.1413,44.446885108947754
native_disk,1772729118.336848,7.1413,44.576048135757446
native_disk,1772729118.456749,7.1413,44.6959490776062
native_disk,1772729118.570485,7.1413,44.80968523025513
native_disk,1772729118.68217,7.1413,44.92137002944946
native_disk,1772729118.803762,7.1413,45.042962074279785
native_disk,1772729118.913493,7.1413,45.152693033218384
native_disk,1772729119.027957,7.1413,45.26715707778931
native_disk,1772729119.139696,7.1413,45.3788959980011
native_disk,1772729119.252772,7.1413,45.49197220802307
native_disk,1772729119.367084,7.1413,45.60628414154053
native_disk,1772729119.4808,7.1413,45.72000002861023
native_disk,1772729119.593838,7.1413,45.833038091659546
native_disk,1772729119.707269,7.1413,45.94646906852722
native_disk,1772729119.836266,7.1413,46.07546615600586
native_disk,1772729119.950474,7.1413,46.18967413902283
native_disk,1772729120.060585,7.1413,46.299785137176514
native_disk,1772729120.173031,7.1413,46.41223120689392
native_disk,1772729120.29049,7.1413,46.52969002723694
native_disk,1772729120.482118,7.1413,46.7213180065155
native_disk,1772729120.592402,7.1413,46.83160209655762
native_disk,1772729120.701276,7.1413,46.940476179122925
native_disk,1772729120.827109,7.1413,47.066309213638306
native_disk,1772729120.958055,7.1413,47.19725513458252
native_disk,1772729121.070966,7.1413,47.310166120529175
native_disk,1772729121.180186,7.1413,47.41938614845276
native_disk,1772729121.293062,7.1413,47.532262086868286
native_disk,1772729121.407559,7.1413,47.646759033203125
native_disk,1772729121.524067,7.1413,47.763267040252686
native_disk,1772729121.636463,7.1413,47.87566304206848
native_disk,1772729121.749078,7.1413,47.98827815055847
native_disk,1772729121.863065,7.1413,48.10226511955261
native_disk,1772729121.975513,7.1413,48.21471309661865
native_disk,1772729122.122876,7.1413,48.36207604408264
native_disk,1772729122.229347,7.1413,48.468547105789185
native_disk,1772729122.333993,7.1413,48.573193073272705
native_disk,1772729122.44349,7.1413,48.682690143585205
native_disk,1772729122.578565,7.1413,48.8177649974823
native_disk,1772729122.696835,7.1413,48.93603515625
native_disk,1772729122.804257,7.1413,49.04345703125
native_disk,1772729122.919775,7.1413,49.15897512435913
native_disk,1772729123.03248,7.1413,49.27168011665344
native_disk,1772729123.166098,7.1413,49.40529823303223
native_disk,1772729123.266566,7.1413,49.50576615333557
native_disk,1772729123.372381,7.1413,49.61158108711243
native_disk,1772729123.486479,7.1413,49.72567915916443
native_disk,1772729123.634492,7.1413,49.87369203567505
native_disk,1772729123.743407,7.1413,49.98260712623596
native_disk,1772729123.860381,7.1413,50.09958100318909
native_disk,1772729123.992216,7.1413,50.23141622543335
native_disk,1772729124.104024,7.1413,50.3432240486145
native_disk,1772729124.220501,7.1413,50.45970106124878
native_disk,1772729124.330226,7.1413,50.5694260597229
native_disk,1772729124.481305,7.1413,50.72050499916077
native_disk,1772729124.585102,7.1413,50.824302196502686
native_disk,1772729124.691012,7.1413,50.93021202087402
native_disk,1772729124.798477,7.1413,51.03767704963684
native_disk,1772729124.925149,7.1413,51.16434907913208
native_disk,1772729125.039843,7.1413,51.279043197631836
native_disk,1772729125.153514,7.1413,51.39271402359009
native_disk,1772729125.270676,7.1413,51.509876012802124
native_disk,1772729125.383979,7.1413,51.6231791973114
native_disk,1772729125.500808,7.1413,51.74000811576843
native_disk,1772729125.621054,7.1413,51.86025404930115
native_disk,1772729125.736303,7.1413,51.97550320625305
native_disk,1772729125.851114,7.1413,52.09031414985657
native_disk,1772729125.971228,7.1413,52.21042799949646
native_disk,1772729126.082771,7.1413,52.32197117805481
native_disk,1772729126.199734,7.1413,52.438934087753296
native_disk,1772729126.318281,7.1413,52.55748105049133
native_disk,1772729126.434381,7.1413,52.67358112335205
native_disk,1772729126.543831,7.1413,52.78303122520447
native_disk,1772729126.657443,7.1413,52.89664316177368
native_disk,1772729126.823932,7.1413,53.0631320476532
native_disk,1772729126.926753,7.1413,53.165953159332275
native_disk,1772729127.029824,7.1413,53.26902413368225
native_disk,1772729127.141157,7.1413,53.38035702705383
native_disk,1772729127.25682,7.1413,53.49602007865906
native_disk,1772729127.369783,7.1413,53.60898303985596
native_disk,1772729127.484325,7.1413,53.723525047302246
native_disk,1772729127.59707,7.1413,53.83627009391785
native_disk,1772729127.744594,7.1413,53.98379421234131
native_disk,1772729127.851569,7.1413,54.09076905250549
native_disk,1772729127.964809,7.1413,54.20400905609131
native_disk,1772729128.075529,7.1413,54.3147292137146
native_disk,1772729128.187709,7.1413,54.42690920829773
native_disk,1772729128.297733,7.1413,54.536933183670044
native_disk,1772729128.432651,7.1413,54.67185115814209
native_disk,1772729128.571645,7.1413,54.810845136642456
native_disk,1772729128.672068,7.1413,54.91126823425293
native_disk,1772729128.779013,7.1413,55.01821303367615
native_disk,1772729128.879966,7.1413,55.119166135787964
native_disk,1772729128.992188,7.1413,55.231388092041016
native_disk,1772729129.109048,7.1413,55.34824800491333
native_disk,1772729129.242296,7.1413,55.48149609565735
native_disk,1772729129.387903,7.1413,55.627103090286255
native_disk,1772729129.50339,7.1413,55.7425901889801
native_disk,1772729129.618416,7.1413,55.85761618614197
native_disk,1772729129.728953,7.1413,55.96815299987793
native_disk,1772729129.859577,7.1413,56.098777055740356
native_disk,1772729129.97396,7.1413,56.213160037994385
native_disk,1772729130.10262,7.1413,56.34182000160217
native_disk,1772729130.209627,7.1413,56.448827028274536
native_disk,1772729130.324123,7.1413,56.56332302093506
native_disk,1772729130.437343,7.1413,56.67654299736023
native_disk,1772729130.553668,7.1413,56.79286813735962
native_disk,1772729130.668281,7.1413,56.90748119354248
native_disk,1772729130.778067,7.1413,57.01726722717285
native_disk,1772729130.883335,7.1413,57.12253522872925
native_disk,1772729130.995479,7.1413,57.234679222106934
native_disk,1772729131.107403,7.1413,57.34660315513611
native_disk,1772729131.261619,7.1413,57.50081920623779
native_disk,1772729131.418844,7.1413,57.65804409980774
native_disk,1772729131.528068,7.1413,57.76726818084717
native_disk,1772729131.640781,7.1413,57.87998104095459
native_disk,1772729131.769756,7.1413,58.00895619392395
native_disk,1772729131.871282,7.1413,58.11048221588135
native_disk,1772729131.994,7.1413,58.23320007324219
native_disk,1772729132.103906,7.1413,58.34310603141785
native_disk,1772729132.238484,7.1413,58.477684020996094
native_disk,1772729132.342273,7.1413,58.58147311210632
native_disk,1772729132.456319,7.1413,58.69551920890808
native_disk,1772729132.568814,7.1413,58.808014154434204
native_disk,1772729132.682265,7.1413,58.921465158462524
native_disk,1772729132.808997,7.1413,59.04819703102112
native_disk,1772729132.92204,7.1413,59.161240100860596
native_disk,1772729133.036727,7.1413,59.27592706680298
native_disk,1772729133.327083,7.1413,59.566283226013184
native_disk,1772729133.435783,7.1413,59.67498302459717
native_disk,1772729133.565196,7.1413,59.80439615249634
native_disk,1772729133.681664,7.1413,59.92086410522461
native_disk,1772729133.795217,7.1413,60.034417152404785
native_disk,1772729133.90912,7.1413,60.14832019805908
native_disk,1772729134.041349,7.1413,60.28054904937744
native_disk,1772729134.27636,7.1413,60.515560150146484
native_disk,1772729134.395111,7.1413,60.63431119918823
native_disk,1772729134.508813,7.1413,60.74801301956177
native_disk,1772729134.626827,7.1413,60.86602711677551
native_disk,1772729134.727643,7.1413,60.966843128204346
native_disk,1772729134.840215,7.1413,61.07941508293152
native_disk,1772729134.945956,7.1413,61.18515610694885
native_disk,1772729135.051423,7.1413,61.2906231880188
native_disk,1772729135.165007,7.1413,61.40420722961426
native_disk,1772729135.28166,7.1413,61.52086019515991
native_disk,1772729135.393582,7.1413,61.632782220840454
native_disk,1772729135.507549,7.1413,61.74674916267395
native_disk,1772729135.61692,7.1413,61.856120109558105
native_disk,1772729135.746642,7.1413,61.98584222793579
native_disk,1772729135.888769,7.1413,62.12796902656555
native_disk,1772729136.006144,7.1413,62.245344161987305
native_disk,1772729136.1195,7.1413,62.35870003700256
native_disk,1772729136.233776,7.1413,62.472976207733154
native_disk,1772729136.348281,7.1413,62.5874810218811
native_disk,1772729136.463204,7.1413,62.7024040222168
native_disk,1772729136.580352,7.1413,62.819552183151245
native_disk,1772729136.706248,7.1413,62.94544816017151
native_disk,1772729136.814096,7.1413,63.05329608917236
native_disk,1772729136.951973,7.1413,63.19117307662964
native_disk,1772729137.065494,7.1413,63.304694175720215
native_disk,1772729137.185807,7.1413,63.42500710487366
native_disk,1772729137.286662,7.1413,63.52586221694946
native_disk,1772729137.414864,7.1413,63.6540641784668
native_disk,1772729137.539798,7.1413,63.778998136520386
native_disk,1772729137.646464,7.1413,63.885664224624634
native_disk,1772729137.757089,7.1413,63.996289014816284
native_disk,1772729137.87393,7.1413,64.11313009262085
native_disk,1772729137.986376,7.1413,64.22557616233826
native_disk,1772729138.101977,7.1413,64.34117722511292
native_disk,1772729138.216435,7.1413,64.45563507080078
native_disk,1772729138.331052,7.1413,64.57025218009949
native_disk,1772729138.444646,7.1413,64.68384599685669
native_disk,1772729138.544919,7.1413,64.78411912918091
native_disk,1772729138.651177,7.1413,64.89037704467773
native_disk,1772729138.767709,7.1413,65.00690913200378
native_disk,1772729138.879254,7.1413,65.11845421791077
native_disk,1772729139.00483,7.1413,65.2440299987793
native_disk,1772729139.118722,7.1413,65.35792207717896
native_disk,1772729139.234953,7.1413,65.4741530418396
native_disk,1772729139.350994,7.1413,65.59019422531128
native_disk,1772729139.502921,7.1413,65.74212121963501
native_disk,1772729139.604924,7.1413,65.84412407875061
native_disk,1772729139.715924,7.1413,65.95512413978577
native_disk,1772729139.986097,7.1413,66.22529721260071
native_disk,1772729140.103654,7.1432,66.34285402297974
native_disk,1772729140.203922,7.1432,66.4431221485138
native_disk,1772729140.304386,7.1432,66.5435860157013
native_disk,1772729140.411403,7.1432,66.65060305595398
native_disk,1772729140.512484,7.1432,66.75168418884277
native_disk,1772729140.623603,7.1432,66.8628032207489
native_disk,1772729140.738451,7.1432,66.97765111923218
native_disk,1772729140.850527,7.1432,67.08972716331482
native_disk,1772729140.96612,7.1432,67.20532011985779
native_disk,1772729141.081672,7.1432,67.32087206840515
native_disk,1772729141.19573,7.1432,67.43493008613586
native_disk,1772729141.309831,7.1432,67.54903101921082
native_disk,1772729141.424423,7.1432,67.66362309455872
native_disk,1772729141.538612,7.1432,67.77781200408936
native_disk,1772729141.666445,7.1432,67.90564513206482
native_disk,1772729141.800461,7.1432,68.03966116905212
native_disk,1772729141.921991,7.1432,68.16119122505188
native_disk,1772729142.059208,7.1432,68.29840803146362
native_disk,1772729142.217539,7.1432,68.4567391872406
native_disk,1772729142.318851,7.1432,68.55805110931396
native_disk,1772729142.434489,7.1432,68.67368912696838
native_disk,1772729142.543939,7.1432,68.7831392288208
native_disk,1772729142.664819,7.1432,68.90401911735535
native_disk,1772729142.779105,7.1432,69.01830506324768
native_disk,1772729142.894632,7.1432,69.13383221626282
native_disk,1772729143.008286,7.1432,69.24748611450195
native_disk,1772729143.121447,7.1432,69.36064720153809
native_disk,1772729143.23575,7.1432,69.47495007514954
native_disk,1772729143.34893,7.1432,69.58812999725342
native_disk,1772729143.471325,7.1432,69.71052503585815
native_disk,1772729143.578481,7.1432,69.81768107414246
native_disk,1772729143.693835,7.1432,69.93303513526917
native_disk,1772729143.80679,7.1432,70.04599022865295
native_disk,1772729143.92146,7.1432,70.16066002845764
native_disk,1772729144.034621,7.1432,70.27382111549377
native_disk,1772729144.155324,7.1432,70.39452409744263
native_disk,1772729144.268544,7.1432,70.5077440738678
native_disk,1772729144.384323,7.1432,70.62352299690247
native_disk,1772729144.504218,7.1432,70.74341821670532
native_disk,1772729144.648471,7.1432,70.88767123222351
native_disk,1772729144.800061,7.1432,71.03926110267639
native_disk,1772729144.924578,7.1432,71.16377806663513
native_disk,1772729145.062166,7.1432,71.30136609077454
native_disk,1772729145.16344,7.1432,71.40264010429382
native_disk,1772729145.264482,7.1432,71.50368213653564
native_disk,1772729145.364788,7.1432,71.60398817062378
native_disk,1772729145.465211,7.1432,71.70441102981567
native_disk,1772729145.579568,7.1432,71.81876802444458
native_disk,1772729145.69475,7.1432,71.93395018577576
native_disk,1772729145.812064,7.1432,72.05126404762268
native_disk,1772729145.927335,7.1432,72.16653513908386
native_disk,1772729146.044442,7.1432,72.28364205360413
native_disk,1772729146.155737,7.1432,72.39493703842163
native_disk,1772729146.273024,7.1432,72.5122241973877
native_disk,1772729146.386803,7.1432,72.62600302696228
native_disk,1772729146.5021,7.1432,72.74130010604858
native_disk,1772729146.616292,7.1432,72.85549211502075
native_disk,1772729146.798242,7.1432,73.03744220733643
native_disk,1772729147.1532,7.1432,73.39240002632141
native_disk,1772729147.276097,7.1432,73.51529717445374
native_disk,1772729147.381936,7.1432,73.62113618850708
native_disk,1772729147.488759,7.1432,73.72795915603638
native_disk,1772729147.603816,7.1432,73.84301614761353
native_disk,1772729147.721641,7.1432,73.96084117889404
native_disk,1772729147.837018,7.1432,74.07621812820435
native_disk,1772729147.953425,7.1432,74.19262504577637
native_disk,1772729148.066193,7.1432,74.30539321899414
native_disk,1772729148.22433,7.1432,74.46353006362915
native_disk,1772729148.339143,7.1432,74.57834315299988
native_disk,1772729148.456497,7.1432,74.69569706916809
native_disk,1772729148.563139,7.1432,74.80233907699585
native_disk,1772729148.674988,7.1432,74.91418814659119
native_disk,1772729148.778718,7.1432,75.0179181098938
native_disk,1772729148.895942,7.1432,75.1351420879364
native_disk,1772729149.012364,7.1432,75.2515640258789
native_disk,1772729149.138676,7.1432,75.3778760433197
native_disk,1772729149.271276,7.1432,75.51047611236572
native_disk,1772729149.382997,7.1432,75.62219715118408
native_disk,1772729149.49752,7.1432,75.73672008514404
native_disk,1772729149.618652,7.1432,75.85785222053528
native_disk,1772729149.733214,7.1432,75.97241401672363
native_disk,1772729149.847244,7.1432,76.08644413948059
native_disk,1772729149.9623,7.1432,76.20150017738342
native_disk,1772729150.08024,7.1432,76.31944012641907
native_disk,1772729150.195079,7.1432,76.43427920341492
native_disk,1772729150.317975,7.1432,76.55717515945435
native_disk,1772729150.432014,7.1432,76.67121410369873
native_disk,1772729150.54664,7.1432,76.78584003448486
native_disk,1772729150.667633,7.1432,76.90683317184448
native_disk,1772729150.798447,7.1432,77.03764700889587
native_disk,1772729150.91537,7.1432,77.15457010269165
native_disk,1772729151.05037,7.1432,77.28957009315491
native_disk,1772729151.16222,7.1432,77.40142011642456
native_disk,1772729151.279961,7.1432,77.51916122436523
native_disk,1772729151.394334,7.1432,77.63353419303894
native_disk,1772729151.524414,7.1432,77.76361417770386
native_disk,1772729151.63863,7.1432,77.87783002853394
native_disk,1772729151.753661,7.1432,77.99286103248596
native_disk,1772729151.872524,7.1432,78.11172413825989
native_disk,1772729151.984072,7.1432,78.22327208518982
native_disk,1772729152.100181,7.1432,78.33938121795654
native_disk,1772729152.217782,7.1432,78.4569821357727
native_disk,1772729152.335314,7.1432,78.5745141506195
native_disk,1772729152.450714,7.1432,78.68991422653198
native_disk,1772729152.582506,7.1432,78.82170605659485
native_disk,1772729152.69842,7.1432,78.93762016296387
native_disk,1772729152.813895,7.1432,79.05309510231018
native_disk,1772729152.928532,7.1432,79.16773200035095
native_disk,1772729153.055325,7.1432,79.29452514648438
native_disk,1772729153.172312,7.1432,79.41151213645935
native_disk,1772729153.285562,7.1432,79.52476215362549
native_disk,1772729153.398951,7.1432,79.63815116882324
native_disk,1772729153.51316,7.1432,79.75236010551453
native_disk,1772729153.635467,7.1432,79.87466716766357
native_disk,1772729153.752384,7.1432,79.9915840625763
native_disk,1772729153.867357,7.1432,80.1065571308136
native_disk,1772729153.981484,7.1432,80.22068405151367
native_disk,1772729154.098366,7.1432,80.33756613731384
native_disk,1772729154.255748,7.1432,80.49494814872742
native_disk,1772729154.367812,7.1432,80.60701203346252
native_disk,1772729154.479331,7.1432,80.71853113174438
native_disk,1772729154.610897,7.1432,80.85009717941284
native_disk,1772729154.721412,7.1432,80.96061205863953
native_disk,1772729154.836278,7.1432,81.07547807693481
native_disk,1772729154.951227,7.1432,81.19042706489563
native_disk,1772729155.066351,7.1432,81.3055510520935
native_disk,1772729155.179654,7.1432,81.4188539981842
native_disk,1772729155.293866,7.1432,81.53306603431702
native_disk,1772729155.412974,7.1432,81.65217423439026
native_disk,1772729155.528369,7.1432,81.767569065094
native_disk,1772729155.642664,7.1432,81.88186407089233
native_disk,1772729155.784086,7.1432,82.02328610420227
native_disk,1772729155.898241,7.1432,82.13744115829468
native_disk,1772729156.014691,7.1432,82.25389122962952
native_disk,1772729156.12864,7.1432,82.367840051651
native_disk,1772729156.244826,7.1432,82.48402619361877
native_disk,1772729156.361399,7.1432,82.60059905052185
native_disk,1772729156.475713,7.1432,82.71491312980652
native_disk,1772729156.608251,7.1432,82.84745121002197
native_disk,1772729156.709756,7.1432,82.94895601272583
native_disk,1772729156.822862,7.1432,83.06206202507019
native_disk,1772729156.936049,7.1432,83.17524909973145
native_disk,1772729157.057329,7.1432,83.29652905464172
native_disk,1772729157.174509,7.1432,83.41370916366577
native_disk,1772729157.290172,7.1432,83.529372215271
native_disk,1772729157.404132,7.1432,83.64333200454712
native_disk,1772729157.571573,7.1432,83.81077313423157
native_disk,1772729157.673111,7.1432,83.91231107711792
native_disk,1772729157.785737,7.1432,84.02493715286255
native_disk,1772729157.898987,7.1432,84.13818717002869
native_disk,1772729158.250103,7.1432,84.48930311203003
native_disk,1772729158.350861,7.1432,84.59006118774414
native_disk,1772729158.45558,7.1432,84.69478011131287
native_disk,1772729158.56471,7.1432,84.80391001701355
native_disk,1772729158.681758,7.1432,84.92095804214478
native_disk,1772729158.796005,7.1432,85.03520512580872
native_disk,1772729158.911828,7.1432,85.15102815628052
native_disk,1772729159.026574,7.1432,85.26577401161194
native_disk,1772729159.140938,7.1432,85.38013815879822
native_disk,1772729159.257282,7.1432,85.49648213386536
native_disk,1772729159.373509,7.1432,85.61270904541016
native_disk,1772729159.488116,7.1432,85.72731614112854
native_disk,1772729159.603708,7.1432,85.84290814399719
native_disk,1772729159.725946,7.1432,85.9651460647583
native_disk,1772729159.832708,7.1432,86.07190799713135
native_disk,1772729159.975089,7.1432,86.21428918838501
native_disk,1772729160.079766,7.1432,86.31896615028381
native_disk,1772729160.180137,7.1432,86.41933703422546
native_disk,1772729160.292994,7.1432,86.53219413757324
native_disk,1772729160.407601,7.1432,86.64680123329163
native_disk,1772729160.521906,7.1432,86.76110601425171
native_disk,1772729160.637868,7.1432,86.87706804275513
native_disk,1772729160.752572,7.1432,86.9917721748352
native_disk,1772729160.887732,7.1432,87.12693214416504
native_disk,1772729161.001933,7.1432,87.24113321304321
native_disk,1772729161.12003,7.1432,87.3592300415039
native_disk,1772729161.235271,7.1432,87.47447109222412
native_disk,1772729161.346197,7.1432,87.58539700508118
native_disk,1772729161.462821,7.1432,87.70202112197876
native_disk,1772729161.578112,7.1432,87.817312002182
native_disk,1772729161.694337,7.1432,87.93353700637817
native_disk,1772729161.828904,7.1432,88.06810402870178
native_disk,1772729161.934894,7.1432,88.17409420013428
native_disk,1772729162.043336,7.1432,88.28253602981567
native_disk,1772729162.157177,7.1432,88.3963770866394
native_disk,1772729162.284482,7.1432,88.52368211746216
native_disk,1772729162.400139,7.1432,88.6393392086029
native_disk,1772729162.518543,7.1432,88.75774312019348
native_disk,1772729162.634098,7.1432,88.87329816818237
native_disk,1772729162.776372,7.1432,89.01557207107544
native_disk,1772729162.898724,7.1432,89.13792419433594
native_disk,1772729163.014577,7.1432,89.25377702713013
native_disk,1772729163.13294,7.1432,89.37214016914368
native_disk,1772729163.248924,7.1432,89.48812413215637
native_disk,1772729163.415415,7.1432,89.6546151638031
native_disk,1772729163.51643,7.1432,89.7556300163269
native_disk,1772729163.617398,7.1432,89.8565981388092
native_disk,1772729163.734839,7.1432,89.97403907775879
native_disk,1772729163.848057,7.1432,90.08725714683533
native_disk,1772729163.972528,7.1432,90.2117280960083
native_disk,1772729164.126628,7.1432,90.36582803726196
native_disk,1772729164.227776,7.1432,90.46697616577148
native_disk,1772729164.336923,7.1432,90.57612299919128
native_disk,1772729164.444098,7.1432,90.68329811096191
native_disk,1772729164.599741,7.1432,90.83894109725952
native_disk,1772729164.715342,7.1432,90.95454216003418
native_disk,1772729164.836323,7.1432,91.07552313804626
native_disk,1772729164.951171,7.1432,91.19037103652954
native_disk,1772729165.082761,7.1432,91.32196116447449
native_disk,1772729165.18714,7.1432,91.42634010314941
native_disk,1772729165.334634,7.1432,91.57383418083191
native_disk,1772729165.438405,7.1432,91.67760515213013
native_disk,1772729165.76512,7.1432,92.00432014465332
native_disk,1772729165.866577,7.1432,92.10577702522278
native_disk,1772729165.967954,7.1432,92.20715403556824
native_disk,1772729166.076971,7.1432,92.316171169281
native_disk,1772729166.209876,7.1432,92.4490761756897
native_disk,1772729166.318229,7.1432,92.55742907524109
native_disk,1772729166.448004,7.1432,92.68720412254333
native_disk,1772729166.562598,7.1432,92.80179810523987
native_disk,1772729166.681807,7.1432,92.92100715637207
native_disk,1772729166.833174,7.1432,93.07237410545349
native_disk,1772729166.949811,7.1432,93.18901109695435
native_disk,1772729167.080989,7.1432,93.32018899917603
native_disk,1772729167.195495,7.1432,93.43469500541687
native_disk,1772729167.31001,7.1432,93.54921007156372
native_disk,1772729167.436073,7.1432,93.67527318000793
native_disk,1772729167.552538,7.1432,93.79173803329468
native_disk,1772729167.667725,7.1432,93.90692520141602
native_disk,1772729167.783602,7.1432,94.0228021144867
native_disk,1772729167.90238,7.1432,94.14158010482788
native_disk,1772729168.022015,7.1432,94.26121520996094
native_disk,1772729168.136926,7.1432,94.3761260509491
native_disk,1772729168.257242,7.1432,94.49644207954407
native_disk,1772729168.408962,7.1432,94.64816212654114
native_disk,1772729168.529808,7.1432,94.76900815963745
native_disk,1772729168.656887,7.1432,94.89608716964722
native_disk,1772729168.78884,7.1432,95.02804017066956
native_disk,1772729168.907997,7.1432,95.14719700813293
native_disk,1772729169.03589,7.1432,95.27509021759033
native_disk,1772729169.153239,7.1432,95.39243912696838
native_disk,1772729169.274523,7.1432,95.5137231349945
native_disk,1772729169.408443,7.1432,95.64764308929443
native_disk,1772729169.514268,7.1432,95.75346803665161
native_disk,1772729169.637026,7.1432,95.87622618675232
native_disk,1772729169.739588,7.1432,95.97878813743591
native_disk,1772729169.857991,7.1432,96.09719109535217
native_disk,1772729169.984274,7.1432,96.22347402572632
native_disk,1772729170.102723,7.1432,96.34192299842834
native_disk,1772729170.221742,7.1432,96.460942029953
native_disk,1772729170.339421,7.1432,96.57862114906311
native_disk,1772729170.472919,7.1432,96.71211910247803
native_disk,1772729170.590326,7.1432,96.82952618598938
native_disk,1772729170.704648,7.1432,96.94384813308716
native_disk,1772729170.821842,7.1432,97.0610420703888
native_disk,1772729170.934966,7.1432,97.17416620254517
native_disk,1772729171.057293,7.1432,97.29649305343628
native_disk,1772729171.173507,7.1432,97.41270709037781
native_disk,1772729171.290584,7.1432,97.52978420257568
native_disk,1772729171.433901,7.1432,97.67310118675232
native_disk,1772729171.534522,7.1432,97.77372217178345
native_disk,1772729171.653764,7.1432,97.89296412467957
native_disk,1772729171.787347,7.1432,98.02654719352722
native_disk,1772729171.891652,7.1432,98.13085222244263
native_disk,1772729172.001339,7.1432,98.24053907394409
native_disk,1772729172.116726,7.1432,98.35592603683472
native_disk,1772729172.232181,7.1432,98.47138118743896
native_disk,1772729172.34747,7.1432,98.58667016029358
native_disk,1772729172.462814,7.1432,98.70201420783997
native_disk,1772729172.578779,7.1432,98.81797909736633
native_disk,1772729172.708398,7.1432,98.94759821891785
native_disk,1772729172.836559,7.1432,99.07575917243958
native_disk,1772729172.95333,7.1432,99.19253015518188
native_disk,1772729173.06838,7.1432,99.30758023262024
native_disk,1772729173.186826,7.1432,99.42602610588074
native_disk,1772729173.303828,7.1432,99.5430281162262
native_disk,1772729173.420227,7.1432,99.65942716598511
native_disk,1772729173.536002,7.1432,99.77520203590393
native_disk,1772729173.651111,7.1432,99.89031100273132
native_disk,1772729173.951958,7.1432,100.19115805625916
native_disk,1772729174.080734,7.1432,100.31993412971497
native_disk,1772729174.195597,7.1432,100.43479704856873
native_disk,1772729174.313384,7.1432,100.55258417129517
native_disk,1772729174.429903,7.1432,100.66910314559937
native_disk,1772729174.54534,7.1432,100.7845401763916
native_disk,1772729174.661928,7.1432,100.90112805366516
native_disk,1772729174.78191,7.1432,101.02111005783081
native_disk,1772729174.896174,7.1432,101.13537406921387
native_disk,1772729175.013247,7.1432,101.2524471282959
native_disk,1772729175.130103,7.1432,101.36930322647095
native_disk,1772729175.245793,7.1432,101.48499321937561
native_disk,1772729175.361335,7.1432,101.60053515434265
native_disk,1772729175.476825,7.1432,101.71602511405945
native_disk,1772729175.593426,7.1432,101.83262610435486
native_disk,1772729175.712356,7.1432,101.95155620574951
native_disk,1772729175.827076,7.1432,102.06627607345581
native_disk,1772729175.960388,7.1432,102.19958806037903
native_disk,1772729176.075402,7.1432,102.31460213661194
native_disk,1772729176.23382,7.1432,102.47302007675171
native_disk,1772729176.350806,7.1432,102.59000611305237
native_disk,1772729176.470179,7.1432,102.70937919616699
native_disk,1772729176.584561,7.1432,102.8237612247467
native_disk,1772729176.714086,7.1432,102.95328617095947
native_disk,1772729176.829321,7.1432,103.06852102279663
native_disk,1772729176.948408,7.1432,103.18760800361633
native_disk,1772729177.068047,7.1432,103.30724716186523
native_disk,1772729177.182889,7.1432,103.42208909988403
native_disk,1772729177.299107,7.1432,103.5383071899414
native_disk,1772729177.416352,7.1432,103.65555214881897
native_disk,1772729177.535817,7.1432,103.77501702308655
native_disk,1772729177.659672,7.1432,103.8988721370697
native_disk,1772729177.805474,7.1432,104.04467415809631
native_disk,1772729177.918954,7.1432,104.1581540107727
native_disk,1772729178.020065,7.1432,104.25926518440247
native_disk,1772729178.121793,7.1432,104.36099314689636
native_disk,1772729178.237615,7.1432,104.47681522369385
native_disk,1772729178.37397,7.1432,104.61317014694214
native_disk,1772729178.489659,7.1432,104.72885918617249
native_disk,1772729178.60652,7.1432,104.84572005271912
native_disk,1772729178.73809,7.1432,104.97729015350342
native_disk,1772729178.857338,7.1432,105.09653806686401
native_disk,1772729178.991427,7.1432,105.23062705993652
native_disk,1772729179.107285,7.1432,105.34648513793945
native_disk,1772729179.225809,7.1432,105.4650092124939
native_disk,1772729179.339423,7.1432,105.57862305641174
native_disk,1772729179.458982,7.1432,105.69818210601807
native_disk,1772729179.574763,7.1432,105.81396317481995
native_disk,1772729179.689797,7.1432,105.92899703979492
native_disk,1772729179.804126,7.1432,106.04332613945007
native_disk,1772729179.920997,7.1432,106.16019701957703
native_disk,1772729180.065314,7.1432,106.304514169693
native_disk,1772729180.189534,7.1432,106.42873406410217
native_disk,1772729180.330659,7.1432,106.56985902786255
native_disk,1772729180.775138,7.1432,107.01433801651001
native_disk,1772729180.881927,7.1432,107.12112712860107
native_disk,1772729180.983774,7.1432,107.22297406196594
native_disk,1772729181.099798,7.1432,107.33899807929993
native_disk,1772729181.22559,7.1432,107.4647901058197
native_disk,1772729181.348459,7.1432,107.58765912055969
native_disk,1772729181.465302,7.1432,107.70450210571289
native_disk,1772729181.602293,7.1432,107.84149312973022
native_disk,1772729181.702613,7.1432,107.94181323051453
native_disk,1772729181.831065,7.1432,108.07026505470276
native_disk,1772729181.948824,7.1432,108.18802404403687
native_disk,1772729182.08519,7.1432,108.32439017295837
native_disk,1772729182.196794,7.1432,108.4359941482544
native_disk,1772729182.311865,7.1432,108.55106520652771
native_disk,1772729182.429563,7.1432,108.66876316070557
native_disk,1772729182.549608,7.1432,108.7888081073761
native_disk,1772729182.664448,7.1432,108.90364813804626
native_disk,1772729182.781209,7.1432,109.02040910720825
native_disk,1772729182.90039,7.1432,109.13959002494812
native_disk,1772729183.017154,7.1432,109.25635409355164
native_disk,1772729183.1327,7.1432,109.37190008163452
native_disk,1772729183.265318,7.1432,109.50451803207397
native_disk,1772729183.38428,7.1432,109.62348008155823
native_disk,1772729183.506264,7.1432,109.74546408653259
native_disk,1772729183.623825,7.1432,109.86302518844604
native_disk,1772729183.758774,7.1432,109.99797415733337
native_disk,1772729183.884269,7.1432,110.12346911430359
native_disk,1772729183.998413,7.1432,110.23761320114136
native_disk,1772729184.115424,7.1432,110.35462403297424
native_disk,1772729184.233261,7.1432,110.4724612236023
native_disk,1772729184.348352,7.1432,110.58755207061768
native_disk,1772729184.46735,7.1432,110.70655012130737
native_disk,1772729184.586993,7.1432,110.82619309425354
native_disk,1772729184.714585,7.1432,110.95378518104553
native_disk,1772729184.830863,7.1432,111.07006311416626
native_disk,1772729184.949851,7.1432,111.18905115127563
native_disk,1772729185.067208,7.1432,111.30640816688538
native_disk,1772729185.186339,7.1432,111.42553901672363
native_disk,1772729185.30185,7.1432,111.54105019569397
native_disk,1772729185.419198,7.1432,111.6583981513977
native_disk,1772729185.774099,7.1432,112.01329922676086
native_disk,1772729185.892147,7.1432,112.13134717941284
native_disk,1772729186.002552,7.1432,112.24175214767456
native_disk,1772729186.108371,7.1432,112.34757113456726
native_disk,1772729186.219985,7.1432,112.4591851234436
native_disk,1772729186.335757,7.1432,112.57495713233948
native_disk,1772729186.453393,7.1432,112.69259309768677
native_disk,1772729186.574705,7.1432,112.81390500068665
native_disk,1772729186.715756,7.1432,112.9549560546875
native_disk,1772729186.816243,7.1432,113.05544304847717
native_disk,1772729186.932125,7.1432,113.17132520675659
native_disk,1772729187.059834,7.1432,113.29903411865234
native_disk,1772729187.176171,7.1432,113.41537117958069
native_disk,1772729187.292495,7.1432,113.53169512748718
native_disk,1772729187.409763,7.1432,113.64896321296692
native_disk,1772729187.526344,7.1432,113.76554417610168
native_disk,1772729187.643239,7.1432,113.88243913650513
native_disk,1772729187.797261,7.1432,114.03646111488342
native_disk,1772729187.903533,7.1432,114.14273309707642
native_disk,1772729188.013285,7.1432,114.25248503684998
native_disk,1772729188.132047,7.1432,114.37124705314636
native_disk,1772729188.26933,7.1432,114.5085301399231
native_disk,1772729188.384721,7.1432,114.62392115592957
native_disk,1772729188.50304,7.1432,114.74224019050598
native_disk,1772729188.661582,7.1432,114.90078210830688
native_disk,1772729188.768202,7.1432,115.00740218162537
native_disk,1772729188.869046,7.1432,115.10824608802795
native_disk,1772729188.985556,7.1432,115.22475600242615
native_disk,1772729189.100933,7.1432,115.34013319015503
native_disk,1772729189.218586,7.1432,115.45778608322144
native_disk,1772729189.336341,7.1432,115.5755410194397
native_disk,1772729189.455978,7.1432,115.69517803192139
native_disk,1772729189.60674,7.1432,115.84594011306763
native_disk,1772729189.712478,7.1432,115.95167803764343
native_disk,1772729189.827954,7.1432,116.06715416908264
native_disk,1772729189.964913,7.1432,116.2041130065918
native_disk,1772729190.065681,7.1432,116.30488109588623
native_disk,1772729190.181733,7.1432,116.42093300819397
native_disk,1772729190.315778,7.1432,116.55497813224792
native_disk,1772729190.433742,7.1432,116.67294216156006
native_disk,1772729190.550869,7.1432,116.79006910324097
native_disk,1772729190.668347,7.1432,116.90754699707031
native_disk,1772729190.978859,7.1432,117.21805906295776
native_disk,1772729191.110422,7.1432,117.34962201118469
native_disk,1772729191.211462,7.1432,117.45066213607788
native_disk,1772729191.326224,7.1432,117.56542420387268
native_disk,1772729191.443097,7.1432,117.68229722976685
native_disk,1772729191.561319,7.1432,117.80051922798157
native_disk,1772729191.67635,7.1432,117.9155502319336
native_disk,1772729191.797523,7.1432,118.03672313690186
native_disk,1772729191.918271,7.1432,118.15747117996216
native_disk,1772729192.047747,7.1432,118.28694701194763
native_disk,1772729192.185728,7.1432,118.42492818832397
native_disk,1772729192.301897,7.1432,118.54109716415405
native_disk,1772729192.41983,7.1432,118.6590301990509
native_disk,1772729192.537853,7.1432,118.77705311775208
native_disk,1772729192.657028,7.1432,118.89622807502747
native_disk,1772729192.774473,7.1432,119.0136730670929
native_disk,1772729192.892748,7.1432,119.13194823265076
native_disk,1772729193.008976,7.1432,119.24817609786987
native_disk,1772729193.126646,7.1432,119.36584615707397
native_disk,1772729193.243547,7.1432,119.4827470779419
native_disk,1772729193.361174,7.1432,119.60037422180176
native_disk,1772729193.47954,7.1432,119.71874022483826
native_disk,1772729193.603273,7.1432,119.84247303009033
native_disk,1772729193.721512,7.1432,119.96071219444275
native_disk,1772729193.87022,7.1432,120.10942006111145
native_disk,1772729193.976667,7.1432,120.2158670425415
native_disk,1772729194.094104,7.1432,120.33330416679382
native_disk,1772729194.208398,7.1432,120.44759821891785
native_disk,1772729194.329381,7.1432,120.56858110427856
native_disk,1772729194.443595,7.1432,120.68279504776001
native_disk,1772729194.600637,7.1432,120.83983707427979
native_disk,1772729194.7067,7.1432,120.94590020179749
native_disk,1772729194.824459,7.1432,121.06365919113159
native_disk,1772729194.940893,7.1432,121.18009305000305
native_disk,1772729195.056661,7.1432,121.29586100578308
native_disk,1772729195.178971,7.1432,121.41817116737366
native_disk,1772729195.553854,7.1432,121.79305410385132
native_disk,1772729195.654558,7.1432,121.89375805854797
native_disk,1772729195.759898,7.1432,121.99909806251526
native_disk,1772729195.906751,7.1432,122.14595103263855
native_disk,1772729196.017226,7.1432,122.25642609596252
native_disk,1772729196.118352,7.1432,122.35755205154419
native_disk,1772729196.234321,7.1432,122.47352123260498
native_disk,1772729196.351002,7.1432,122.59020209312439
native_disk,1772729196.494753,7.1432,122.73395299911499
native_disk,1772729196.605362,7.1432,122.84456205368042
native_disk,1772729196.758921,7.1432,122.9981210231781
native_disk,1772729196.859747,7.1432,123.09894704818726
native_disk,1772729196.978087,7.1432,123.21728706359863
native_disk,1772729197.107445,7.1432,123.34664511680603
native_disk,1772729197.224481,7.1432,123.4636812210083
native_disk,1772729197.359283,7.1432,123.59848308563232
native_disk,1772729197.480505,7.1432,123.71970510482788
native_disk,1772729197.60182,7.1432,123.84102010726929
native_disk,1772729197.719192,7.1432,123.95839214324951
native_disk,1772729197.835431,7.1432,124.07463121414185
native_disk,1772729197.95315,7.1432,124.19235014915466
native_disk,1772729198.071195,7.1432,124.31039500236511
native_disk,1772729198.212401,7.1432,124.45160102844238
native_disk,1772729198.329274,7.1432,124.56847405433655
native_disk,1772729198.462988,7.1432,124.70218801498413
native_disk,1772729198.579372,7.1432,124.81857204437256
native_disk,1772729198.702896,7.1432,124.94209623336792
native_disk,1772729198.827777,7.1432,125.06697702407837
native_disk,1772729198.958628,7.1432,125.1978280544281
native_disk,1772729199.070215,7.1432,125.309415102005
native_disk,1772729199.187789,7.1432,125.42698907852173
native_disk,1772729199.308491,7.1432,125.54769110679626
native_disk,1772729199.424306,7.1432,125.66350603103638
native_disk,1772729199.543411,7.1432,125.78261113166809
native_disk,1772729199.666168,7.1432,125.9053680896759
native_disk,1772729199.783222,7.1432,126.0224220752716
native_disk,1772729200.221227,7.1432,126.46042704582214
native_disk,1772729200.335371,7.1432,126.57457113265991
native_disk,1772729200.459891,7.1432,126.69909119606018
native_disk,1772729200.578161,7.1432,126.8173611164093
native_disk,1772729200.695235,7.1432,126.93443512916565
native_disk,1772729200.815552,7.1432,127.05475211143494
native_disk,1772729200.932909,7.1432,127.17210912704468
native_disk,1772729201.051403,7.1432,127.29060316085815
native_disk,1772729201.173652,7.1432,127.4128520488739
native_disk,1772729201.300087,7.1432,127.53928709030151
native_disk,1772729201.417553,7.1432,127.6567530632019
native_disk,1772729201.551188,7.1432,127.7903881072998
native_disk,1772729201.658275,7.1432,127.89747500419617
native_disk,1772729201.791256,7.1432,128.0304560661316
native_disk,1772729201.907639,7.1432,128.1468391418457
native_disk,1772729202.026402,7.1432,128.2656021118164
native_disk,1772729202.143874,7.1432,128.38307404518127
native_disk,1772729202.264573,7.1432,128.50377321243286
native_disk,1772729202.381777,7.1432,128.62097716331482
native_disk,1772729202.503833,7.1432,128.74303317070007
native_disk,1772729202.622154,7.1432,128.86135411262512
native_disk,1772729202.742067,7.1432,128.9812672138214
native_disk,1772729203.084374,7.1432,129.3235740661621
native_disk,1772729203.185899,7.1432,129.4250991344452
native_disk,1772729203.305341,7.1432,129.54454112052917
native_disk,1772729203.423732,7.1432,129.66293215751648
native_disk,1772729203.541854,7.1432,129.78105401992798
native_disk,1772729203.661471,7.1432,129.90067100524902
native_disk,1772729203.785425,7.1432,130.0246250629425
native_disk,1772729203.904729,7.1432,130.1439290046692
native_disk,1772729204.039001,7.1432,130.27820110321045
native_disk,1772729204.139885,7.1432,130.37908506393433
native_disk,1772729204.257626,7.1432,130.496826171875
native_disk,1772729204.376621,7.1432,130.61582112312317
native_disk,1772729204.494704,7.1432,130.73390412330627
native_disk,1772729204.612735,7.1432,130.85193514823914
native_disk,1772729204.729214,7.1432,130.96841406822205
native_disk,1772729204.847472,7.1432,131.0866720676422
native_disk,1772729204.997298,7.1432,131.2364981174469
native_disk,1772729205.100672,7.1432,131.3398721218109
native_disk,1772729205.201889,7.1432,131.4410891532898
native_disk,1772729205.318624,7.1432,131.55782413482666
native_disk,1772729205.437515,7.1432,131.67671513557434
native_disk,1772729205.919302,7.1432,132.1585021018982
native_disk,1772729206.019911,7.1432,132.25911116600037
native_disk,1772729206.121186,7.1432,132.36038613319397
native_disk,1772729206.223949,7.1432,132.46314907073975
native_disk,1772729206.341865,7.1432,132.58106517791748
native_disk,1772729206.46707,7.1432,132.7062702178955
native_disk,1772729206.598984,7.1432,132.83818411827087
native_disk,1772729206.717136,7.1432,132.95633602142334
native_disk,1772729206.838443,7.1432,133.07764315605164
native_disk,1772729206.957097,7.1432,133.1962971687317
native_disk,1772729207.074455,7.1432,133.31365513801575
native_disk,1772729207.192313,7.1432,133.43151307106018
native_disk,1772729207.310833,7.1432,133.55003309249878
native_disk,1772729207.42903,7.1432,133.6682300567627
native_disk,1772729207.577811,7.1432,133.81701111793518
native_disk,1772729207.677878,7.1432,133.91707801818848
native_disk,1772729207.796126,7.1432,134.03532600402832
native_disk,1772729207.914984,7.1432,134.15418410301208
native_disk,1772729208.034937,7.1432,134.27413702011108
native_disk,1772729208.151605,7.1432,134.39080500602722
native_disk,1772729208.270535,7.1432,134.50973510742188
native_disk,1772729208.606824,7.1432,134.84602403640747
native_disk,1772729208.711379,7.1432,134.95057916641235
native_disk,1772729208.830123,7.1432,135.06932306289673
native_disk,1772729208.947369,7.1432,135.1865692138672
native_disk,1772729209.065968,7.1432,135.30516815185547
native_disk,1772729209.182799,7.1432,135.4219992160797
native_disk,1772729209.326348,7.1432,135.5655481815338
native_disk,1772729209.439534,7.1432,135.67873406410217
native_disk,1772729209.558589,7.1432,135.79778909683228
native_disk,1772729209.679791,7.1432,135.9189910888672
native_disk,1772729209.795326,7.1432,136.03452610969543
native_disk,1772729209.914647,7.1432,136.15384721755981
native_disk,1772729210.034554,7.1432,136.27375411987305
native_disk,1772729210.154376,7.1432,136.39357614517212
native_disk,1772729210.27238,7.1432,136.51158022880554
native_disk,1772729210.405902,7.1432,136.64510202407837
native_disk,1772729210.558031,7.1432,136.79723119735718
native_disk,1772729210.660913,7.1432,136.90011310577393
native_disk,1772729210.763053,7.1432,137.0022530555725
native_disk,1772729210.882348,7.1432,137.12154817581177
native_disk,1772729211.001217,7.1432,137.2404170036316
native_disk,1772729211.119291,7.1432,137.35849118232727
native_disk,1772729211.235774,7.1432,137.47497415542603
native_disk,1772729211.354768,7.1432,137.59396815299988
native_disk,1772729211.471608,7.1432,137.71080803871155
native_disk,1772729211.947143,7.1432,138.1863431930542
native_disk,1772729212.056543,7.1432,138.295743227005
native_disk,1772729212.160207,7.1432,138.3994071483612
native_disk,1772729212.278115,7.1432,138.51731514930725
native_disk,1772729212.396579,7.1432,138.63577914237976
native_disk,1772729212.515461,7.1432,138.75466108322144
native_disk,1772729212.6465,7.1432,138.88570022583008
native_disk,1772729212.766572,7.1432,139.00577211380005
native_disk,1772729212.883152,7.1432,139.1223521232605
native_disk,1772729213.002007,7.1432,139.24120712280273
native_disk,1772729213.141798,7.1432,139.38099813461304
native_disk,1772729213.259526,7.1432,139.49872612953186
native_disk,1772729213.377162,7.1432,139.61636209487915
native_disk,1772729213.534314,7.1432,139.7735140323639
native_disk,1772729213.635656,7.1432,139.8748562335968
native_disk,1772729213.749252,7.1432,139.98845219612122
native_disk,1772729213.85712,7.1432,140.09632015228271
native_disk,1772729213.987732,7.1432,140.2269320487976
native_disk,1772729214.121559,7.1432,140.36075901985168
native_disk,1772729214.255731,7.1432,140.4949312210083
native_disk,1772729214.375699,7.1432,140.61489915847778
native_disk,1772729214.494035,7.1432,140.73323512077332
native_disk,1772729214.612611,7.1432,140.851811170578
native_disk,1772729214.740961,7.1432,140.98016119003296
native_disk,1772729214.893637,7.1432,141.13283705711365
native_disk,1772729214.995275,7.1432,141.23447513580322
native_disk,1772729215.116941,7.1432,141.35614109039307
native_disk,1772729215.235375,7.1432,141.4745750427246
native_disk,1772729215.350197,7.1432,141.58939719200134
native_disk,1772729215.467201,7.1432,141.70640110969543
native_disk,1772729215.585763,7.1432,141.82496309280396
native_disk,1772729215.873795,7.1432,142.11299514770508
native_disk,1772729216.016736,7.1432,142.25593614578247
native_disk,1772729216.163495,7.1432,142.4026951789856
native_disk,1772729216.264431,7.1432,142.50363111495972
native_disk,1772729216.365253,7.1432,142.60445308685303
native_disk,1772729216.466667,7.1432,142.70586705207825
native_disk,1772729216.587832,7.1432,142.8270320892334
native_disk,1772729216.706484,7.1432,142.94568419456482
native_disk,1772729216.823422,7.1432,143.0626220703125
native_disk,1772729216.940722,7.1432,143.17992210388184
native_disk,1772729217.059059,7.1432,143.29825901985168
native_disk,1772729217.178965,7.1432,143.41816520690918
native_disk,1772729217.298759,7.1432,143.53795909881592
native_disk,1772729217.416081,7.1432,143.65528106689453
native_disk,1772729217.535617,7.1432,143.77481722831726
native_disk,1772729217.655492,7.1432,143.8946921825409
native_disk,1772729217.783175,7.1432,144.02237510681152
native_disk,1772729217.901363,7.1432,144.14056301116943
native_disk,1772729218.021804,7.1432,144.26100420951843
native_disk,1772729218.139724,7.1432,144.37892413139343
native_disk,1772729218.258794,7.1432,144.49799418449402
native_disk,1772729218.378028,7.1432,144.61722803115845
native_disk,1772729218.499001,7.1432,144.73820114135742
native_disk,1772729218.617081,7.1432,144.856281042099
native_disk,1772729218.743169,7.1432,144.98236918449402
native_disk,1772729218.862076,7.1432,145.1012761592865
native_disk,1772729219.357054,7.1432,145.5962541103363
native_disk,1772729219.479078,7.1432,145.71827816963196
native_disk,1772729219.598711,7.1432,145.8379111289978
native_disk,1772729219.716967,7.1432,145.95616722106934
native_disk,1772729219.834748,7.1432,146.07394814491272
native_disk,1772729219.99036,7.1432,146.22956013679504
native_disk,1772729220.09306,7.1432,146.33226013183594
native_disk,1772729220.215674,7.1432,146.4548740386963
native_disk,1772729220.349569,7.1432,146.588769197464
native_disk,1772729220.501638,7.1432,146.74083805084229
native_disk,1772729220.627606,7.1432,146.86680603027344
native_disk,1772729220.733569,7.1432,146.97276902198792
native_disk,1772729220.834793,7.1432,147.07399320602417
native_disk,1772729220.956137,7.1432,147.19533705711365
native_disk,1772729221.103208,7.1432,147.34240818023682
native_disk,1772729221.226691,7.1432,147.465891122818
native_disk,1772729221.346379,7.1432,147.5855791568756
native_disk,1772729221.482471,7.1432,147.72167110443115
native_disk,1772729221.583637,7.1432,147.8228371143341
native_disk,1772729221.702761,7.1432,147.94196105003357
native_disk,1772729221.821864,7.1432,148.06106400489807
native_disk,1772729221.942341,7.1432,148.18154120445251
native_disk,1772729222.059928,7.1432,148.2991280555725
native_disk,1772729222.178776,7.1432,148.41797614097595
native_disk,1772729222.486302,7.1432,148.72550201416016
native_disk,1772729222.603323,7.1432,148.84252309799194
native_disk,1772729222.722637,7.1432,148.96183705329895
native_disk,1772729222.841838,7.1432,149.08103799819946
native_disk,1772729222.974221,7.1432,149.2134211063385
native_disk,1772729223.153121,7.1432,149.39232110977173
native_disk,1772729223.254092,7.1432,149.49329209327698
native_disk,1772729223.355476,7.1432,149.59467601776123
native_disk,1772729223.509241,7.1432,149.74844121932983
native_disk,1772729223.611686,7.1432,149.8508861064911
native_disk,1772729223.715908,7.1432,149.95510816574097
native_disk,1772729223.84777,7.1432,150.0869700908661
native_disk,1772729223.967389,7.1432,150.20658922195435
native_disk,1772729224.085972,7.1432,150.32517218589783
native_disk,1772729224.20393,7.1432,150.4431300163269
native_disk,1772729224.322843,7.1432,150.56204319000244
native_disk,1772729224.441808,7.1432,150.68100810050964
native_disk,1772729224.559856,7.1432,150.79905605316162
native_disk,1772729224.680179,7.1432,150.91937923431396
native_disk,1772729224.798111,7.1432,151.03731107711792
native_disk,1772729224.986747,7.1432,151.22594714164734
native_disk,1772729225.100108,7.1432,151.33930802345276
native_disk,1772729225.200864,7.1432,151.44006419181824
native_disk,1772729225.304194,7.1432,151.54339408874512
native_disk,1772729225.423349,7.1432,151.66254901885986
native_disk,1772729225.542618,7.1432,151.781818151474
native_disk,1772729225.678101,7.1432,151.91730117797852
native_disk,1772729225.843967,7.1432,152.08316707611084
native_disk,1772729226.155346,7.1432,152.3945460319519
native_disk,1772729226.27915,7.1432,152.51835012435913
native_disk,1772729226.396622,7.1432,152.635822057724
native_disk,1772729226.517163,7.1432,152.75636315345764
native_disk,1772729226.636942,7.1432,152.8761420249939
native_disk,1772729226.754901,7.1432,152.99410104751587
native_disk,1772729226.889288,7.1432,153.12848806381226
native_disk,1772729227.009419,7.1432,153.24861907958984
native_disk,1772729227.147429,7.1432,153.38662910461426
native_disk,1772729227.259433,7.1432,153.498633146286
native_disk,1772729227.380463,7.1432,153.6196630001068
native_disk,1772729227.498985,7.1432,153.73818516731262
native_disk,1772729227.618837,7.1432,153.85803723335266
native_disk,1772729227.769483,7.1432,154.00868320465088
native_disk,1772729227.876524,7.1432,154.11572408676147
native_disk,1772729227.979736,7.1432,154.21893620491028
native_disk,1772729228.098622,7.1432,154.3378221988678
native_disk,1772729228.218227,7.1432,154.4574270248413
native_disk,1772729228.335775,7.1432,154.5749750137329
native_disk,1772729228.467639,7.1432,154.70683908462524
native_disk,1772729228.603896,7.1432,154.84309601783752
native_disk,1772729228.735475,7.1432,154.97467517852783
native_disk,1772729228.857224,7.1432,155.0964241027832
native_disk,1772729228.977603,7.1432,155.21680307388306
native_disk,1772729229.119445,7.1432,155.35864520072937
native_disk,1772729229.221488,7.1432,155.46068811416626
native_disk,1772729229.574604,7.1432,155.81380414962769
native_disk,1772729229.690088,7.1432,155.92928814888
native_disk,1772729229.810503,7.1432,156.0497031211853
native_disk,1772729229.931516,7.1432,156.170716047287
native_disk,1772729230.063276,7.1432,156.30247616767883
native_disk,1772729230.184842,7.1432,156.42404222488403
native_disk,1772729230.305275,7.1432,156.54447507858276
native_disk,1772729230.426362,7.1432,156.66556215286255
native_disk,1772729230.557069,7.1432,156.7962691783905
native_disk,1772729230.675153,7.1432,156.91435313224792
native_disk,1772729230.832687,7.1432,157.0718870162964
native_disk,1772729230.935698,7.1432,157.174898147583
native_disk,1772729231.038805,7.1432,157.27800512313843
native_disk,1772729231.157703,7.1432,157.3969030380249
native_disk,1772729231.328911,7.1432,157.56811118125916
native_disk,1772729231.429888,7.1432,157.66908812522888
native_disk,1772729231.534626,7.1432,157.77382612228394
native_disk,1772729231.667393,7.1432,157.90659308433533
native_disk,1772729231.786782,7.1432,158.02598214149475
native_disk,1772729231.941071,7.1432,158.18027114868164
native_disk,1772729232.047433,7.1432,158.28663301467896
native_disk,1772729232.164938,7.1432,158.40413808822632
native_disk,1772729232.28486,7.1432,158.52406001091003
native_disk,1772729232.41014,7.1432,158.64934015274048
native_disk,1772729232.575969,7.1432,158.81516909599304
native_disk,1772729232.689958,7.1432,158.9291582107544
native_disk,1772729232.79326,7.1432,159.03246021270752
native_disk,1772729233.099374,7.1432,159.33857417106628
native_disk,1772729233.203204,7.1432,159.44240403175354
native_disk,1772729233.336906,7.1432,159.57610607147217
native_disk,1772729233.458575,7.1432,159.69777512550354
native_disk,1772729233.578364,7.1432,159.81756401062012
native_disk,1772729233.696553,7.1432,159.93575310707092
native_disk,1772729233.815802,7.1432,160.0550022125244
native_disk,1772729233.93628,7.1432,160.1754801273346
native_disk,1772729234.057465,7.1432,160.2966651916504
native_disk,1772729234.177859,7.1432,160.41705918312073
native_disk,1772729234.311024,7.1432,160.55022406578064
native_disk,1772729234.430684,7.1432,160.6698842048645
native_disk,1772729234.580568,7.1432,160.8197681903839
native_disk,1772729234.68917,7.1432,160.92836999893188
native_disk,1772729234.82771,7.1432,161.06691002845764
native_disk,1772729234.947754,7.1432,161.18695402145386
native_disk,1772729235.069383,7.1432,161.30858302116394
native_disk,1772729235.189566,7.1432,161.42876601219177
native_disk,1772729235.309392,7.1432,161.5485920906067
native_disk,1772729235.427723,7.1432,161.66692304611206
native_disk,1772729235.549412,7.1432,161.78861212730408
native_disk,1772729235.667203,7.1432,161.90640306472778
native_disk,1772729235.787858,7.1432,162.02705812454224
native_disk,1772729235.905683,7.1432,162.14488315582275
native_disk,1772729236.265833,7.1432,162.50503301620483
native_disk,1772729236.383018,7.1432,162.62221813201904
native_disk,1772729236.487401,7.1432,162.72660112380981
native_disk,1772729236.589955,7.1432,162.8291552066803
native_disk,1772729236.711457,7.1432,162.95065712928772
native_disk,1772729236.829185,7.1432,163.06838512420654
native_disk,1772729236.950095,7.1432,163.18929505348206
native_disk,1772729237.068012,7.1432,163.3072121143341
native_disk,1772729237.187663,7.1432,163.42686319351196
native_disk,1772729237.308098,7.1432,163.5472981929779
native_disk,1772729237.427739,7.1432,163.66693902015686
native_disk,1772729237.580796,7.1432,163.81999611854553
native_disk,1772729237.713585,7.1432,163.9527850151062
native_disk,1772729237.814918,7.1432,164.0541181564331
native_disk,1772729237.916513,7.1432,164.15571308135986
native_disk,1772729238.03722,7.1432,164.27642011642456
native_disk,1772729238.157152,7.1432,164.3963520526886
native_disk,1772729238.276227,7.1432,164.51542711257935
native_disk,1772729238.397168,7.1432,164.63636803627014
native_disk,1772729238.516538,7.1432,164.75573801994324
native_disk,1772729238.635439,7.1432,164.87463903427124
native_disk,1772729238.757087,7.1432,164.99628710746765
native_disk,1772729238.876425,7.1432,165.11562514305115
native_disk,1772729239.467889,7.1432,165.70708918571472
native_disk,1772729239.608033,7.1432,165.8472330570221
native_disk,1772729239.728419,7.1432,165.96761918067932
native_disk,1772729239.84704,7.1432,166.08624005317688
native_disk,1772729239.96852,7.1432,166.20772004127502
native_disk,1772729240.087152,7.1432,166.3263521194458
native_disk,1772729240.21066,7.1432,166.44986009597778
native_disk,1772729240.329525,7.1432,166.56872510910034
native_disk,1772729240.448971,7.1432,166.68817114830017
native_disk,1772729240.569258,7.1432,166.8084580898285
native_disk,1772729240.689562,7.1432,166.9287621974945
native_disk,1772729240.810376,7.1432,167.04957604408264
native_disk,1772729240.929537,7.1432,167.16873717308044
native_disk,1772729241.064628,7.1432,167.30382800102234
native_disk,1772729241.182101,7.1432,167.4213011264801
native_disk,1772729241.300517,7.1432,167.5397171974182
native_disk,1772729241.434513,7.1432,167.67371320724487
native_disk,1772729241.565047,7.1432,167.8042471408844
native_disk,1772729241.68553,7.1432,167.92473006248474
native_disk,1772729241.860669,7.1432,168.09986901283264
native_disk,1772729242.157068,7.1432,168.39626812934875
native_disk,1772729242.276189,7.1432,168.51538920402527
native_disk,1772729242.39718,7.1432,168.63638019561768
native_disk,1772729242.515639,7.1432,168.75483918190002
native_disk,1772729242.63608,7.1432,168.87528014183044
native_disk,1772729242.75564,7.1432,168.99484014511108
native_disk,1772729242.885219,7.1432,169.1244192123413
native_disk,1772729243.012797,7.1432,169.25199723243713
native_disk,1772729243.137157,7.1432,169.37635707855225
native_disk,1772729243.253867,7.1432,169.4930670261383
native_disk,1772729243.372066,7.1432,169.61126613616943
native_disk,1772729243.492933,7.1432,169.7321331501007
native_disk,1772729243.611422,7.1432,169.85062217712402
native_disk,1772729243.732325,7.1432,169.97152519226074
native_disk,1772729243.853204,7.1432,170.09240412712097
native_disk,1772729243.974782,7.1432,170.21398210525513
native_disk,1772729244.092329,7.1432,170.3315291404724
native_disk,1772729244.235074,7.1432,170.47427415847778
native_disk,1772729244.366928,7.1432,170.6061282157898
native_disk,1772729244.490284,7.1432,170.7294840812683
native_disk,1772729244.611777,7.1432,170.8509771823883
native_disk,1772729244.765481,7.1432,171.00468111038208
native_disk,1772729244.871826,7.1432,171.11102604866028
native_disk,1772729244.977248,7.1432,171.21644806861877
native_disk,1772729245.097371,7.1432,171.33657121658325
native_disk,1772729245.213861,7.1432,171.4530611038208
native_disk,1772729245.527832,7.1432,171.76703214645386
native_disk,1772729245.646838,7.1432,171.88603806495667
native_disk,1772729245.784459,7.1432,172.02365922927856
native_disk,1772729245.902122,7.1432,172.1413221359253
native_disk,1772729246.031653,7.1432,172.27085304260254
native_disk,1772729246.152128,7.1432,172.39132809638977
native_disk,1772729246.271007,7.1432,172.5102071762085
native_disk,1772729246.391771,7.1432,172.6309711933136
native_disk,1772729246.512881,7.1432,172.75208115577698
native_disk,1772729246.647483,7.1432,172.8866832256317
native_disk,1772729246.782438,7.1432,173.02163815498352
native_disk,1772729246.896909,7.1432,173.13610911369324
native_disk,1772729247.018428,7.1432,173.25762820243835
native_disk,1772729247.139537,7.1432,173.37873721122742
native_disk,1772729247.259451,7.1432,173.49865102767944
native_disk,1772729247.416606,7.1432,173.6558060646057
native_disk,1772729247.526197,7.1432,173.76539707183838
native_disk,1772729247.661134,7.1432,173.90033411979675
native_disk,1772729247.792275,7.1432,174.03147506713867
native_disk,1772729247.924691,7.1432,174.16389107704163
native_disk,1772729248.069142,7.1432,174.30834221839905
native_disk,1772729248.207947,7.1432,174.4471471309662
native_disk,1772729248.323725,7.1432,174.56292510032654
native_disk,1772729248.677464,7.1432,174.91666412353516
native_disk,1772729248.783132,7.1432,175.02233219146729
native_disk,1772729248.894214,7.1432,175.13341403007507
native_disk,1772729249.01584,7.1432,175.2550401687622
native_disk,1772729249.152444,7.1432,175.39164400100708
native_disk,1772729249.27449,7.1432,175.5136902332306
native_disk,1772729249.395494,7.1432,175.63469409942627
native_disk,1772729249.516609,7.1432,175.7558090686798
native_disk,1772729249.636841,7.1432,175.87604117393494
native_disk,1772729249.769454,7.1432,176.00865411758423
native_disk,1772729249.907527,7.1432,176.14672708511353
native_disk,1772729250.024795,7.1432,176.26399517059326
native_disk,1772729250.180049,7.1432,176.41924905776978
native_disk,1772729250.291981,7.1432,176.53118109703064
native_disk,1772729250.412582,7.1432,176.65178203582764
native_disk,1772729250.515853,7.1432,176.75505304336548
native_disk,1772729250.637861,7.1432,176.87706112861633
native_disk,1772729250.773304,7.1432,177.01250410079956
native_disk,1772729250.894849,7.1432,177.1340491771698
native_disk,1772729251.020431,7.1432,177.2596311569214
native_disk,1772729251.158051,7.1432,177.3972511291504
native_disk,1772729251.278954,7.1432,177.5181541442871
native_disk,1772729251.673353,7.1432,177.9125530719757
native_disk,1772729251.795262,7.1432,178.03446221351624
native_disk,1772729251.915584,7.1432,178.15478420257568
native_disk,1772729252.034955,7.1432,178.2741551399231
native_disk,1772729252.157915,7.1432,178.3971152305603
native_disk,1772729252.278591,7.1432,178.51779103279114
native_disk,1772729252.399167,7.1432,178.6383671760559
native_disk,1772729252.519462,7.1432,178.75866222381592
native_disk,1772729252.643501,7.1432,178.88270115852356
native_disk,1772729252.764476,7.1432,179.00367617607117
native_disk,1772729252.887031,7.1432,179.12623119354248
native_disk,1772729253.024798,7.1432,179.2639980316162
native_disk,1772729253.129161,7.1432,179.36836099624634
native_disk,1772729253.252974,7.1432,179.49217414855957
native_disk,1772729253.370147,7.1432,179.60934710502625
native_disk,1772729253.493305,7.1432,179.7325050830841
native_disk,1772729253.616777,7.1432,179.85597705841064
native_disk,1772729253.736175,7.1432,179.97537517547607
native_disk,1772729253.865045,7.1432,180.10424518585205
native_disk,1772729254.000607,7.1432,180.23980712890625
native_disk,1772729254.471065,7.1432,180.71026515960693
native_disk,1772729254.572275,7.1432,180.81147503852844
native_disk,1772729254.673402,7.1432,180.912602186203
native_disk,1772729254.774569,7.1432,181.01376914978027
native_disk,1772729254.877393,7.1432,181.1165931224823
native_disk,1772729254.998191,7.1432,181.2373912334442
native_disk,1772729255.113931,7.1432,181.3531310558319
native_disk,1772729255.233938,7.1432,181.47313809394836
native_disk,1772729255.395441,7.1432,181.6346411705017
native_disk,1772729255.497493,7.1432,181.7366931438446
native_disk,1772729255.608102,7.1432,181.84730219841003
native_disk,1772729255.763623,7.1432,182.00282311439514
native_disk,1772729255.873533,7.1432,182.11273312568665
native_disk,1772729255.986198,7.1432,182.22539806365967
native_disk,1772729256.090343,7.1432,182.3295431137085
native_disk,1772729256.212708,7.1432,182.45190811157227
native_disk,1772729256.331721,7.1432,182.57092118263245
native_disk,1772729256.451292,7.1432,182.69049215316772
native_disk,1772729256.571711,7.1432,182.81091117858887
native_disk,1772729256.708891,7.1432,182.94809103012085
native_disk,1772729256.843627,7.1432,183.08282709121704
native_disk,1772729257.151306,7.1432,183.39050602912903
native_disk,1772729257.287341,7.1432,183.52654123306274
native_disk,1772729257.407543,7.1432,183.64674305915833
native_disk,1772729257.528899,7.1432,183.76809906959534
native_disk,1772729257.668454,7.1432,183.90765404701233
native_disk,1772729257.815439,7.1432,184.05463910102844
native_disk,1772729257.92493,7.1432,184.16413021087646
native_disk,1772729258.065892,7.1432,184.30509209632874
native_disk,1772729258.166828,7.1432,184.40602803230286
native_disk,1772729258.286364,7.1432,184.5255641937256
native_disk,1772729258.407379,7.1432,184.6465790271759
native_disk,1772729258.52737,7.1432,184.76657009124756
native_disk,1772729258.679493,7.1432,184.9186930656433
native_disk,1772729258.819162,7.1432,185.0583620071411
native_disk,1772729258.93971,7.1432,185.17891001701355
native_disk,1772729259.062002,7.1432,185.30120205879211
native_disk,1772729259.180342,7.1432,185.4195420742035
native_disk,1772729259.302923,7.1432,185.54212307929993
native_disk,1772729259.423156,7.1432,185.66235613822937
native_disk,1772729259.761295,7.1432,186.0004951953888
native_disk,1772729259.864341,7.1432,186.10354113578796
native_disk,1772729260.010415,7.1432,186.24961519241333
native_disk,1772729260.125556,7.1432,186.36475610733032
native_disk,1772729260.246258,7.1432,186.48545813560486
native_disk,1772729260.36818,7.1432,186.60738015174866
native_disk,1772729260.507156,7.1432,186.746356010437
native_disk,1772729260.628073,7.1432,186.8672730922699
native_disk,1772729260.749643,7.1432,186.98884320259094
native_disk,1772729260.87379,7.1432,187.11299014091492
native_disk,1772729260.993342,7.1432,187.23254203796387
native_disk,1772729261.115711,7.1432,187.35491108894348
native_disk,1772729261.236386,7.1432,187.47558617591858
native_disk,1772729261.356666,7.1432,187.5958662033081
native_disk,1772729261.498978,7.1432,187.73817801475525
native_disk,1772729261.601434,7.1432,187.84063410758972
native_disk,1772729261.722667,7.1432,187.96186709403992
native_disk,1772729261.845511,7.1432,188.0847110748291
native_disk,1772729262.169742,7.1432,188.40894222259521
native_disk,1772729262.290229,7.1432,188.5294291973114
native_disk,1772729262.411061,7.1432,188.65026116371155
native_disk,1772729262.547969,7.1432,188.78716921806335
native_disk,1772729262.651296,7.1432,188.8904960155487
native_disk,1772729262.773056,7.1432,189.0122561454773
native_disk,1772729262.895312,7.1432,189.13451218605042
native_disk,1772729263.018942,7.1432,189.2581422328949
native_disk,1772729263.142258,7.1432,189.38145804405212
native_disk,1772729263.271675,7.1432,189.51087522506714
native_disk,1772729263.383306,7.1432,189.6225061416626
native_disk,1772729263.504466,7.1432,189.7436661720276
native_disk,1772729263.62604,7.1432,189.8652400970459
native_disk,1772729263.746729,7.1432,189.98592901229858
native_disk,1772729263.869187,7.1432,190.10838723182678
native_disk,1772729264.022928,7.1432,190.26212811470032
native_disk,1772729264.224749,7.1432,190.4639492034912
native_disk,1772729264.334114,7.1432,190.5733141899109
native_disk,1772729264.457206,7.1432,190.69640612602234
native_disk,1772729264.576886,7.1432,190.81608605384827
native_disk,1772729264.698392,7.1432,190.93759202957153
native_disk,1772729264.817322,7.1432,191.0565221309662
native_disk,1772729264.937009,7.1432,191.1762092113495
native_disk,1772729265.289668,7.1432,191.52886819839478
native_disk,1772729265.430315,7.1432,191.66951513290405
native_disk,1772729265.534624,7.1432,191.7738242149353
native_disk,1772729265.657142,7.1432,191.89634203910828
native_disk,1772729265.778883,7.1432,192.01808309555054
native_disk,1772729265.899821,7.1432,192.13902115821838
native_disk,1772729266.021271,7.1432,192.26047110557556
native_disk,1772729266.141575,7.1432,192.38077521324158
native_disk,1772729266.262538,7.1432,192.50173807144165
native_disk,1772729266.395528,7.1432,192.63472819328308
native_disk,1772729266.515552,7.1432,192.75475215911865
native_disk,1772729266.635885,7.1432,192.87508511543274
native_disk,1772729266.761621,7.1432,193.00082111358643
native_disk,1772729266.882875,7.1432,193.12207508087158
native_disk,1772729267.026196,7.1432,193.26539611816406
native_disk,1772729267.144441,7.1432,193.38364100456238
native_disk,1772729267.26528,7.1432,193.5044801235199
native_disk,1772729267.396467,7.1432,193.63566708564758
native_disk,1772729267.521019,7.1432,193.76021909713745
native_disk,1772729267.656716,7.1432,193.895916223526
native_disk,1772729268.095285,7.1432,194.3344850540161
native_disk,1772729268.20512,7.1432,194.44432020187378
native_disk,1772729268.323263,7.1432,194.56246304512024
native_disk,1772729268.444785,7.1432,194.68398523330688
native_disk,1772729268.567256,7.1432,194.80645608901978
native_disk,1772729268.687564,7.1432,194.92676401138306
native_disk,1772729268.810224,7.1432,195.04942417144775
native_disk,1772729268.933941,7.1432,195.17314100265503
native_disk,1772729269.055425,7.1432,195.29462504386902
native_disk,1772729269.175987,7.1432,195.41518712043762
native_disk,1772729269.302245,7.1432,195.54144501686096
native_disk,1772729269.437875,7.1432,195.67707514762878
native_disk,1772729269.569331,7.1432,195.8085310459137
native_disk,1772729269.703705,7.1432,195.9429051876068
native_disk,1772729269.824354,7.1432,196.0635540485382
native_disk,1772729269.958305,7.1432,196.19750499725342
native_disk,1772729270.077789,7.1432,196.3169891834259
native_disk,1772729270.221817,7.1432,196.46101713180542
native_disk,1772729270.323006,7.1432,196.56220602989197
native_disk,1772729270.712452,7.1432,196.9516520500183
native_disk,1772729270.81385,7.1432,197.05305004119873
native_disk,1772729270.915794,7.1432,197.1549940109253
native_disk,1772729271.017199,7.1432,197.2563991546631
native_disk,1772729271.15786,7.1432,197.39706015586853
native_disk,1772729271.266512,7.1432,197.50571203231812
native_disk,1772729271.389773,7.1432,197.62897300720215
native_disk,1772729271.512575,7.1432,197.7517750263214
native_disk,1772729271.646816,7.1432,197.8860161304474
native_disk,1772729271.767686,7.1432,198.0068860054016
native_disk,1772729271.903785,7.1432,198.14298510551453
native_disk,1772729272.027737,7.1432,198.2669370174408
native_disk,1772729272.14957,7.1432,198.3887701034546
native_disk,1772729272.270747,7.1432,198.5099470615387
native_disk,1772729272.410351,7.1432,198.64955115318298
native_disk,1772729272.515094,7.1432,198.7542941570282
native_disk,1772729272.635947,7.1432,198.8751471042633
native_disk,1772729272.758994,7.1432,198.99819421768188
native_disk,1772729272.879922,7.1432,199.11912202835083
native_disk,1772729273.265522,7.1432,199.50472211837769
native_disk,1772729273.4003,7.1432,199.6395001411438
native_disk,1772729273.505387,7.1432,199.74458718299866
native_disk,1772729273.626195,7.1432,199.86539506912231
native_disk,1772729273.74869,7.1432,199.9878900051117
native_disk,1772729273.871743,7.1432,200.11094307899475
native_disk,1772729273.991697,7.1432,200.23089718818665
native_disk,1772729274.117756,7.1432,200.35695600509644
native_disk,1772729274.258553,7.1432,200.49775314331055
native_disk,1772729274.361653,7.1432,200.60085320472717
native_disk,1772729274.485155,7.1432,200.72435522079468
native_disk,1772729274.623167,7.1432,200.86236715316772
native_disk,1772729274.745675,7.1432,200.98487520217896
native_disk,1772729274.86638,7.1432,201.10558009147644
native_disk,1772729274.98922,7.1432,201.22842001914978
native_disk,1772729275.109198,7.1432,201.34839820861816
native_disk,1772729275.246887,7.1432,201.48608708381653
native_disk,1772729275.369215,7.1432,201.60841512680054
native_disk,1772729275.490824,7.1432,201.73002409934998
native_disk,1772729275.872108,7.1432,202.11130809783936
native_disk,1772729275.985204,7.1432,202.2244040966034
native_disk,1772729276.09293,7.1432,202.33213019371033
native_disk,1772729276.217036,7.1432,202.4562361240387
native_disk,1772729276.338551,7.1432,202.57775115966797
native_disk,1772729276.473523,7.1432,202.7127230167389
native_disk,1772729276.596749,7.1432,202.83594918251038
native_disk,1772729276.733643,7.1432,202.97284317016602
native_disk,1772729276.838401,7.1432,203.0776011943817
native_disk,1772729276.962122,7.1432,203.20132207870483
native_disk,1772729277.083136,7.1432,203.3223361968994
native_disk,1772729277.204094,7.1432,203.44329404830933
native_disk,1772729277.324065,7.1432,203.56326508522034
native_disk,1772729277.446603,7.1432,203.68580317497253
native_disk,1772729277.569224,7.1432,203.80842423439026
native_disk,1772729277.714745,7.1432,203.9539451599121
native_disk,1772729277.850508,7.1432,204.0897080898285
native_disk,1772729278.001579,7.1432,204.24077916145325
native_disk,1772729278.437523,7.1432,204.67672300338745
native_disk,1772729278.53878,7.1432,204.77798008918762
native_disk,1772729278.643112,7.1432,204.88231205940247
native_disk,1772729278.743757,7.1432,204.98295712471008
native_disk,1772729278.864406,7.1432,205.10360622406006
native_disk,1772729278.986362,7.1432,205.2255620956421
native_disk,1772729279.109212,7.1432,205.34841203689575
native_disk,1772729279.231933,7.1432,205.4711332321167
native_disk,1772729279.352871,7.1432,205.59207105636597
native_disk,1772729279.474629,7.1432,205.71382904052734
native_disk,1772729279.597582,7.1432,205.83678221702576
native_disk,1772729279.71767,7.1432,205.95687007904053
native_disk,1772729279.840076,7.1432,206.0792760848999
native_disk,1772729280.000906,7.1432,206.24010610580444
native_disk,1772729280.101645,7.1432,206.34084510803223
native_disk,1772729280.207715,7.1432,206.44691514968872
native_disk,1772729280.352843,7.1432,206.5920431613922
native_disk,1772729280.46389,7.1432,206.70309019088745
native_disk,1772729280.586239,7.1432,206.82543921470642
native_disk,1772729280.913398,7.1432,207.1525981426239
native_disk,1772729281.03719,7.1432,207.2763900756836
native_disk,1772729281.165001,7.1432,207.4042010307312
native_disk,1772729281.286995,7.1432,207.5261950492859
native_disk,1772729281.41107,7.1432,207.65027022361755
native_disk,1772729281.532338,7.1432,207.7715380191803
native_disk,1772729281.655213,7.1432,207.89441323280334
native_disk,1772729281.793206,7.1432,208.03240609169006
native_disk,1772729281.95588,7.1432,208.19508004188538
native_disk,1772729282.06411,7.1432,208.30331015586853
native_disk,1772729282.172537,7.1432,208.41173720359802
native_disk,1772729282.309621,7.1432,208.5488212108612
native_disk,1772729282.420777,7.1432,208.6599771976471
native_disk,1772729282.551016,7.1432,208.79021620750427
native_disk,1772729282.674306,7.1432,208.91350603103638
native_disk,1772729282.813255,7.1432,209.05245518684387
native_disk,1772729282.931483,7.1432,209.17068314552307
native_disk,1772729283.306889,7.1432,209.54608917236328
native_disk,1772729283.429549,7.1432,209.6687490940094
native_disk,1772729283.553078,7.1432,209.79227805137634
native_disk,1772729283.675048,7.1432,209.91424822807312
native_disk,1772729283.797339,7.1432,210.0365390777588
native_disk,1772729283.918921,7.1432,210.1581211090088
native_disk,1772729284.04023,7.1432,210.27943015098572
native_disk,1772729284.161894,7.1432,210.40109419822693
native_disk,1772729284.285013,7.1432,210.52421307563782
native_disk,1772729284.40974,7.1432,210.64894008636475
native_disk,1772729284.52972,7.1432,210.76892018318176
native_disk,1772729284.653467,7.1432,210.89266705513
native_disk,1772729284.789432,7.1432,211.02863216400146
native_disk,1772729284.915613,7.1432,211.15481305122375
native_disk,1772729285.039366,7.1432,211.27856612205505
native_disk,1772729285.161612,7.1432,211.40081214904785
native_disk,1772729285.301464,7.1432,211.5406641960144
native_disk,1772729285.446016,7.1432,211.6852161884308
native_disk,1772729285.790887,7.1432,212.03008723258972
native_disk,1772729285.90183,7.1432,212.1410300731659
native_disk,1772729286.024184,7.1432,212.26338410377502
native_disk,1772729286.146854,7.1432,212.38605403900146
native_disk,1772729286.270464,7.1432,212.5096640586853
native_disk,1772729286.392331,7.1432,212.63153100013733
native_disk,1772729286.517501,7.1432,212.7567012310028
native_disk,1772729286.639539,7.1432,212.87873911857605
native_disk,1772729286.761179,7.1432,213.00037908554077
native_disk,1772729286.895025,7.1432,213.13422513008118
native_disk,1772729287.015815,7.1432,213.2550151348114
native_disk,1772729287.138308,7.1432,213.37750816345215
native_disk,1772729287.26048,7.1432,213.49968004226685
native_disk,1772729287.38194,7.1432,213.62114000320435
native_disk,1772729287.50858,7.1432,213.74778008460999
native_disk,1772729287.628691,7.1432,213.86789107322693
native_disk,1772729287.762048,7.1432,214.0012481212616
native_disk,1772729288.090587,7.1432,214.32978701591492
native_disk,1772729288.197803,7.1432,214.43700313568115
native_disk,1772729288.318658,7.1432,214.55785822868347
native_disk,1772729288.442558,7.1432,214.6817581653595
native_disk,1772729288.565586,7.1432,214.80478620529175
native_disk,1772729288.688155,7.1432,214.92735505104065
native_disk,1772729288.820339,7.1432,215.05953907966614
native_disk,1772729288.956719,7.1432,215.19591903686523
native_disk,1772729289.087599,7.1432,215.32679915428162
native_disk,1772729289.223297,7.1432,215.46249723434448
native_disk,1772729289.348414,7.1432,215.58761405944824
native_disk,1772729289.475811,7.1432,215.71501111984253
native_disk,1772729289.602283,7.1432,215.8414831161499
native_disk,1772729289.747475,7.1432,215.9866750240326
native_disk,1772729289.856185,7.1432,216.09538507461548
native_disk,1772729289.978531,7.1432,216.21773099899292
native_disk,1772729290.129378,7.1432,216.3685781955719
native_disk,1772729290.454882,7.1432,216.69408202171326
native_disk,1772729290.588327,7.1432,216.8275270462036
native_disk,1772729290.739911,7.1432,216.9791111946106
native_disk,1772729290.851765,7.1432,217.09096503257751
native_disk,1772729290.958876,7.1432,217.19807600975037
native_disk,1772729291.081625,7.1432,217.32082509994507
native_disk,1772729291.203748,7.1432,217.44294810295105
native_disk,1772729291.345691,7.1432,217.58489108085632
native_disk,1772729291.458565,7.1432,217.69776511192322
native_disk,1772729291.573574,7.1432,217.81277418136597
native_disk,1772729291.709439,7.1432,217.9486391544342
native_disk,1772729291.827427,7.1432,218.06662702560425
native_disk,1772729291.981413,7.1432,218.2206130027771
native_disk,1772729292.109789,7.1432,218.34898900985718
native_disk,1772729292.265342,7.1432,218.50454211235046
native_disk,1772729292.370555,7.1432,218.6097550392151
native_disk,1772729292.680092,7.1432,218.9192922115326
native_disk,1772729292.804276,7.1432,219.04347610473633
native_disk,1772729292.946765,7.1432,219.18596506118774
native_disk,1772729293.068608,7.1432,219.30780816078186
native_disk,1772729293.191397,7.1432,219.43059706687927
native_disk,1772729293.314069,7.1432,219.55326914787292
native_disk,1772729293.435962,7.1432,219.67516207695007
native_disk,1772729293.573337,7.1432,219.81253719329834
native_disk,1772729293.698874,7.1432,219.93807411193848
native_disk,1772729293.822607,7.1432,220.06180715560913
native_disk,1772729293.949946,7.1432,220.18914604187012
native_disk,1772729294.073271,7.1432,220.31247115135193
native_disk,1772729294.262448,7.1432,220.50164818763733
native_disk,1772729294.373135,7.1432,220.61233520507812
native_disk,1772729294.489322,7.1432,220.72852206230164
native_disk,1772729294.631374,7.1432,220.87057399749756
native_disk,1772729294.738365,7.1432,220.97756505012512
native_disk,1772729294.860636,7.1432,221.09983611106873
native_disk,1772729295.206243,7.1432,221.44544315338135
native_disk,1772729295.309803,7.1432,221.54900312423706
native_disk,1772729295.415407,7.1432,221.6546070575714
native_disk,1772729295.537476,7.1432,221.77667617797852
native_disk,1772729295.661115,7.1432,221.90031504631042
native_disk,1772729295.784304,7.1432,222.02350401878357
native_disk,1772729295.90663,7.1432,222.14583015441895
native_disk,1772729296.054277,7.1432,222.29347705841064
native_disk,1772729296.177839,7.1432,222.41703915596008
native_disk,1772729296.30005,7.1432,222.53925013542175
native_disk,1772729296.449678,7.1432,222.6888780593872
native_disk,1772729296.572354,7.1432,222.8115541934967
native_disk,1772729296.701916,7.1432,222.94111609458923
native_disk,1772729296.823884,7.1432,223.0630841255188
native_disk,1772729296.949196,7.1432,223.18839621543884
native_disk,1772729297.069543,7.1432,223.30874300003052
native_disk,1772729297.191932,7.1432,223.43113207817078
native_disk,1772729297.31629,7.1432,223.55549001693726
native_disk,1772729297.737012,7.1432,223.97621202468872
native_disk,1772729297.845502,7.1432,224.0847020149231
native_disk,1772729297.950636,7.1432,224.18983602523804
native_disk,1772729298.072564,7.1432,224.3117640018463
native_disk,1772729298.195671,7.1432,224.43487119674683
native_disk,1772729298.317463,7.1432,224.55666303634644
native_disk,1772729298.439471,7.1432,224.6786711215973
native_disk,1772729298.562042,7.1432,224.8012421131134
native_disk,1772729298.686325,7.1432,224.92552518844604
native_disk,1772729298.816173,7.1432,225.0553731918335
native_disk,1772729298.939524,7.1432,225.17872405052185
native_disk,1772729299.062116,7.1432,225.30131602287292
native_disk,1772729299.185452,7.1432,225.42465209960938
native_disk,1772729299.325902,7.1432,225.56510210037231
native_disk,1772729299.447829,7.1432,225.68702912330627
native_disk,1772729299.569084,7.1432,225.80828404426575
native_disk,1772729299.905586,7.1432,226.14478611946106
native_disk,1772729300.012538,7.1432,226.25173807144165
native_disk,1772729300.133851,7.1432,226.37305116653442
native_disk,1772729300.259685,7.1432,226.49888515472412
native_disk,1772729300.397519,7.1432,226.63671922683716
native_disk,1772729300.505244,7.1432,226.7444441318512
native_disk,1772729300.626771,7.1432,226.86597108840942
native_disk,1772729300.750906,7.1432,226.99010610580444
native_disk,1772729300.874562,7.1432,227.11376214027405
native_disk,1772729301.031425,7.1432,227.27062511444092
native_disk,1772729301.152945,7.1432,227.39214515686035
native_disk,1772729301.277031,7.1432,227.51623106002808
native_disk,1772729301.398624,7.1432,227.63782405853271
native_disk,1772729301.532838,7.1432,227.77203822135925
native_disk,1772729301.654063,7.1432,227.89326310157776
native_disk,1772729301.779521,7.1432,228.0187211036682
native_disk,1772729301.905473,7.1432,228.14467310905457
native_disk,1772729302.283612,7.1432,228.52281212806702
native_disk,1772729302.403304,7.1432,228.64250421524048
native_disk,1772729302.526179,7.1432,228.76537919044495
native_disk,1772729302.650991,7.1432,228.89019107818604
native_disk,1772729302.773566,7.1432,229.012766122818
native_disk,1772729302.899212,7.1432,229.13841199874878
native_disk,1772729303.021488,7.1432,229.26068806648254
native_disk,1772729303.144341,7.1432,229.38354110717773
native_disk,1772729303.268195,7.1432,229.507395029068
native_disk,1772729303.389949,7.1432,229.6291491985321
native_disk,1772729303.513666,7.1432,229.75286602973938
native_disk,1772729303.634968,7.1432,229.87416815757751
native_disk,1772729303.763025,7.1432,230.00222516059875
native_disk,1772729303.882977,7.1432,230.12217712402344
native_disk,1772729304.005689,7.1432,230.2448890209198
native_disk,1772729304.126492,7.1432,230.36569213867188
native_disk,1772729304.251569,7.1432,230.49076914787292
native_disk,1772729304.652256,7.1432,230.89145612716675
native_disk,1772729304.753028,7.1432,230.99222803115845
native_disk,1772729304.86625,7.1432,231.10545015335083
native_disk,1772729304.988102,7.1432,231.22730207443237
native_disk,1772729305.12534,7.1432,231.36454010009766
native_disk,1772729305.248232,7.1432,231.48743200302124
native_disk,1772729305.373394,7.1432,231.61259412765503
native_disk,1772729305.511452,7.1432,231.75065207481384
native_disk,1772729305.620888,7.1432,231.8600881099701
native_disk,1772729305.757465,7.1432,231.99666500091553
native_disk,1772729305.881935,7.1432,232.12113499641418
native_disk,1772729306.004181,7.1432,232.24338102340698
native_disk,1772729306.126004,7.1432,232.36520409584045
native_disk,1772729306.252769,7.1432,232.49196910858154
native_disk,1772729306.396112,7.1432,232.6353120803833
native_disk,1772729306.517993,7.1432,232.7571930885315
native_disk,1772729306.845761,7.1432,233.08496117591858
native_disk,1772729306.973403,7.1432,233.2126030921936
native_disk,1772729307.126813,7.1432,233.36601305007935
native_disk,1772729307.236935,7.1432,233.47613501548767
native_disk,1772729307.359019,7.1432,233.59821915626526
native_disk,1772729307.489141,7.1432,233.7283411026001
native_disk,1772729307.610721,7.1432,233.84992122650146
native_disk,1772729307.734384,7.1432,233.97358417510986
native_disk,1772729307.858599,7.1432,234.09779906272888
native_disk,1772729307.99523,7.1432,234.23443007469177
native_disk,1772729308.133903,7.1432,234.37310314178467
native_disk,1772729308.272976,7.1432,234.51217603683472
native_disk,1772729308.396004,7.1432,234.63520407676697
native_disk,1772729308.518855,7.1432,234.75805521011353
native_disk,1772729308.642608,7.1432,234.88180804252625
native_disk,1772729308.772688,7.1432,235.01188802719116
native_disk,1772729309.153239,7.1432,235.39243912696838
native_disk,1772729309.265688,7.1432,235.50488805770874
native_disk,1772729309.366454,7.1432,235.60565400123596
native_disk,1772729309.488691,7.1432,235.72789120674133
native_disk,1772729309.612504,7.1432,235.851704120636
native_disk,1772729309.735871,7.1432,235.97507119178772
native_disk,1772729309.861016,7.1432,236.1002161502838
native_disk,1772729310.013208,7.1432,236.25240802764893
native_disk,1772729310.137282,7.1432,236.3764820098877
native_disk,1772729310.260187,7.1432,236.49938702583313
native_disk,1772729310.384709,7.1432,236.62390899658203
native_disk,1772729310.50768,7.1432,236.74688005447388
native_disk,1772729310.629462,7.1432,236.86866211891174
native_disk,1772729310.753799,7.1432,236.99299907684326
native_disk,1772729310.876762,7.1432,237.11596202850342
native_disk,1772729311.003547,7.1432,237.24274706840515
native_disk,1772729311.424112,7.1432,237.66331219673157
native_disk,1772729311.528998,7.1432,237.76819801330566
native_disk,1772729311.635302,7.1432,237.87450218200684
native_disk,1772729311.752415,7.1432,237.99161505699158
native_disk,1772729311.876175,7.1432,238.11537504196167
native_disk,1772729312.005776,7.1432,238.24497604370117
native_disk,1772729312.12447,7.1432,238.36367011070251
native_disk,1772729312.24683,7.1432,238.48603010177612
native_disk,1772729312.386383,7.1432,238.62558317184448
native_disk,1772729312.491978,7.1432,238.73117804527283
native_disk,1772729312.615879,7.1432,238.85507917404175
native_disk,1772729312.744092,7.1432,238.98329210281372
native_disk,1772729312.859607,7.1432,239.09880709648132
native_disk,1772729312.984212,7.1432,239.22341203689575
native_disk,1772729313.106295,7.1432,239.34549522399902
native_disk,1772729313.241147,7.1432,239.48034715652466
native_disk,1772729314.16522,7.1432,240.4044201374054
native_disk,1772729314.294511,7.1432,240.53371119499207
native_disk,1772729314.419432,7.1432,240.6586320400238
native_disk,1772729314.558954,7.1432,240.79815411567688
native_disk,1772729314.668473,7.1432,240.90767312049866
native_disk,1772729314.790144,7.1432,241.02934408187866
native_disk,1772729314.931046,7.1432,241.17024612426758
native_disk,1772729315.038769,7.1432,241.27796912193298
native_disk,1772729315.179866,7.1432,241.4190661907196
native_disk,1772729315.344948,7.1432,241.58414816856384
native_disk,1772729315.46016,7.1432,241.6993601322174
native_disk,1772729315.564096,7.1432,241.80329608917236
native_disk,1772729315.688052,7.1432,241.92725205421448
native_disk,1772729315.826712,7.1432,242.06591200828552
native_disk,1772729316.237227,7.1432,242.47642707824707
native_disk,1772729316.346594,7.1432,242.58579421043396
native_disk,1772729316.468015,7.1432,242.7072150707245
native_disk,1772729316.592353,7.1432,242.8315532207489
native_disk,1772729316.733318,7.1432,242.9725182056427
native_disk,1772729316.840722,7.1432,243.07992219924927
native_disk,1772729316.964904,7.1432,243.20410418510437
native_disk,1772729317.087776,7.1432,243.3269760608673
native_disk,1772729317.214253,7.1432,243.45345306396484
native_disk,1772729317.337665,7.1432,243.57686519622803
native_disk,1772729317.462222,7.1432,243.70142221450806
native_disk,1772729317.587673,7.1432,243.82687306404114
native_disk,1772729317.708781,7.1432,243.94798111915588
native_disk,1772729317.835166,7.1432,244.07436609268188
native_disk,1772729317.962317,7.1432,244.20151710510254
native_disk,1772729318.084595,7.1432,244.32379508018494
native_disk,1772729318.487545,7.1432,244.7267451286316
native_disk,1772729318.605053,7.1432,244.8442530632019
native_disk,1772729318.727381,7.1432,244.9665811061859
native_disk,1772729318.851956,7.1432,245.09115600585938
native_disk,1772729318.974854,7.1432,245.21405410766602
native_disk,1772729319.098971,7.1432,245.33817100524902
native_disk,1772729319.222481,7.1432,245.46168112754822
native_disk,1772729319.346001,7.1432,245.58520102500916
native_disk,1772729319.469188,7.1432,245.70838809013367
native_disk,1772729319.594386,7.1432,245.8335862159729
native_disk,1772729319.717971,7.1432,245.95717120170593
native_disk,1772729319.846374,7.1432,246.08557415008545
native_disk,1772729319.971146,7.1432,246.21034622192383
native_disk,1772729320.094455,7.1432,246.33365511894226
native_disk,1772729320.217506,7.1432,246.4567060470581
native_disk,1772729320.342997,7.1432,246.58219718933105
native_disk,1772729320.508966,7.1432,246.74816608428955
native_disk,1772729320.831559,7.1432,247.07075905799866
native_disk,1772729320.954456,7.1432,247.19365620613098
native_disk,1772729321.079014,7.1432,247.31821417808533
native_disk,1772729321.205587,7.1432,247.44478702545166
native_disk,1772729321.33023,7.1432,247.56943011283875
native_disk,1772729321.455131,7.1432,247.69433116912842
native_disk,1772729321.581109,7.1432,247.8203091621399
native_disk,1772729321.704235,7.1432,247.94343519210815
native_disk,1772729321.829505,7.1432,248.0687050819397
native_disk,1772729321.968887,7.1432,248.20808720588684
native_disk,1772729322.093129,7.1432,248.3323290348053
native_disk,1772729322.217515,7.1432,248.4567151069641
native_disk,1772729322.362681,7.1432,248.60188102722168
native_disk,1772729322.469038,7.1432,248.7082381248474
native_disk,1772729322.589358,7.1432,248.82855820655823
native_disk,1772729322.715376,7.1432,248.9545760154724
native_disk,1772729322.904029,7.1432,249.14322900772095
native_disk,1772729323.244347,7.1432,249.48354721069336
native_disk,1772729323.347689,7.1432,249.5868890285492
native_disk,1772729323.471076,7.1432,249.71027612686157
native_disk,1772729323.595915,7.1432,249.83511519432068
native_disk,1772729323.719125,7.1432,249.95832514762878
native_disk,1772729323.843095,7.1432,250.08229517936707
native_disk,1772729323.968252,7.1432,250.20745205879211
native_disk,1772729324.092027,7.1432,250.3312270641327
native_disk,1772729324.212887,7.1432,250.45208716392517
native_disk,1772729324.337672,7.1432,250.57687211036682
native_disk,1772729324.462361,7.1432,250.70156121253967
native_disk,1772729324.591205,7.1432,250.83040499687195
native_disk,1772729324.71374,7.1432,250.9529402256012
native_disk,1772729324.838171,7.1432,251.07737112045288
native_disk,1772729324.959083,7.1432,251.1982831954956
native_disk,1772729325.104752,7.1432,251.34395217895508
native_disk,1772729325.870827,7.1432,252.11002707481384
native_disk,1772729326.000126,7.1432,252.23932600021362
native_disk,1772729326.123762,7.1432,252.36296200752258
native_disk,1772729326.247127,7.1432,252.48632717132568
native_disk,1772729326.370948,7.1432,252.61014819145203
native_disk,1772729326.494817,7.1432,252.73401713371277
native_disk,1772729326.619697,7.1432,252.85889720916748
native_disk,1772729326.743204,7.1432,252.98240423202515
native_disk,1772729326.867949,7.1432,253.1071491241455
native_disk,1772729326.993568,7.1432,253.23276805877686
native_disk,1772729327.134977,7.1432,253.37417721748352
native_disk,1772729327.27537,7.1432,253.51456999778748
native_disk,1772729327.376049,7.1432,253.6152491569519
native_disk,1772729327.499202,7.1432,253.7384021282196
native_disk,1772729327.639035,7.1432,253.87823510169983
native_disk,1772729327.965657,7.1432,254.20485711097717
native_disk,1772729328.088066,7.1432,254.32726621627808
native_disk,1772729328.21202,7.1432,254.45122003555298
native_disk,1772729328.336652,7.1432,254.57585215568542
native_disk,1772729328.463166,7.1432,254.70236611366272
native_disk,1772729328.586774,7.1432,254.82597422599792
native_disk,1772729328.711144,7.1432,254.95034408569336
native_disk,1772729328.834735,7.1432,255.07393503189087
native_disk,1772729328.958923,7.1432,255.19812321662903
native_disk,1772729329.083736,7.1432,255.32293605804443
native_disk,1772729329.207111,7.1432,255.44631099700928
native_disk,1772729329.332208,7.1432,255.57140803337097
native_disk,1772729329.456418,7.1432,255.6956181526184
native_disk,1772729329.580791,7.1432,255.81999111175537
native_disk,1772729329.716963,7.1432,255.9561631679535
native_disk,1772729330.30334,7.1432,256.5425400733948
native_disk,1772729330.431859,7.1432,256.6710591316223
native_disk,1772729330.556184,7.1432,256.7953841686249
native_disk,1772729330.680773,7.1432,256.9199731349945
native_disk,1772729330.8071,7.1432,257.0463001728058
native_disk,1772729330.931951,7.1432,257.17115116119385
native_disk,1772729331.05773,7.1432,257.2969300746918
native_disk,1772729331.18234,7.1432,257.42154002189636
native_disk,1772729331.306891,7.1432,257.5460910797119
native_disk,1772729331.436651,7.1432,257.6758511066437
native_disk,1772729331.558717,7.1432,257.79791712760925
native_disk,1772729331.682566,7.1432,257.92176604270935
native_disk,1772729331.809297,7.1432,258.0484972000122
native_disk,1772729331.985337,7.1432,258.22453713417053
native_disk,1772729332.314225,7.1432,258.55342507362366
native_disk,1772729332.442079,7.1432,258.6812791824341
native_disk,1772729332.568503,7.1432,258.8077030181885
native_disk,1772729332.691693,7.1432,258.9308931827545
native_disk,1772729332.818537,7.1432,259.0577371120453
native_disk,1772729332.942838,7.1432,259.18203806877136
native_disk,1772729333.066177,7.1432,259.30537700653076
native_disk,1772729333.189457,7.1432,259.4286570549011
native_disk,1772729333.315171,7.1432,259.55437111854553
native_disk,1772729333.439476,7.1432,259.67867612838745
native_disk,1772729333.575734,7.1432,259.81493401527405
native_disk,1772729333.698421,7.1432,259.9376211166382
native_disk,1772729333.849202,7.1432,260.0884020328522
native_disk,1772729333.972531,7.1432,260.21173119544983
native_disk,1772729334.099585,7.1432,260.3387851715088
native_disk,1772729334.428751,7.1432,260.66795110702515
native_disk,1772729334.55312,7.1432,260.79232001304626
native_disk,1772729334.678342,7.1432,260.917542219162
native_disk,1772729334.801929,7.1432,261.04112911224365
native_disk,1772729334.927517,7.1432,261.1667170524597
native_disk,1772729335.051577,7.1432,261.2907772064209
native_disk,1772729335.175759,7.1432,261.414959192276
native_disk,1772729335.298805,7.1432,261.5380051136017
native_disk,1772729335.428817,7.1432,261.66801714897156
native_disk,1772729335.55443,7.1432,261.7936301231384
native_disk,1772729335.684152,7.1432,261.92335200309753
native_disk,1772729335.810869,7.1432,262.0500690937042
native_disk,1772729335.935521,7.1432,262.17472100257874
native_disk,1772729336.060984,7.1432,262.30018401145935
native_disk,1772729336.186207,7.1432,262.4254071712494
native_disk,1772729336.615156,7.1432,262.85435605049133
native_disk,1772729336.718305,7.1432,262.95750522613525
native_disk,1772729336.824938,7.1432,263.064138174057
native_disk,1772729336.940349,7.1432,263.1795492172241
native_disk,1772729337.056797,7.1432,263.29599714279175
native_disk,1772729337.183376,7.1432,263.42257618904114
native_disk,1772729337.308606,7.1432,263.5478060245514
native_disk,1772729337.443506,7.1432,263.68270611763
native_disk,1772729337.563188,7.1432,263.80238819122314
native_disk,1772729337.688094,7.1432,263.9272940158844
native_disk,1772729337.817323,7.1432,264.0565230846405
native_disk,1772729337.937921,7.1432,264.17712116241455
native_disk,1772729338.080052,7.1432,264.31925201416016
native_disk,1772729338.205004,7.1432,264.44420409202576
native_disk,1772729338.554914,7.1432,264.794114112854
native_disk,1772729338.69011,7.1432,264.9293100833893
native_disk,1772729338.814842,7.1432,265.0540421009064
native_disk,1772729338.939487,7.1432,265.1786870956421
native_disk,1772729339.064858,7.1432,265.3040580749512
native_disk,1772729339.18848,7.1432,265.42768001556396
native_disk,1772729339.330935,7.1432,265.57013511657715
native_disk,1772729339.44185,7.1432,265.68105006217957
native_disk,1772729339.584547,7.1432,265.82374715805054
native_disk,1772729339.743496,7.1432,265.98269605636597
native_disk,1772729339.876292,7.1432,266.115492105484
native_disk,1772729339.990845,7.1432,266.23004508018494
native_disk,1772729340.094671,7.1432,266.3338711261749
native_disk,1772729340.423937,7.1432,266.6631371974945
native_disk,1772729340.581169,7.1432,266.82036900520325
native_disk,1772729340.693724,7.1432,266.9329240322113
native_disk,1772729340.803076,7.1432,267.0422761440277
native_disk,1772729340.928421,7.1432,267.16762113571167
native_disk,1772729341.052185,7.1432,267.2913851737976
native_disk,1772729341.177457,7.1432,267.41665720939636
native_disk,1772729341.303869,7.1432,267.5430691242218
native_disk,1772729341.429497,7.1432,267.66869711875916
native_disk,1772729341.555392,7.1432,267.7945921421051
native_disk,1772729341.67909,7.1432,267.91829013824463
native_disk,1772729341.805638,7.1432,268.04483819007874
native_disk,1772729341.930477,7.1432,268.16967701911926
native_disk,1772729342.073467,7.1432,268.31266713142395
native_disk,1772729342.19886,7.1432,268.4380600452423
native_disk,1772729342.56486,7.1432,268.8040602207184
native_disk,1772729342.665706,7.1432,268.9049060344696
native_disk,1772729342.805202,7.1432,269.04440212249756
native_disk,1772729342.912772,7.1432,269.1519720554352
native_disk,1772729343.038224,7.1432,269.27742409706116
native_disk,1772729343.163072,7.1432,269.40227222442627
native_disk,1772729343.303869,7.1432,269.5430691242218
native_disk,1772729343.452233,7.1432,269.69143319129944
native_disk,1772729343.57444,7.1432,269.81364011764526
native_disk,1772729343.699685,7.1432,269.9388852119446
native_disk,1772729343.844007,7.1432,270.08320713043213
native_disk,1772729343.970777,7.1432,270.2099771499634
native_disk,1772729344.095841,7.1432,270.3350410461426
native_disk,1772729344.472735,7.1432,270.71193504333496
native_disk,1772729344.585368,7.1432,270.8245680332184
native_disk,1772729344.693076,7.1432,270.9322760105133
native_disk,1772729344.820023,7.1432,271.0592231750488
native_disk,1772729344.944006,7.1432,271.1832060813904
native_disk,1772729345.065971,7.1432,271.3051710128784
native_disk,1772729345.191145,7.1432,271.43034505844116
native_disk,1772729345.357302,7.1432,271.59650206565857
native_disk,1772729345.472596,7.1432,271.71179604530334
native_disk,1772729345.574637,7.1432,271.8138370513916
native_disk,1772729345.767061,7.1432,272.0062611103058
native_disk,1772729345.87646,7.1432,272.1156601905823
native_disk,1772729345.985198,7.1432,272.2243981361389
native_disk,1772729346.111669,7.1432,272.350869178772
native_disk,1772729346.446402,7.1432,272.68560218811035
native_disk,1772729346.572742,7.1432,272.8119421005249
native_disk,1772729346.712776,7.1432,272.9519760608673
native_disk,1772729346.821704,7.1432,273.0609040260315
native_disk,1772729346.961996,7.1432,273.20119619369507
native_disk,1772729347.071783,7.1432,273.31098318099976
native_disk,1772729347.195989,7.1432,273.43518900871277
native_disk,1772729347.321084,7.1432,273.56028413772583
native_disk,1772729347.48366,7.1432,273.72286009788513
native_disk,1772729347.629,7.1432,273.86820006370544
native_disk,1772729347.729916,7.1432,273.9691162109375
native_disk,1772729347.870559,7.1432,274.10975909233093
native_disk,1772729347.981134,7.1432,274.22033405303955
native_disk,1772729348.10563,7.1432,274.34483003616333
native_disk,1772729348.476938,7.1432,274.71613812446594
native_disk,1772729348.578524,7.1432,274.8177242279053
native_disk,1772729348.679527,7.1432,274.9187271595001
native_disk,1772729348.801882,7.1432,275.04108214378357
native_disk,1772729348.92977,7.1432,275.1689701080322
native_disk,1772729349.054373,7.1432,275.293573141098
native_disk,1772729349.179778,7.1432,275.4189782142639
native_disk,1772729349.3051,7.1432,275.5443000793457
native_disk,1772729349.430305,7.1432,275.66950511932373
native_disk,1772729349.556799,7.1432,275.7959990501404
native_disk,1772729349.681152,7.1432,275.9203522205353
native_disk,1772729349.808666,7.1432,276.0478661060333
native_disk,1772729349.948703,7.1432,276.18790316581726
native_disk,1772729350.07411,7.1432,276.3133101463318
native_disk,1772729350.462089,7.1432,276.7012891769409
native_disk,1772729350.563097,7.1432,276.8022971153259
native_disk,1772729350.670086,7.1432,276.9092860221863
native_disk,1772729350.794261,7.1432,277.0334610939026
native_disk,1772729350.919875,7.1432,277.1590750217438
native_disk,1772729351.044578,7.1432,277.2837781906128
native_disk,1772729351.169566,7.1432,277.40876603126526
native_disk,1772729351.297265,7.1432,277.53646516799927
native_disk,1772729351.423941,7.1432,277.6631410121918
native_disk,1772729351.567594,7.1432,277.80679416656494
native_disk,1772729351.691087,7.1432,277.93028712272644
native_disk,1772729351.817713,7.1432,278.0569131374359
native_disk,1772729351.94375,7.1432,278.1829500198364
native_disk,1772729352.068823,7.1432,278.3080232143402
native_disk,1772729352.431615,7.1432,278.6708152294159
native_disk,1772729352.546128,7.1432,278.78532814979553
native_disk,1772729352.670786,7.1432,278.9099860191345
native_disk,1772729352.798322,7.1432,279.0375220775604
native_disk,1772729352.923975,7.1432,279.1631751060486
native_disk,1772729353.049007,7.1432,279.2882070541382
native_disk,1772729353.174522,7.1432,279.41372203826904
native_disk,1772729353.299611,7.1432,279.5388112068176
native_disk,1772729353.423518,7.1432,279.66271805763245
native_disk,1772729353.556305,7.1432,279.7955050468445
native_disk,1772729353.74173,7.1432,279.98093008995056
native_disk,1772729353.851781,7.1432,280.0909810066223
native_disk,1772729353.961931,7.1432,280.201131105423
native_disk,1772729354.336035,7.1432,280.5752351284027
native_disk,1772729354.445318,7.1432,280.6845180988312
native_disk,1772729354.555766,7.1432,280.7949662208557
native_disk,1772729354.682946,7.1432,280.92214608192444
native_disk,1772729354.808396,7.1432,281.0475962162018
native_disk,1772729354.933408,7.1432,281.17260813713074
native_disk,1772729355.058851,7.1432,281.2980511188507
native_disk,1772729355.185495,7.1432,281.4246950149536
native_disk,1772729355.331035,7.1432,281.5702350139618
native_disk,1772729355.445186,7.1432,281.68438601493835
native_disk,1772729355.573466,7.1432,281.81266617774963
native_disk,1772729355.699402,7.1432,281.9386022090912
native_disk,1772729355.82496,7.1432,282.0641601085663
native_disk,1772729355.952046,7.1432,282.19124603271484
native_disk,1772729356.388443,7.1432,282.6276431083679
native_disk,1772729356.493522,7.1432,282.7327220439911
native_disk,1772729356.601904,7.1432,282.84110403060913
native_disk,1772729356.72888,7.1432,282.9680800437927
native_disk,1772729356.854803,7.1432,283.094003200531
native_disk,1772729357.001738,7.1432,283.2409381866455
native_disk,1772729357.10876,7.1432,283.34796023368835
native_disk,1772729357.251844,7.1432,283.49104404449463
native_disk,1772729357.378525,7.1432,283.6177251338959
native_disk,1772729357.503829,7.1432,283.74302911758423
native_disk,1772729357.629593,7.1432,283.86879301071167
native_disk,1772729357.768682,7.1432,284.0078821182251
native_disk,1772729357.926086,7.1432,284.16528606414795
native_disk,1772729358.043074,7.1432,284.28227400779724
native_disk,1772729358.412856,7.1432,284.6520562171936
native_disk,1772729358.523318,7.1432,284.7625181674957
native_disk,1772729358.649576,7.1432,284.88877606391907
native_disk,1772729358.775779,7.1432,285.0149791240692
native_disk,1772729358.901025,7.1432,285.14022517204285
native_disk,1772729359.026714,7.1432,285.26591420173645
native_disk,1772729359.153773,7.1432,285.39297318458557
native_disk,1772729359.279539,7.1432,285.5187392234802
native_disk,1772729359.405295,7.1432,285.644495010376
native_disk,1772729359.549882,7.1432,285.7890820503235
native_disk,1772729359.680369,7.1432,285.91956901550293
native_disk,1772729359.806772,7.1432,286.04597210884094
native_disk,1772729359.931286,7.1432,286.17048621177673
native_disk,1772729360.389119,7.1432,286.6283190250397
native_disk,1772729360.489794,7.1432,286.72899413108826
native_disk,1772729360.604757,7.1432,286.84395718574524
native_disk,1772729360.709121,7.1432,286.9483211040497
native_disk,1772729360.837524,7.1432,287.0767240524292
native_disk,1772729360.963962,7.1432,287.20316219329834
native_disk,1772729361.089685,7.1432,287.3288850784302
native_disk,1772729361.219033,7.1432,287.45823311805725
native_disk,1772729361.354215,7.1432,287.59341502189636
native_disk,1772729361.538722,7.1432,287.7779221534729
native_disk,1772729361.639583,7.1432,287.8787832260132
native_disk,1772729361.746208,7.1432,287.98540806770325
native_disk,1772729362.12599,7.1432,288.3651900291443
native_disk,1772729362.240883,7.1432,288.4800832271576
native_disk,1772729362.350542,7.1432,288.5897421836853
native_disk,1772729362.484882,7.1432,288.7240822315216
native_disk,1772729362.603572,7.1432,288.8427720069885
native_disk,1772729362.729766,7.1432,288.96896600723267
native_disk,1772729362.857656,7.1432,289.09685611724854
native_disk,1772729362.984316,7.1432,289.2235162258148
native_disk,1772729363.136958,7.1432,289.3761579990387
native_disk,1772729363.265164,7.1432,289.5043640136719
native_disk,1772729363.39083,7.1432,289.6300301551819
native_disk,1772729363.517051,7.1432,289.75625109672546
native_disk,1772729363.65546,7.1432,289.8946599960327
native_disk,1772729363.780799,7.1432,290.0199990272522
native_disk,1772729364.13467,7.1432,290.37387013435364
native_disk,1772729364.261301,7.1432,290.50050115585327
native_disk,1772729364.38558,7.1432,290.62478017807007
native_disk,1772729364.526909,7.1432,290.76610922813416
native_disk,1772729364.672279,7.1432,290.91147899627686
native_disk,1772729364.784788,7.1432,291.02398800849915
native_disk,1772729364.91189,7.1432,291.1510901451111
native_disk,1772729365.037645,7.1432,291.2768452167511
native_disk,1772729365.161755,7.1432,291.4009552001953
native_disk,1772729365.291549,7.1432,291.5307490825653
native_disk,1772729365.419027,7.1432,291.6582272052765
native_disk,1772729365.548058,7.1432,291.78725814819336
native_disk,1772729365.693098,7.1432,291.93229818344116
native_disk,1772729365.990765,7.1432,292.22996520996094
native_disk,1772729366.117651,7.1432,292.35685110092163
native_disk,1772729366.243959,7.1432,292.4831590652466
native_disk,1772729366.386202,7.1432,292.62540221214294
native_disk,1772729366.513573,7.1432,292.75277304649353
native_disk,1772729366.639568,7.1432,292.8787682056427
native_disk,1772729366.765797,7.1432,293.0049970149994
native_disk,1772729366.892784,7.1432,293.1319842338562
native_disk,1772729367.025908,7.1432,293.2651081085205
native_disk,1772729367.15098,7.1432,293.3901801109314
native_disk,1772729367.276882,7.1432,293.51608204841614
native_disk,1772729367.421428,7.1432,293.66062808036804
native_disk,1772729367.531982,7.1432,293.7711820602417
native_disk,1772729367.909798,7.1432,294.14899802207947
native_disk,1772729368.028542,7.1432,294.2677421569824
native_disk,1772729368.145374,7.1432,294.384574174881
native_disk,1772729368.30223,7.1432,294.5414299964905
native_disk,1772729368.415115,7.1432,294.6543152332306
native_disk,1772729368.555756,7.1432,294.7949562072754
native_disk,1772729368.684373,7.1432,294.92357301712036
native_disk,1772729368.810016,7.1432,295.0492160320282
native_disk,1772729368.955527,7.1432,295.1947271823883
native_disk,1772729369.06505,7.1432,295.30425000190735
native_disk,1772729369.216922,7.1432,295.4561221599579
native_disk,1772729369.366295,7.1432,295.6054952144623
native_disk,1772729369.474433,7.1432,295.7136330604553
native_disk,1772729369.937893,7.1432,296.1770930290222
native_disk,1772729370.040546,7.1432,296.279746055603
native_disk,1772729370.147921,7.1432,296.3871212005615
native_disk,1772729370.309989,7.1432,296.54918909072876
native_disk,1772729370.418461,7.1432,296.6576611995697
native_disk,1772729370.528265,7.1432,296.7674651145935
native_disk,1772729370.658193,7.1432,296.89739322662354
native_disk,1772729370.807451,7.1432,297.0466511249542
native_disk,1772729370.932842,7.1432,297.17204213142395
native_disk,1772729371.061279,7.1432,297.3004791736603
native_disk,1772729371.187618,7.1432,297.4268181324005
native_disk,1772729371.343025,7.1432,297.5822250843048
native_disk,1772729371.454054,7.1432,297.6932542324066
native_disk,1772729371.926636,7.1432,298.16583609580994
native_disk,1772729372.040647,7.1432,298.27984714508057
native_disk,1772729372.166455,7.1432,298.40565514564514
native_disk,1772729372.291544,7.1432,298.53074407577515
native_disk,1772729372.419349,7.1432,298.6585490703583
native_disk,1772729372.545583,7.1432,298.7847831249237
native_disk,1772729372.673835,7.1432,298.91303515434265
native_disk,1772729372.799543,7.1432,299.038743019104
native_disk,1772729372.92732,7.1432,299.1665201187134
native_disk,1772729373.052195,7.1432,299.29139518737793
native_disk,1772729373.179257,7.1432,299.41845703125
native_disk,1772729373.307638,7.1432,299.54683804512024
native_disk,1772729373.70131,7.1432,299.94051003456116
native_disk,1772729373.808015,7.1432,300.0472152233124
native_disk,1772729373.943035,7.1432,300.1822350025177
native_disk,1772729374.062675,7.1432,300.3018751144409
native_disk,1772729374.22125,7.1432,300.4604501724243
native_disk,1772729374.332048,7.1432,300.5712480545044
native_disk,1772729374.472994,7.1432,300.71219420433044
native_disk,1772729374.594724,7.1432,300.8339240550995
native_disk,1772729374.721843,7.1432,300.96104311943054
native_disk,1772729374.849616,7.1432,301.0888161659241
native_disk,1772729374.983249,7.1432,301.22244906425476
native_disk,1772729375.111563,7.1432,301.3507630825043
native_disk,1772729375.237697,7.1432,301.4768970012665
native_disk,1772729375.604223,7.1432,301.84342312812805
native_disk,1772729375.717891,7.1432,301.95709109306335
native_disk,1772729375.843337,7.1432,302.08253717422485
native_disk,1772729375.97192,7.1432,302.2111201286316
native_disk,1772729376.098119,7.1432,302.3373191356659
native_disk,1772729376.223816,7.1432,302.4630160331726
native_disk,1772729376.351219,7.1432,302.5904190540314
native_disk,1772729376.476903,7.1432,302.7161030769348
native_disk,1772729376.604095,7.1432,302.8432950973511
native_disk,1772729376.729945,7.1432,302.96914505958557
native_disk,1772729376.856349,7.1432,303.0955491065979
native_disk,1772729376.997271,7.1432,303.23647117614746
native_disk,1772729377.106117,7.1432,303.34531712532043
native_disk,1772729377.547781,7.1432,303.78698110580444
native_disk,1772729377.648131,7.1432,303.88733100891113
native_disk,1772729377.748917,7.1432,303.9881172180176
native_disk,1772729377.874449,7.1432,304.11364912986755
native_disk,1772729378.001747,7.1432,304.24094700813293
native_disk,1772729378.135278,7.1432,304.37447810173035
native_disk,1772729378.253566,7.1432,304.4927661418915
native_disk,1772729378.380872,7.1432,304.62007212638855
native_disk,1772729378.51203,7.1432,304.7512300014496
native_disk,1772729378.641024,7.1432,304.8802242279053
native_disk,1772729378.797503,7.1432,305.0367031097412
native_disk,1772729378.908527,7.1432,305.1477270126343
native_disk,1772729379.26382,7.1432,305.5030200481415
native_disk,1772729379.391898,7.1432,305.6310980319977
native_disk,1772729379.521883,7.1432,305.7610831260681
native_disk,1772729379.646357,7.1432,305.8855571746826
native_disk,1772729379.777381,7.1432,306.0165810585022
native_disk,1772729379.909951,7.1432,306.14915108680725
native_disk,1772729380.05042,7.1432,306.2896201610565
native_disk,1772729380.174724,7.1432,306.4139242172241
native_disk,1772729380.301042,7.1432,306.5402421951294
native_disk,1772729380.428729,7.1432,306.66792917251587
native_disk,1772729380.555428,7.1432,306.79462814331055
native_disk,1772729380.69092,7.1432,306.93012022972107
native_disk,1772729380.821,7.1432,307.060200214386
native_disk,1772729381.179826,7.1432,307.4190261363983
native_disk,1772729381.29673,7.1432,307.53593015670776
native_disk,1772729381.423723,7.1432,307.6629230976105
native_disk,1772729381.55198,7.1432,307.7911801338196
native_disk,1772729381.679429,7.1432,307.9186291694641
native_disk,1772729381.806062,7.1432,308.0452620983124
native_disk,1772729381.930822,7.1432,308.1700220108032
native_disk,1772729382.061259,7.1432,308.30045914649963
native_disk,1772729382.186788,7.1432,308.42598819732666
native_disk,1772729382.324394,7.1432,308.5635941028595
native_disk,1772729382.443514,7.1432,308.6827142238617
native_disk,1772729382.571729,7.1432,308.8109290599823
native_disk,1772729382.759147,7.1432,308.9983470439911
native_disk,1772729383.11021,7.1432,309.34941005706787
native_disk,1772729383.237792,7.1432,309.47699213027954
native_disk,1772729383.365657,7.1432,309.6048572063446
native_disk,1772729383.490911,7.1432,309.73011112213135
native_disk,1772729383.621459,7.1432,309.86065912246704
native_disk,1772729383.749426,7.1432,309.9886260032654
native_disk,1772729383.875906,7.1432,310.11510610580444
native_disk,1772729384.005199,7.1432,310.24439907073975
native_disk,1772729384.129812,7.1432,310.36901211738586
native_disk,1772729384.258998,7.1432,310.49819803237915
native_disk,1772729384.420678,7.1432,310.6598780155182
native_disk,1772729384.527625,7.1432,310.7668251991272
native_disk,1772729384.881482,7.1432,311.1206820011139
native_disk,1772729385.009084,7.1432,311.2482841014862
native_disk,1772729385.137572,7.1432,311.37677216529846
native_disk,1772729385.26457,7.1432,311.50377011299133
native_disk,1772729385.390463,7.1432,311.62966322898865
native_disk,1772729385.531383,7.1432,311.770583152771
native_disk,1772729385.655005,7.1432,311.8942050933838
native_disk,1772729385.781283,7.1432,312.0204830169678
native_disk,1772729385.944642,7.1432,312.1838421821594
native_disk,1772729386.071044,7.1432,312.31024408340454
native_disk,1772729386.199567,7.1432,312.4387671947479
native_disk,1772729386.32835,7.1432,312.56755018234253
native_disk,1772729386.734753,7.1432,312.97395300865173
native_disk,1772729386.83538,7.1432,313.0745801925659
native_disk,1772729386.959333,7.1432,313.1985330581665
native_disk,1772729387.09358,7.1432,313.33278012275696
native_disk,1772729387.22106,7.1432,313.4602601528168
native_disk,1772729387.347194,7.1432,313.586394071579
native_disk,1772729387.483298,7.1432,313.72249817848206
native_disk,1772729387.610561,7.1432,313.8497610092163
native_disk,1772729387.737873,7.1432,313.97707319259644
native_disk,1772729387.863973,7.1432,314.10317301750183
native_disk,1772729388.012473,7.1432,314.25167322158813
native_disk,1772729388.134892,7.1432,314.3740921020508
native_disk,1772729388.603731,7.1432,314.8429310321808
native_disk,1772729388.73277,7.1432,314.97197008132935
native_disk,1772729388.860477,7.1432,315.09967708587646
native_disk,1772729388.986825,7.1432,315.2260251045227
native_disk,1772729389.115426,7.1432,315.35462617874146
native_disk,1772729389.241646,7.1432,315.4808461666107
native_disk,1772729389.369261,7.1432,315.6084611415863
native_disk,1772729389.515321,7.1432,315.7545211315155
native_disk,1772729389.625538,7.1432,315.8647382259369
native_disk,1772729389.751853,7.1432,315.99105310440063
native_disk,1772729389.879708,7.1432,316.1189081668854
native_disk,1772729390.23175,7.1432,316.47095012664795
native_disk,1772729390.347362,7.1432,316.58656215667725
native_disk,1772729390.476132,7.1432,316.71533203125
native_disk,1772729390.602819,7.1432,316.8420190811157
native_disk,1772729390.730545,7.1432,316.96974515914917
native_disk,1772729390.856961,7.1432,317.09616112709045
native_disk,1772729390.987448,7.1432,317.2266480922699
native_disk,1772729391.113646,7.1432,317.3528461456299
native_disk,1772729391.241034,7.1432,317.48023414611816
native_disk,1772729391.368988,7.1432,317.60818815231323
native_disk,1772729391.496011,7.1432,317.7352111339569
native_disk,1772729391.627595,7.1432,317.8667950630188
native_disk,1772729391.777528,7.1432,318.0167281627655
native_disk,1772729392.176194,7.1432,318.4153940677643
native_disk,1772729392.304736,7.1432,318.5439360141754
native_disk,1772729392.430883,7.1432,318.6700830459595
native_disk,1772729392.559923,7.1432,318.79912304878235
native_disk,1772729392.68851,7.1432,318.92771005630493
native_disk,1772729392.842422,7.1432,319.08162212371826
native_disk,1772729392.969005,7.1432,319.2082052230835
native_disk,1772729393.097845,7.1432,319.3370451927185
native_disk,1772729393.225697,7.1432,319.4648971557617
native_disk,1772729393.352449,7.1432,319.59164905548096
native_disk,1772729393.479228,7.1432,319.7184281349182
native_disk,1772729393.607486,7.1432,319.84668612480164
native_disk,1772729394.066583,7.1432,320.305783033371
native_disk,1772729394.177331,7.1432,320.416531085968
native_disk,1772729394.305022,7.1432,320.54422211647034
native_disk,1772729394.433059,7.1432,320.67225909233093
native_disk,1772729394.561333,7.1432,320.80053305625916
native_disk,1772729394.686538,7.1432,320.9257380962372
native_disk,1772729394.814353,7.1432,321.05355310440063
native_disk,1772729394.960341,7.1432,321.19954109191895
native_disk,1772729395.071701,7.1432,321.31090116500854
native_disk,1772729395.199609,7.1432,321.43880915641785
native_disk,1772729395.324955,7.1432,321.5641551017761
native_disk,1772729395.82251,7.1432,322.06171011924744
native_disk,1772729395.93679,7.1432,322.1759901046753
native_disk,1772729396.048101,7.1432,322.2873010635376
native_disk,1772729396.1737,7.1432,322.4129002094269
native_disk,1772729396.303869,7.1432,322.5430691242218
native_disk,1772729396.441703,7.1432,322.68090319633484
native_disk,1772729396.561277,7.1432,322.80047702789307
native_disk,1772729396.694712,7.1432,322.9339120388031
native_disk,1772729396.835311,7.1432,323.074511051178
native_disk,1772729396.964932,7.1432,323.2041320800781
native_disk,1772729397.114293,7.1432,323.35349321365356
native_disk,1772729397.26563,7.1432,323.504830121994
native_disk,1772729397.599566,7.1432,323.83876609802246
native_disk,1772729397.708955,7.1432,323.9481551647186
native_disk,1772729397.837502,7.1432,324.0767021179199
native_disk,1772729397.981667,7.1432,324.2208671569824
native_disk,1772729398.093352,7.1432,324.33255219459534
native_disk,1772729398.22202,7.1432,324.46122002601624
native_disk,1772729398.364663,7.1432,324.60386300086975
native_disk,1772729398.49499,7.1432,324.7341902256012
native_disk,1772729398.621627,7.1432,324.8608272075653
native_disk,1772729398.753119,7.1432,324.99231910705566
native_disk,1772729398.880068,7.1432,325.1192681789398
native_disk,1772729399.014278,7.1432,325.25347805023193
native_disk,1772729399.394367,7.1432,325.63356709480286
native_disk,1772729399.509513,7.1432,325.74871301651
native_disk,1772729399.636596,7.1432,325.8757960796356
native_disk,1772729399.765217,7.1432,326.004417181015
native_disk,1772729399.891915,7.1432,326.1311151981354
native_disk,1772729400.018991,7.1432,326.2581911087036
native_disk,1772729400.145479,7.1432,326.3846790790558
native_disk,1772729400.274937,7.1432,326.5141370296478
native_disk,1772729400.431231,7.1432,326.67043113708496
native_disk,1772729400.539734,7.1432,326.7789340019226
native_disk,1772729400.66665,7.1432,326.90585017204285
native_disk,1772729400.795399,7.1432,327.03459906578064
native_disk,1772729401.180844,7.1432,327.4200441837311
native_disk,1772729401.312151,7.1432,327.55135107040405
native_disk,1772729401.457598,7.1432,327.6967980861664
native_disk,1772729401.566998,7.1432,327.8061981201172
native_disk,1772729401.701944,7.1432,327.94114422798157
native_disk,1772729401.825738,7.1432,328.0649380683899
native_disk,1772729401.955729,7.1432,328.1949291229248
native_disk,1772729402.083838,7.1432,328.3230381011963
native_disk,1772729402.213255,7.1432,328.4524550437927
native_disk,1772729402.342765,7.1432,328.5819652080536
native_disk,1772729402.478974,7.1432,328.71817421913147
native_disk,1772729402.607715,7.1432,328.8469150066376
native_disk,1772729402.95498,7.1432,329.19418001174927
native_disk,1772729403.081724,7.1432,329.3209240436554
native_disk,1772729403.209565,7.1432,329.44876503944397
native_disk,1772729403.336928,7.1432,329.57612800598145
native_disk,1772729403.465742,7.1432,329.7049422264099
native_disk,1772729403.601502,7.1432,329.84070205688477
native_disk,1772729403.721566,7.1432,329.9607660770416
native_disk,1772729403.849936,7.1432,330.0891361236572
native_disk,1772729403.979232,7.1432,330.21843218803406
native_disk,1772729404.107364,7.1432,330.34656405448914
native_disk,1772729404.234591,7.1432,330.4737911224365
native_disk,1772729404.742252,7.1432,330.9814522266388
native_disk,1772729404.857179,7.1432,331.09637904167175
native_disk,1772729404.986483,7.1432,331.2256832122803
native_disk,1772729405.133059,7.1432,331.37225914001465
native_disk,1772729405.242646,7.1432,331.48184609413147
native_disk,1772729405.372818,7.1432,331.6120181083679
native_disk,1772729405.49925,7.1432,331.738450050354
native_disk,1772729405.628673,7.1432,331.8678731918335
native_disk,1772729405.756858,7.1432,331.9960582256317
native_disk,1772729405.898472,7.1432,332.1376721858978
native_disk,1772729406.036491,7.1432,332.27569103240967
native_disk,1772729406.4266,7.1432,332.6658000946045
native_disk,1772729406.542884,7.1432,332.7820842266083
native_disk,1772729406.672387,7.1432,332.9115869998932
native_disk,1772729406.800521,7.1432,333.0397210121155
native_disk,1772729406.946872,7.1432,333.18607211112976
native_disk,1772729407.056762,7.1432,333.2959620952606
native_disk,1772729407.187402,7.1432,333.42660212516785
native_disk,1772729407.313728,7.1432,333.5529282093048
native_disk,1772729407.449293,7.1432,333.68849301338196
native_disk,1772729407.575882,7.1432,333.81508207321167
native_disk,1772729407.707038,7.1432,333.9462380409241
native_disk,1772729407.835199,7.1432,334.0743992328644
native_disk,1772729408.475461,7.1432,334.7146611213684
native_disk,1772729408.607459,7.1432,334.8466591835022
native_disk,1772729408.735851,7.1432,334.9750511646271
native_disk,1772729408.866329,7.1432,335.1055290699005
native_disk,1772729409.014111,7.1432,335.25331115722656
native_disk,1772729409.125149,7.1432,335.3643491268158
native_disk,1772729409.254654,7.1432,335.4938540458679
native_disk,1772729409.404111,7.1432,335.64331102371216
native_disk,1772729409.533542,7.1432,335.77274203300476
native_disk,1772729409.662798,7.1432,335.9019980430603
native_disk,1772729409.811499,7.1432,336.0506992340088
native_disk,1772729410.206074,7.1432,336.44527411460876
native_disk,1772729410.351137,7.1432,336.59033703804016
native_disk,1772729410.461271,7.1432,336.700471162796
native_disk,1772729410.58911,7.1432,336.8283100128174
native_disk,1772729410.734608,7.1432,336.97380805015564
native_disk,1772729410.86173,7.1432,337.1009302139282
native_disk,1772729410.991362,7.1432,337.230562210083
native_disk,1772729411.11944,7.1432,337.3586401939392
native_disk,1772729411.248985,7.1432,337.4881851673126
native_disk,1772729411.377599,7.1432,337.61679911613464
native_disk,1772729411.517736,7.1432,337.7569360733032
native_disk,1772729411.894064,7.1432,338.1332640647888
native_disk,1772729412.008737,7.1432,338.2479372024536
native_disk,1772729412.120006,7.1432,338.359206199646
native_disk,1772729412.248833,7.1432,338.48803305625916
native_disk,1772729412.391972,7.1432,338.6311721801758
native_disk,1772729412.523541,7.1432,338.7627410888672
native_disk,1772729412.645967,7.1432,338.8851671218872
native_disk,1772729412.775121,7.1432,339.0143210887909
native_disk,1772729412.902341,7.1432,339.1415410041809
native_disk,1772729413.035558,7.1432,339.27475810050964
native_disk,1772729413.165845,7.1432,339.4050450325012
native_disk,1772729413.307604,7.1432,339.546804189682
native_disk,1772729413.691555,7.1432,339.9307551383972
native_disk,1772729413.805861,7.1432,340.0450611114502
native_disk,1772729413.932832,7.1432,340.1720321178436
native_disk,1772729414.064717,7.1432,340.3039171695709
native_disk,1772729414.19294,7.1432,340.4321401119232
native_disk,1772729414.320381,7.1432,340.55958104133606
native_disk,1772729414.468318,7.1432,340.7075181007385
native_disk,1772729414.579932,7.1432,340.81913208961487
native_disk,1772729414.708893,7.1432,340.94809317588806
native_disk,1772729414.83745,7.1432,341.0766501426697
native_disk,1772729414.966153,7.1432,341.2053530216217
native_disk,1772729415.431861,7.1432,341.67106103897095
native_disk,1772729415.532751,7.1432,341.7719511985779
native_disk,1772729415.639488,7.1432,341.8786880970001
native_disk,1772729415.76645,7.1432,342.00565004348755
native_disk,1772729415.894366,7.1432,342.13356614112854
native_disk,1772729416.024935,7.1432,342.2641351222992
native_disk,1772729416.157111,7.1432,342.396311044693
native_disk,1772729416.331429,7.1432,342.57062911987305
native_disk,1772729416.433403,7.1432,342.6726031303406
native_disk,1772729416.562483,7.1432,342.80168318748474
native_disk,1772729416.692826,7.1432,342.9320261478424
native_disk,1772729417.036301,7.1432,343.2755010128021
native_disk,1772729417.164856,7.1432,343.4040560722351
native_disk,1772729417.293746,7.1432,343.53294610977173
native_disk,1772729417.422774,7.1432,343.66197419166565
native_disk,1772729417.551577,7.1432,343.7907772064209
native_disk,1772729417.678807,7.1432,343.91800713539124
native_disk,1772729417.807894,7.1432,344.0470941066742
native_disk,1772729417.936631,7.1432,344.17583107948303
native_disk,1772729418.085826,7.1432,344.32502603530884
native_disk,1772729418.199506,7.1432,344.4387061595917
native_disk,1772729418.327338,7.1432,344.56653809547424
native_disk,1772729418.457081,7.1432,344.6962811946869
native_disk,1772729418.856401,7.1432,345.09560108184814
native_disk,1772729418.957567,7.1432,345.1967670917511
native_disk,1772729419.081538,7.1432,345.3207380771637
native_disk,1772729419.213277,7.1432,345.4524772167206
native_disk,1772729419.341161,7.1432,345.5803611278534
native_disk,1772729419.469596,7.1432,345.7087960243225
native_disk,1772729419.615217,7.1432,345.8544170856476
native_disk,1772729419.727414,7.1432,345.96661400794983
native_disk,1772729419.854121,7.1432,346.0933210849762
native_disk,1772729419.984103,7.1432,346.2233030796051
native_disk,1772729420.115865,7.1432,346.3550651073456
native_disk,1772729420.592926,7.1432,346.8321261405945
native_disk,1772729420.720813,7.1432,346.9600131511688
native_disk,1772729420.851122,7.1432,347.0903220176697
native_disk,1772729420.981727,7.1432,347.2209270000458
native_disk,1772729421.111692,7.1432,347.35089206695557
native_disk,1772729421.259086,7.1432,347.49828600883484
native_disk,1772729421.388072,7.1432,347.62727212905884
native_disk,1772729421.517897,7.1432,347.7570970058441
native_disk,1772729421.683384,7.1432,347.92258405685425
native_disk,1772729421.812915,7.1432,348.0521152019501
native_disk,1772729421.942194,7.1432,348.1813941001892
native_disk,1772729422.071293,7.1432,348.3104932308197
native_disk,1772729422.415224,7.1432,348.65442419052124
native_disk,1772729422.537359,7.1432,348.7765591144562
native_disk,1772729422.665099,7.1432,348.9042990207672
native_disk,1772729422.79314,7.1432,349.03234004974365
native_disk,1772729422.930108,7.1432,349.1693081855774
native_disk,1772729423.068766,7.1432,349.3079662322998
native_disk,1772729423.183591,7.1432,349.4227910041809
native_disk,1772729423.316118,7.1432,349.5553181171417
native_disk,1772729423.464283,7.1432,349.7034831047058
native_disk,1772729423.59664,7.1432,349.8358402252197
native_disk,1772729423.723316,7.1432,349.96251606941223
native_disk,1772729424.069155,7.1432,350.3083550930023
native_disk,1772729424.200154,7.1432,350.4393541812897
native_disk,1772729424.330397,7.1432,350.5695970058441
native_disk,1772729424.458727,7.1432,350.6979269981384
native_disk,1772729424.588242,7.1432,350.82744216918945
native_disk,1772729424.750434,7.1432,350.9896340370178
native_disk,1772729424.85787,7.1432,351.09707021713257
native_disk,1772729424.98674,7.1432,351.22594022750854
native_disk,1772729425.11429,7.1432,351.35349011421204
native_disk,1772729425.26135,7.1432,351.500550031662
native_disk,1772729425.392273,7.1432,351.6314730644226
native_disk,1772729425.776742,7.1432,352.0159420967102
native_disk,1772729425.89143,7.1432,352.1306300163269
native_disk,1772729425.998891,7.1432,352.23809123039246
native_disk,1772729426.12855,7.1432,352.3677501678467
native_disk,1772729426.260902,7.1432,352.50010204315186
native_disk,1772729426.408464,7.1432,352.6476640701294
native_disk,1772729426.530457,7.1432,352.76965713500977
native_disk,1772729426.651936,7.1432,352.8911361694336
native_disk,1772729426.782706,7.1432,353.02190613746643
native_disk,1772729426.915493,7.1432,353.15469312667847
native_disk,1772729427.260185,7.1432,353.4993851184845
native_disk,1772729427.388583,7.1432,353.62778306007385
native_disk,1772729427.519107,7.1432,353.75830721855164
native_disk,1772729427.662223,7.1432,353.9014232158661
native_disk,1772729427.792547,7.1432,354.0317471027374
native_disk,1772729427.92175,7.1432,354.1609501838684
native_disk,1772729428.050132,7.1432,354.28933215141296
native_disk,1772729428.183052,7.1432,354.42225217819214
native_disk,1772729428.310838,7.1432,354.55003809928894
native_disk,1772729428.440939,7.1432,354.6801390647888
native_disk,1772729428.570403,7.1432,354.8096032142639
native_disk,1772729429.004894,7.1432,355.2440941333771
native_disk,1772729429.10788,7.1432,355.3470802307129
native_disk,1772729429.219635,7.1432,355.4588351249695
native_disk,1772729429.347887,7.1432,355.5870871543884
native_disk,1772729429.477302,7.1432,355.71650218963623
native_disk,1772729429.622109,7.1432,355.8613090515137
native_disk,1772729429.751425,7.1432,355.99062514305115
native_disk,1772729429.881308,7.1432,356.1205081939697
native_disk,1772729430.013623,7.1432,356.25282311439514
native_disk,1772729430.142375,7.1432,356.38157510757446
native_disk,1772729430.298039,7.1432,356.53723907470703
native_disk,1772729430.65647,7.1432,356.89567017555237
native_disk,1772729430.788725,7.1432,357.02792501449585
native_disk,1772729430.91911,7.1432,357.158310174942
native_disk,1772729431.048569,7.1432,357.2877690792084
native_disk,1772729431.179442,7.1432,357.4186420440674
native_disk,1772729431.328446,7.1432,357.5676460266113
native_disk,1772729431.471785,7.1432,357.7109851837158
native_disk,1772729431.601777,7.1432,357.84097719192505
native_disk,1772729431.73288,7.1432,357.9720802307129
native_disk,1772729431.862079,7.1432,358.10127902030945
native_disk,1772729432.025602,7.1432,358.2648022174835
native_disk,1772729432.417986,7.1432,358.65718603134155
native_disk,1772729432.563846,7.1432,358.80304622650146
native_disk,1772729432.68516,7.1432,358.92436003685
native_disk,1772729432.807562,7.1432,359.0467622280121
native_disk,1772729432.937439,7.1432,359.1766390800476
native_disk,1772729433.082542,7.1432,359.3217420578003
native_disk,1772729433.195533,7.1432,359.4347331523895
native_disk,1772729433.323178,7.1432,359.5623781681061
native_disk,1772729433.45179,7.1432,359.69099020957947
native_disk,1772729433.592676,7.1432,359.831876039505
native_disk,1772729433.72165,7.1432,359.96085000038147
native_disk,1772729434.142483,7.1432,360.3816831111908
native_disk,1772729434.248613,7.1432,360.4878132343292
native_disk,1772729434.369462,7.1432,360.6086621284485
native_disk,1772729434.498277,7.1432,360.7374770641327
native_disk,1772729434.627891,7.1432,360.86709117889404
native_disk,1772729434.758164,7.1432,360.99736404418945
native_disk,1772729434.901355,7.1432,361.1405551433563
native_disk,1772729435.013386,7.1432,361.2525861263275
native_disk,1772729435.144099,7.1432,361.38329911231995
native_disk,1772729435.282968,7.1432,361.52216815948486
native_disk,1772729435.408003,7.1432,361.647203207016
native_disk,1772729436.007827,7.1432,362.2470271587372
native_disk,1772729436.108532,7.1432,362.34773206710815
native_disk,1772729436.210295,7.1432,362.4494950771332
native_disk,1772729436.324882,7.1432,362.5640821456909
native_disk,1772729436.435669,7.1432,362.67486906051636
native_disk,1772729436.580542,7.1432,362.8197422027588
native_disk,1772729436.693724,7.1432,362.9329240322113
native_disk,1772729436.822662,7.1432,363.0618622303009
native_disk,1772729436.959516,7.1432,363.19871616363525
native_disk,1772729437.102459,7.1432,363.3416590690613
native_disk,1772729437.23522,7.1432,363.4744200706482
native_disk,1772729437.660521,7.1432,363.8997211456299
native_disk,1772729437.76342,7.1432,364.0026202201843
native_disk,1772729437.893851,7.1432,364.1330511569977
native_disk,1772729438.02393,7.1432,364.2631301879883
native_disk,1772729438.187112,7.1432,364.42631220817566
native_disk,1772729438.287761,7.1432,364.52696108818054
native_disk,1772729438.417293,7.1432,364.6564931869507
native_disk,1772729438.547128,7.1432,364.7863280773163
native_disk,1772729438.690006,7.1432,364.9292061328888
native_disk,1772729438.833955,7.1432,365.0731551647186
native_disk,1772729439.194856,7.1432,365.4340560436249
native_disk,1772729439.328556,7.1432,365.5677561759949
native_disk,1772729439.43922,7.1432,365.6784200668335
native_disk,1772729439.588119,7.1432,365.82731914520264
native_disk,1772729439.701028,7.1432,365.94022822380066
native_disk,1772729439.830462,7.1432,366.0696620941162
native_disk,1772729439.977328,7.1432,366.21652817726135
native_disk,1772729440.109535,7.1432,366.34873509407043
native_disk,1772729440.23921,7.1432,366.47841000556946
native_disk,1772729440.374068,7.1432,366.61326813697815
native_disk,1772729440.501685,7.1432,366.74088501930237
native_disk,1772729440.884874,7.1432,367.12407422065735
native_disk,1772729441.012997,7.1432,367.2521970272064
native_disk,1772729441.143614,7.1432,367.38281416893005
native_disk,1772729441.270739,7.1432,367.5099391937256
native_disk,1772729441.419931,7.1432,367.65913105010986
native_disk,1772729441.565008,7.1432,367.8042080402374
native_disk,1772729441.714512,7.1432,367.9537122249603
native_disk,1772729441.826046,7.1432,368.0652461051941
native_disk,1772729441.957824,7.1432,368.19702410697937
native_disk,1772729442.087335,7.1432,368.32653522491455
native_disk,1772729442.456119,7.1432,368.6953191757202
native_disk,1772729442.576839,7.1432,368.8160390853882
native_disk,1772729442.704611,7.1432,368.9438111782074
native_disk,1772729442.834305,7.1432,369.07350516319275
native_disk,1772729442.965456,7.1432,369.204656124115
native_disk,1772729443.095045,7.1432,369.33424520492554
native_disk,1772729443.225431,7.1432,369.46463108062744
native_disk,1772729443.353674,7.1432,369.5928740501404
native_disk,1772729443.497024,7.1432,369.7362241744995
native_disk,1772729443.647549,7.1432,369.88674902915955
native_disk,1772729444.237173,7.1432,370.4763731956482
native_disk,1772729444.372128,7.1432,370.611328125
native_disk,1772729444.502685,7.1432,370.7418851852417
native_disk,1772729444.649564,7.1432,370.8887641429901
native_disk,1772729444.782564,7.1432,371.0217640399933
native_disk,1772729444.919213,7.1432,371.1584131717682
native_disk,1772729445.048041,7.1432,371.28724122047424
native_disk,1772729445.179193,7.1432,371.4183931350708
native_disk,1772729445.309768,7.1432,371.54896807670593
native_disk,1772729445.439694,7.1432,371.67889404296875
native_disk,1772729445.823887,7.1432,372.0630872249603
native_disk,1772729445.941686,7.1432,372.18088603019714
native_disk,1772729446.071138,7.1432,372.3103380203247
native_disk,1772729446.220914,7.1432,372.4601140022278
native_disk,1772729446.331867,7.1432,372.57106709480286
native_disk,1772729446.462887,7.1432,372.70208716392517
native_disk,1772729446.592761,7.1432,372.83196115493774
native_disk,1772729446.722381,7.1432,372.9615812301636
native_disk,1772729446.851129,7.1432,373.09032917022705
native_disk,1772729447.000464,7.1432,373.2396640777588
native_disk,1772729447.387805,7.1432,373.62700510025024
native_disk,1772729447.529099,7.1432,373.7682991027832
native_disk,1772729447.641218,7.1432,373.8804180622101
native_disk,1772729447.769677,7.1432,374.0088770389557
native_disk,1772729447.901479,7.1432,374.14067912101746
native_disk,1772729448.036058,7.1432,374.27525806427
native_disk,1772729448.16516,7.1432,374.40436005592346
native_disk,1772729448.303117,7.1432,374.5423171520233
native_disk,1772729448.434682,7.1432,374.6738820075989
native_disk,1772729448.561439,7.1432,374.80063915252686
native_disk,1772729448.909459,7.1432,375.14865922927856
native_disk,1772729449.039897,7.1432,375.2790970802307
native_disk,1772729449.199358,7.1432,375.43855810165405
native_disk,1772729449.327956,7.1432,375.5671560764313
native_disk,1772729449.460099,7.1432,375.69929909706116
native_disk,1772729449.590317,7.1432,375.8295171260834
native_disk,1772729449.719215,7.1432,375.9584150314331
native_disk,1772729449.86889,7.1432,376.1080901622772
native_disk,1772729450.045108,7.1432,376.28430819511414
native_disk,1772729450.380509,7.1432,376.6197090148926
native_disk,1772729450.511822,7.1432,376.7510221004486
native_disk,1772729450.640292,7.1432,376.87949204444885
native_disk,1772729450.769135,7.1432,377.0083351135254
native_disk,1772729450.914464,7.1432,377.15366411209106
native_disk,1772729451.027421,7.1432,377.2666211128235
native_disk,1772729451.159755,7.1432,377.39895510673523
native_disk,1772729451.289567,7.1432,377.52876710891724
native_disk,1772729451.43414,7.1432,377.6733400821686
native_disk,1772729451.561888,7.1432,377.8010880947113
native_disk,1772729451.697146,7.1432,377.93634605407715
native_disk,1772729451.880102,7.1432,378.11930203437805
native_disk,1772729452.241428,7.1432,378.48062801361084
native_disk,1772729452.368851,7.1432,378.60805106163025
native_disk,1772729452.502406,7.1432,378.74160599708557
native_disk,1772729452.630584,7.1432,378.869784116745
native_disk,1772729452.765434,7.1432,379.004634141922
native_disk,1772729452.895169,7.1432,379.13436913490295
native_disk,1772729453.025916,7.1432,379.2651162147522
native_disk,1772729453.156775,7.1432,379.39597511291504
native_disk,1772729453.305689,7.1432,379.54488921165466
native_disk,1772729453.449784,7.1432,379.6889841556549
native_disk,1772729453.562445,7.1432,379.8016450405121
native_disk,1772729453.693235,7.1432,379.93243503570557
native_disk,1772729454.09198,7.1432,380.3311800956726
native_disk,1772729454.22424,7.1432,380.46344017982483
native_disk,1772729454.354021,7.1432,380.59322118759155
native_disk,1772729454.483307,7.1432,380.7225069999695
native_disk,1772729454.613805,7.1432,380.85300517082214
native_disk,1772729454.741797,7.1432,380.9809970855713
native_disk,1772729454.872576,7.1432,381.11177611351013
native_disk,1772729455.017735,7.1432,381.2569351196289
native_disk,1772729455.160071,7.1432,381.39927101135254
native_disk,1772729455.291074,7.1432,381.53027415275574
native_disk,1772729455.423167,7.1432,381.662367105484
native_disk,1772729455.570955,7.1432,381.81015515327454
native_disk,1772729455.926607,7.1432,382.1658070087433
native_disk,1772729456.038157,7.1432,382.27735710144043
native_disk,1772729456.152993,7.1432,382.39219307899475
native_disk,1772729456.282255,7.1432,382.52145504951477
native_disk,1772729456.413181,7.1432,382.6523811817169
native_disk,1772729456.546126,7.1432,382.7853260040283
native_disk,1772729456.694585,7.1432,382.933785200119
native_disk,1772729456.826969,7.1432,383.0661690235138
native_disk,1772729456.957205,7.1432,383.196405172348
native_disk,1772729457.086618,7.1432,383.3258180618286
native_disk,1772729457.216242,7.1432,383.4554421901703
native_disk,1772729457.640091,7.1432,383.87929105758667
native_disk,1772729457.763871,7.1432,384.0030710697174
native_disk,1772729457.896487,7.1432,384.1356871128082
native_disk,1772729458.02804,7.1432,384.26724004745483
native_disk,1772729458.159398,7.1432,384.3985981941223
native_disk,1772729458.28877,7.1432,384.5279700756073
native_disk,1772729458.419195,7.1432,384.6583950519562
native_disk,1772729458.570677,7.1432,384.8098771572113
native_disk,1772729458.687472,7.1432,384.9266722202301
native_disk,1772729458.872611,7.1432,385.11181116104126
native_disk,1772729458.988438,7.1432,385.2276380062103
native_disk,1772729459.339183,7.1432,385.57838320732117
native_disk,1772729459.457024,7.1432,385.6962242126465
native_disk,1772729459.594152,7.1432,385.8333520889282
native_disk,1772729459.717013,7.1432,385.9562129974365
native_disk,1772729459.849612,7.1432,386.0888121128082
native_disk,1772729459.98315,7.1432,386.22235012054443
native_disk,1772729460.11397,7.1432,386.3531701564789
native_disk,1772729460.246485,7.1432,386.48568511009216
native_disk,1772729460.378339,7.1432,386.6175391674042
native_disk,1772729460.513144,7.1432,386.7523441314697
native_disk,1772729460.909874,7.1432,387.1490740776062
native_disk,1772729461.047136,7.1432,387.286336183548
native_disk,1772729461.171901,7.1432,387.411101102829
native_disk,1772729461.301183,7.1432,387.54038310050964
native_disk,1772729461.432774,7.1432,387.6719741821289
native_disk,1772729461.566969,7.1432,387.80616903305054
native_disk,1772729461.696982,7.1432,387.9361820220947
native_disk,1772729461.830476,7.1432,388.0696761608124
native_disk,1772729461.960521,7.1432,388.19972109794617
native_disk,1772729462.341925,7.1432,388.58112502098083
native_disk,1772729462.46928,7.1432,388.7084801197052
native_disk,1772729462.598339,7.1432,388.8375391960144
native_disk,1772729462.738107,7.1432,388.97730708122253
native_disk,1772729462.860924,7.1432,389.1001241207123
native_disk,1772729463.007812,7.1432,389.2470121383667
native_disk,1772729463.138785,7.1432,389.37798500061035
native_disk,1772729463.269631,7.1432,389.5088310241699
native_disk,1772729463.417994,7.1432,389.65719413757324
native_disk,1772729463.531588,7.1432,389.770788192749
native_disk,1772729463.682738,7.1432,389.92193818092346
native_disk,1772729464.020363,7.1432,390.25956320762634
native_disk,1772729464.151735,7.1432,390.3909351825714
native_disk,1772729464.282575,7.1432,390.5217750072479
native_disk,1772729464.412873,7.1432,390.6520731449127
native_disk,1772729464.560864,7.1432,390.80006408691406
native_disk,1772729464.675965,7.1432,390.91516518592834
native_disk,1772729464.826269,7.1432,391.06546902656555
native_disk,1772729464.94514,7.1432,391.1843400001526
native_disk,1772729465.099846,7.1432,391.3390460014343
native_disk,1772729465.246651,7.1432,391.4858510494232
native_disk,1772729465.599748,7.1432,391.8389480113983
native_disk,1772729465.730301,7.1432,391.96950101852417
native_disk,1772729465.861363,7.1432,392.1005630493164
native_disk,1772729465.991191,7.1432,392.2303910255432
native_disk,1772729466.129039,7.1432,392.3682391643524
native_disk,1772729466.266113,7.1432,392.5053131580353
native_disk,1772729466.396796,7.1432,392.63599610328674
native_disk,1772729466.529238,7.1432,392.7684381008148
native_disk,1772729466.669916,7.1432,392.9091160297394
native_disk,1772729466.792883,7.1432,393.0320830345154
native_disk,1772729467.197331,7.1432,393.43653106689453
native_disk,1772729467.326991,7.1432,393.56619119644165
native_disk,1772729467.456837,7.1432,393.6960370540619
native_disk,1772729467.589487,7.1432,393.8286871910095
native_disk,1772729467.721886,7.1432,393.9610860347748
native_disk,1772729467.871483,7.1432,394.11068320274353
native_disk,1772729468.004943,7.1432,394.2441430091858
native_disk,1772729468.136178,7.1432,394.37537813186646
native_disk,1772729468.26758,7.1432,394.5067801475525
native_disk,1772729468.399803,7.1432,394.6390030384064
native_disk,1772729468.815607,7.1432,395.0548071861267
native_disk,1772729468.934248,7.1432,395.1734480857849
native_disk,1772729469.064261,7.1432,395.3034610748291
native_disk,1772729469.19724,7.1432,395.4364402294159
native_disk,1772729469.326272,7.1432,395.5654721260071
native_disk,1772729469.458075,7.1432,395.69727516174316
native_disk,1772729469.588966,7.1432,395.8281660079956
native_disk,1772729469.718244,7.1432,395.957444190979
native_disk,1772729469.850632,7.1432,396.0898320674896
native_disk,1772729469.988746,7.1432,396.2279460430145
native_disk,1772729470.498786,7.1432,396.7379860877991
native_disk,1772729470.611455,7.1432,396.85065507888794
native_disk,1772729470.759235,7.1432,396.9984350204468
native_disk,1772729470.874966,7.1432,397.11416602134705
native_disk,1772729471.022465,7.1432,397.2616651058197
native_disk,1772729471.135756,7.1432,397.37495613098145
native_disk,1772729471.268886,7.1432,397.5080862045288
native_disk,1772729471.399066,7.1432,397.63826608657837
native_disk,1772729471.578842,7.1432,397.8180420398712
native_disk,1772729471.694594,7.1432,397.93379402160645
native_disk,1772729472.038365,7.1432,398.2775650024414
native_disk,1772729472.169087,7.1432,398.40828704833984
native_disk,1772729472.299803,7.1432,398.5390031337738
native_disk,1772729472.451055,7.1432,398.6902551651001
native_disk,1772729472.561391,7.1432,398.80059123039246
native_disk,1772729472.697056,7.1432,398.9362561702728
native_disk,1772729472.848784,7.1432,399.087984085083
native_disk,1772729472.962562,7.1432,399.20176219940186
native_disk,1772729473.113376,7.1432,399.35257601737976
native_disk,1772729473.257408,7.1432,399.4966080188751
native_disk,1772729473.606808,7.1432,399.84600806236267
native_disk,1772729473.737503,7.1432,399.97670316696167
native_disk,1772729473.869199,7.1432,400.10839915275574
native_disk,1772729474.001023,7.1432,400.2402231693268
native_disk,1772729474.152417,7.1432,400.39161705970764
native_disk,1772729474.281331,7.1432,400.52053117752075
native_disk,1772729474.468801,7.1432,400.7080011367798
native_disk,1772729474.571248,7.1432,400.81044816970825
native_disk,1772729474.672328,7.1432,400.91152811050415
native_disk,1772729474.808895,7.1432,401.04809522628784
native_disk,1772729475.214172,7.1432,401.45337200164795
native_disk,1772729475.349983,7.1432,401.5891830921173
native_disk,1772729475.47991,7.1432,401.71911001205444
native_disk,1772729475.613406,7.1432,401.8526060581207
native_disk,1772729475.743019,7.1432,401.98221921920776
native_disk,1772729475.876346,7.1432,402.11554622650146
native_disk,1772729476.006236,7.1432,402.24543619155884
native_disk,1772729476.137396,7.1432,402.3765962123871
native_disk,1772729476.277007,7.1432,402.51620721817017
native_disk,1772729476.407554,7.1432,402.64675402641296
native_disk,1772729476.800072,7.1432,403.03927206993103
native_disk,1772729476.923225,7.1432,403.16242504119873
native_disk,1772729477.055223,7.1432,403.2944231033325
native_disk,1772729477.188079,7.1432,403.4272792339325
native_disk,1772729477.336081,7.1432,403.5752811431885
native_disk,1772729477.450271,7.1432,403.68947100639343
native_disk,1772729477.581038,7.1432,403.8202381134033
native_disk,1772729477.710351,7.1432,403.94955110549927
native_disk,1772729477.842296,7.1432,404.0814960002899
native_disk,1772729478.007213,7.1432,404.246413230896
native_disk,1772729478.405513,7.1432,404.64471316337585
native_disk,1772729478.529172,7.1432,404.7683720588684
native_disk,1772729478.665805,7.1432,404.9050052165985
native_disk,1772729478.806436,7.1432,405.045636177063
native_disk,1772729478.921096,7.1432,405.16029620170593
native_disk,1772729479.054559,7.1432,405.2937591075897
native_disk,1772729479.184913,7.1432,405.424113035202
native_disk,1772729479.326332,7.1432,405.565532207489
native_disk,1772729479.451406,7.1432,405.69060611724854
native_disk,1772729479.632646,7.1432,405.87184619903564
native_disk,1772729479.997548,7.1432,406.2367482185364
native_disk,1772729480.125469,7.1432,406.36466908454895
native_disk,1772729480.241666,7.1432,406.48086619377136
native_disk,1772729480.372089,7.1432,406.611289024353
native_disk,1772729480.523978,7.1432,406.7631781101227
native_disk,1772729480.641763,7.1432,406.8809630870819
native_disk,1772729480.764375,7.1432,407.0035750865936
native_disk,1772729480.895729,7.1432,407.13492918014526
native_disk,1772729481.027601,7.1432,407.2668011188507
native_disk,1772729481.159391,7.1432,407.39859104156494
native_disk,1772729481.589903,7.1432,407.82910323143005
native_disk,1772729481.691012,7.1432,407.930212020874
native_disk,1772729481.793327,7.1432,408.03252720832825
native_disk,1772729481.90851,7.1432,408.14771008491516
native_disk,1772729482.041069,7.1432,408.2802691459656
native_disk,1772729482.172033,7.1432,408.4112331867218
native_disk,1772729482.323006,7.1432,408.56220602989197
native_disk,1772729482.437945,7.1432,408.67714500427246
native_disk,1772729482.569494,7.1432,408.8086941242218
native_disk,1772729482.746138,7.1432,408.98533821105957
native_disk,1772729483.101564,7.1432,409.34076404571533
native_disk,1772729483.218586,7.1432,409.45778608322144
native_disk,1772729483.351868,7.1432,409.5910680294037
native_disk,1772729483.483882,7.1432,409.7230820655823
native_disk,1772729483.615391,7.1432,409.8545911312103
native_disk,1772729483.785872,7.1432,410.0250720977783
native_disk,1772729483.902498,7.1432,410.14169812202454
native_disk,1772729484.057743,7.1432,410.2969431877136
native_disk,1772729484.188986,7.1432,410.4281861782074
native_disk,1772729484.321377,7.1432,410.56057715415955
native_disk,1772729484.723172,7.1432,410.96237206459045
native_disk,1772729484.834849,7.1432,411.07404923439026
native_disk,1772729484.98447,7.1432,411.22367000579834
native_disk,1772729485.102164,7.1432,411.34136414527893
native_disk,1772729485.234143,7.1432,411.4733431339264
native_disk,1772729485.369101,7.1432,411.6083011627197
native_disk,1772729485.501476,7.1432,411.7406761646271
native_disk,1772729485.632375,7.1432,411.8715751171112
native_disk,1772729485.76253,7.1432,412.00173020362854
native_disk,1772729485.896011,7.1432,412.13521122932434
native_disk,1772729486.338478,7.1432,412.57767820358276
native_disk,1772729486.471128,7.1432,412.7103281021118
native_disk,1772729486.606274,7.1432,412.8454740047455
native_disk,1772729486.73637,7.1432,412.9755702018738
native_disk,1772729486.869356,7.1432,413.1085560321808
native_disk,1772729486.999648,7.1432,413.2388482093811
native_disk,1772729487.141077,7.1432,413.38027715682983
native_disk,1772729487.272883,7.1432,413.51208305358887
native_disk,1772729487.404173,7.1432,413.6433730125427
native_disk,1772729487.795545,7.1432,414.03474521636963
native_disk,1772729487.911418,7.1432,414.15061807632446
native_disk,1772729488.045606,7.1432,414.2848060131073
native_disk,1772729488.19498,7.1432,414.434180021286
native_disk,1772729488.326679,7.1432,414.5658791065216
native_disk,1772729488.458799,7.1432,414.6979990005493
native_disk,1772729488.602542,7.1432,414.8417420387268
native_disk,1772729488.736718,7.1432,414.9759180545807
native_disk,1772729488.874597,7.1432,415.1137971878052
native_disk,1772729489.001413,7.1432,415.2406132221222
native_disk,1772729489.39287,7.1432,415.6320700645447
native_disk,1772729489.511714,7.1432,415.7509140968323
native_disk,1772729489.645107,7.1432,415.8843071460724
native_disk,1772729489.774734,7.1432,416.013934135437
native_disk,1772729489.906886,7.1432,416.1460862159729
native_disk,1772729490.039031,7.1432,416.2782311439514
native_disk,1772729490.192951,7.1432,416.43215107917786
native_disk,1772729490.309752,7.1432,416.54895210266113
native_disk,1772729490.469011,7.1432,416.708211183548
native_disk,1772729490.600332,7.1432,416.8395321369171
native_disk,1772729490.953757,7.1432,417.19295716285706
native_disk,1772729491.088027,7.1432,417.3272271156311
native_disk,1772729491.220407,7.1432,417.4596071243286
native_disk,1772729491.350404,7.1432,417.589604139328
native_disk,1772729491.495936,7.1432,417.7351360321045
native_disk,1772729491.630338,7.1432,417.86953806877136
native_disk,1772729491.766509,7.1432,418.00570917129517
native_disk,1772729491.899268,7.1432,418.13846802711487
native_disk,1772729492.032003,7.1432,418.27120304107666
native_disk,1772729492.419724,7.1432,418.6589241027832
native_disk,1772729492.538169,7.1432,418.7773690223694
native_disk,1772729492.670086,7.1432,418.9092860221863
native_disk,1772729492.80195,7.1432,419.0411500930786
native_disk,1772729492.935477,7.1432,419.1746771335602
native_disk,1772729493.067824,7.1432,419.3070240020752
native_disk,1772729493.199687,7.1432,419.4388871192932
native_disk,1772729493.383485,7.1432,419.6226851940155
native_disk,1772729493.484516,7.1432,419.7237160205841
native_disk,1772729493.625554,7.1432,419.8647541999817
native_disk,1772729494.05857,7.1432,420.29777002334595
native_disk,1772729494.159473,7.1432,420.39867305755615
native_disk,1772729494.268482,7.1432,420.50768208503723
native_disk,1772729494.421906,7.1432,420.66110610961914
native_disk,1772729494.533863,7.1432,420.7730631828308
native_disk,1772729494.665886,7.1432,420.9050860404968
native_disk,1772729494.853841,7.1432,421.09304118156433
native_disk,1772729494.955733,7.1432,421.19493317604065
native_disk,1772729495.087291,7.1432,421.3264911174774
native_disk,1772729495.224731,7.1432,421.4639310836792
native_disk,1772729495.643129,7.1432,421.88232922554016
native_disk,1772729495.751631,7.1432,421.9908311367035
native_disk,1772729495.872452,7.1432,422.111652135849
native_disk,1772729496.003526,7.1432,422.2427260875702
native_disk,1772729496.134349,7.1432,422.37354922294617
native_disk,1772729496.286275,7.1432,422.525475025177
native_disk,1772729496.417572,7.1432,422.65677213668823
native_disk,1772729496.579426,7.1432,422.81862616539
native_disk,1772729496.695672,7.1432,422.93487215042114
native_disk,1772729497.052343,7.1432,423.291543006897
native_disk,1772729497.196384,7.1432,423.43558406829834
native_disk,1772729497.327033,7.1432,423.5662331581116
native_disk,1772729497.459052,7.1432,423.6982522010803
native_disk,1772729497.591671,7.1432,423.8308711051941
native_disk,1772729497.72303,7.1432,423.9622302055359
native_disk,1772729497.855697,7.1432,424.09489703178406
native_disk,1772729498.006545,7.1432,424.24574518203735
native_disk,1772729498.121395,7.1432,424.36059522628784
native_disk,1772729498.577185,7.1432,424.81638503074646
native_disk,1772729498.719109,7.1432,424.958309173584
native_disk,1772729498.846081,7.1432,425.08528113365173
native_disk,1772729498.97725,7.1432,425.216450214386
native_disk,1772729499.110782,7.1432,425.34998202323914
native_disk,1772729499.245581,7.1432,425.4847810268402
native_disk,1772729499.3789,7.1432,425.6181001663208
native_disk,1772729499.513262,7.1432,425.7524621486664
native_disk,1772729499.66542,7.1432,425.90462017059326
native_disk,1772729500.100999,7.1432,426.34019923210144
native_disk,1772729500.215434,7.1432,426.4546341896057
native_disk,1772729500.349042,7.1432,426.5882420539856
native_disk,1772729500.486737,7.1432,426.725937128067
native_disk,1772729500.619855,7.1432,426.85905504226685
native_disk,1772729500.767706,7.1432,427.00690603256226
native_disk,1772729500.899931,7.1432,427.13913106918335
native_disk,1772729501.031893,7.1432,427.2710931301117
native_disk,1772729501.166038,7.1432,427.4052381515503
native_disk,1772729501.296831,7.1432,427.5360310077667
native_disk,1772729501.7434,7.1432,427.98260021209717
native_disk,1772729501.844171,7.1432,428.08337116241455
native_disk,1772729501.976134,7.1432,428.2153341770172
native_disk,1772729502.110528,7.1432,428.3497281074524
native_disk,1772729502.24605,7.1432,428.4852499961853
native_disk,1772729502.374919,7.1432,428.61411905288696
native_disk,1772729502.508417,7.1432,428.7476170063019
native_disk,1772729502.678195,7.1432,428.9173951148987
native_disk,1772729502.809035,7.1432,429.0482351779938
native_disk,1772729503.164031,7.1432,429.4032311439514
native_disk,1772729503.301098,7.1432,429.5402982234955
native_disk,1772729503.434232,7.1432,429.6734321117401
native_disk,1772729503.567098,7.1432,429.80629801750183
native_disk,1772729503.715674,7.1432,429.9548740386963
native_disk,1772729503.867318,7.1432,430.1065180301666
native_disk,1772729504.000259,7.1432,430.23945903778076
native_disk,1772729504.138435,7.1432,430.37763500213623
native_disk,1772729504.271567,7.1432,430.5107672214508
native_disk,1772729504.403797,7.1432,430.6429970264435
native_disk,1772729504.857732,7.1432,431.09693217277527
native_disk,1772729504.964858,7.1432,431.2040581703186
native_disk,1772729505.0804,7.1432,431.31960010528564
native_disk,1772729505.211708,7.1432,431.4509081840515
native_disk,1772729505.344337,7.1432,431.5835371017456
native_disk,1772729505.47682,7.1432,431.7160201072693
native_disk,1772729505.60953,7.1432,431.8487300872803
native_disk,1772729505.743827,7.1432,431.98302721977234
native_disk,1772729505.87642,7.1432,432.115620136261
native_disk,1772729506.377695,7.1432,432.616895198822
native_disk,1772729506.479073,7.1432,432.7182731628418
native_disk,1772729506.584624,7.1432,432.8238241672516
native_disk,1772729506.712621,7.1432,432.9518210887909
native_disk,1772729506.878388,7.1432,433.1175880432129
native_disk,1772729506.98041,7.1432,433.2196102142334
native_disk,1772729507.113145,7.1432,433.3523452281952
native_disk,1772729507.249114,7.1432,433.4883141517639
native_disk,1772729507.380645,7.1432,433.61984515190125
native_disk,1772729507.886375,7.1432,434.1255750656128
native_disk,1772729507.995754,7.1432,434.23495411872864
native_disk,1772729508.112444,7.1432,434.35164403915405
native_disk,1772729508.244858,7.1432,434.4840581417084
native_disk,1772729508.379197,7.1432,434.6183969974518
native_disk,1772729508.512834,7.1432,434.7520341873169
native_disk,1772729508.644638,7.1432,434.8838381767273
native_disk,1772729508.802914,7.1432,435.0421140193939
native_disk,1772729508.914557,7.1432,435.1537570953369
native_disk,1772729509.355166,7.1432,435.5943660736084
native_disk,1772729509.475086,7.1432,435.7142860889435
native_disk,1772729509.606158,7.1432,435.84535813331604
native_disk,1772729509.738211,7.1432,435.977411031723
native_disk,1772729509.872522,7.1432,436.11172223091125
native_disk,1772729510.005529,7.1432,436.2447290420532
native_disk,1772729510.138003,7.1432,436.3772032260895
native_disk,1772729510.2899,7.1432,436.52910017967224
native_disk,1772729510.470473,7.1432,436.709673166275
native_disk,1772729510.577371,7.1432,436.81657099723816
native_disk,1772729510.955487,7.1432,437.194687128067
native_disk,1772729511.069088,7.1432,437.3082880973816
native_disk,1772729511.20028,7.1432,437.43948006629944
native_disk,1772729511.333265,7.1432,437.5724651813507
native_disk,1772729511.465049,7.1432,437.70424914360046
native_disk,1772729511.599082,7.1432,437.8382821083069
native_disk,1772729511.766908,7.1432,438.006108045578
native_disk,1772729511.929799,7.1432,438.1689991950989
native_disk,1772729512.079391,7.1432,438.3185911178589
native_disk,1772729512.461115,7.1432,438.7003149986267
native_disk,1772729512.568912,7.1432,438.8081121444702
native_disk,1772729512.700535,7.1432,438.9397351741791
native_disk,1772729512.833216,7.1432,439.0724160671234
native_disk,1772729512.969218,7.1432,439.20841813087463
native_disk,1772729513.103188,7.1432,439.3423881530762
native_disk,1772729513.252143,7.1432,439.4913430213928
native_disk,1772729513.368397,7.1432,439.60759711265564
native_disk,1772729513.502943,7.1432,439.7421431541443
native_disk,1772729513.994824,7.1432,440.23402404785156
native_disk,1772729514.128731,7.1432,440.3679311275482
native_disk,1772729514.279618,7.1432,440.5188181400299
native_disk,1772729514.397455,7.1432,440.6366550922394
native_disk,1772729514.530366,7.1432,440.76956605911255
native_disk,1772729514.664901,7.1432,440.90410113334656
native_disk,1772729514.796484,7.1432,441.03568410873413
native_disk,1772729514.928777,7.1432,441.16797709465027
native_disk,1772729515.083755,7.1432,441.32295513153076
native_disk,1772729515.488661,7.1432,441.72786116600037
native_disk,1772729515.621798,7.1432,441.8609981536865
native_disk,1772729515.755272,7.1432,441.99447202682495
native_disk,1772729515.892675,7.1432,442.131875038147
native_disk,1772729516.023756,7.1432,442.26295614242554
native_disk,1772729516.156681,7.1432,442.3958811759949
native_disk,1772729516.29014,7.1432,442.5293400287628
native_disk,1772729516.426147,7.1432,442.6653470993042
native_disk,1772729516.56391,7.1432,442.80311012268066
native_disk,1772729516.715157,7.1432,442.9543571472168
native_disk,1772729517.112384,7.1432,443.3515841960907
native_disk,1772729517.217882,7.1432,443.45708203315735
native_disk,1772729517.351827,7.1432,443.5910270214081
native_disk,1772729517.486598,7.1432,443.7257981300354
native_disk,1772729517.618942,7.1432,443.85814213752747
native_disk,1772729517.751735,7.1432,443.990935087204
native_disk,1772729517.888645,7.1432,444.1278450489044
native_disk,1772729518.021955,7.1432,444.261155128479
native_disk,1772729518.15475,7.1432,444.39395022392273
native_disk,1772729518.579043,7.1432,444.8182430267334
native_disk,1772729518.690266,7.1432,444.92946600914
native_disk,1772729518.806933,7.1432,445.04613304138184
native_disk,1772729518.941066,7.1432,445.1802661418915
native_disk,1772729519.072872,7.1432,445.3120720386505
native_disk,1772729519.224677,7.1432,445.4638772010803
native_disk,1772729519.352591,7.1432,445.5917911529541
native_disk,1772729519.498139,7.1432,445.7373390197754
native_disk,1772729519.97234,7.1432,446.21154022216797
native_disk,1772729520.079316,7.1432,446.31851601600647
native_disk,1772729520.202469,7.1432,446.44166922569275
native_disk,1772729520.329512,7.1432,446.5687119960785
native_disk,1772729520.462423,7.1432,446.70162320137024
native_disk,1772729520.594865,7.1432,446.8340651988983
native_disk,1772729520.73389,7.1432,446.97309017181396
native_disk,1772729520.871677,7.1432,447.11087703704834
native_disk,1772729521.040725,7.1432,447.27992510795593
native_disk,1772729521.467688,7.1432,447.70688819885254
native_disk,1772729521.588768,7.1432,447.82796812057495
native_disk,1772729521.720603,7.1432,447.95980310440063
native_disk,1772729521.855482,7.1432,448.0946822166443
native_disk,1772729521.989078,7.1432,448.2282781600952
native_disk,1772729522.120986,7.1432,448.3601861000061
native_disk,1772729522.251543,7.1432,448.4907431602478
native_disk,1772729522.395907,7.1432,448.6351070404053
native_disk,1772729522.528886,7.1432,448.76808619499207
native_disk,1772729522.679885,7.1432,448.91908502578735
native_disk,1772729523.087886,7.1432,449.32708621025085
native_disk,1772729523.22272,7.1432,449.4619200229645
native_disk,1772729523.355292,7.1432,449.59449219703674
native_disk,1772729523.489255,7.1432,449.7284550666809
native_disk,1772729523.624259,7.1432,449.86345911026
native_disk,1772729523.755476,7.1432,449.99467611312866
native_disk,1772729523.889282,7.1432,450.1284821033478
native_disk,1772729524.039981,7.1432,450.27918100357056
native_disk,1772729524.159125,7.1432,450.39832520484924
native_disk,1772729524.622224,7.1432,450.8614242076874
native_disk,1772729524.758843,7.1432,450.99804306030273
native_disk,1772729524.873869,7.1432,451.1130690574646
native_disk,1772729525.005992,7.1432,451.24519205093384
native_disk,1772729525.141078,7.1432,451.38027811050415
native_disk,1772729525.273533,7.1432,451.5127332210541
native_disk,1772729525.413572,7.1432,451.65277218818665
native_disk,1772729525.547039,7.1432,451.7862391471863
native_disk,1772729525.680584,7.1432,451.9197840690613
native_disk,1772729525.828043,7.1432,452.06724309921265
native_disk,1772729526.22951,7.1432,452.4687101840973
native_disk,1772729526.33712,7.1432,452.5763201713562
native_disk,1772729526.4708,7.1432,452.710000038147
native_disk,1772729526.602273,7.1432,452.8414731025696
native_disk,1772729526.738011,7.1432,452.97721099853516
native_disk,1772729526.873517,7.1432,453.11271715164185
native_disk,1772729527.00841,7.1432,453.2476100921631
native_disk,1772729527.1902,7.1432,453.4294002056122
native_disk,1772729527.323537,7.1432,453.5627372264862
native_disk,1772729527.730812,7.1432,453.97001218795776
native_disk,1772729527.86552,7.1432,454.1047201156616
native_disk,1772729527.99843,7.1432,454.2376301288605
native_disk,1772729528.13193,7.1432,454.3711302280426
native_disk,1772729528.266913,7.1432,454.50611305236816
native_disk,1772729528.405399,7.1432,454.64459919929504
native_disk,1772729528.539104,7.1432,454.7783041000366
native_disk,1772729528.686445,7.1432,454.92564511299133
native_disk,1772729528.833786,7.1432,455.07298612594604
native_disk,1772729529.198447,7.1432,455.4376471042633
native_disk,1772729529.331872,7.1432,455.571072101593
native_disk,1772729529.483696,7.1432,455.7228960990906
native_disk,1772729529.620048,7.1432,455.8592481613159
native_disk,1772729529.75727,7.1432,455.9964702129364
native_disk,1772729529.890517,7.1432,456.1297171115875
native_disk,1772729530.031053,7.1432,456.2702531814575
native_disk,1772729530.164989,7.1432,456.40418910980225
native_disk,1772729530.30011,7.1432,456.5393102169037
native_disk,1772729530.72713,7.1432,456.9663300514221
native_disk,1772729530.833289,7.1432,457.0724890232086
native_disk,1772729530.966006,7.1432,457.205206155777
native_disk,1772729531.100095,7.1432,457.3392951488495
native_disk,1772729531.266777,7.1432,457.5059771537781
native_disk,1772729531.398908,7.1432,457.6381080150604
native_disk,1772729531.535796,7.1432,457.7749960422516
native_disk,1772729531.668428,7.1432,457.9076280593872
native_disk,1772729531.810463,7.1432,458.049663066864
native_disk,1772729532.199847,7.1432,458.4390470981598
native_disk,1772729532.337141,7.1432,458.57634115219116
native_disk,1772729532.492079,7.1432,458.73127913475037
native_disk,1772729532.632534,7.1432,458.87173414230347
native_disk,1772729532.769012,7.1432,459.0082120895386
native_disk,1772729532.901024,7.1432,459.14022421836853
native_disk,1772729533.037292,7.1432,459.27649211883545
native_disk,1772729533.17084,7.1432,459.410040140152
native_disk,1772729533.616494,7.1432,459.85569405555725
native_disk,1772729533.724257,7.1432,459.96345710754395
native_disk,1772729533.850883,7.1432,460.0900831222534
native_disk,1772729533.984906,7.1432,460.2241060733795
native_disk,1772729534.136589,7.1432,460.3757891654968
native_disk,1772729534.254615,7.1432,460.4938151836395
native_disk,1772729534.390225,7.1432,460.6294250488281
native_disk,1772729534.536523,7.1432,460.77572321891785
native_disk,1772729534.686935,7.1432,460.9261350631714
native_disk,1772729535.356096,7.1432,461.5952961444855
native_disk,1772729535.494044,7.1432,461.7332441806793
native_disk,1772729535.630481,7.1432,461.8696811199188
native_disk,1772729535.77053,7.1432,462.0097301006317
native_disk,1772729535.922748,7.1432,462.1619482040405
native_disk,1772729536.063536,7.1432,462.30273604393005
native_disk,1772729536.185889,7.1432,462.42508912086487
native_disk,1772729536.321638,7.1432,462.56083822250366
native_disk,1772729536.732255,7.1432,462.9714550971985
native_disk,1772729536.83811,7.1432,463.07731008529663
native_disk,1772729536.991444,7.1432,463.2306442260742
native_disk,1772729537.106225,7.1432,463.34542512893677
native_disk,1772729537.257477,7.1432,463.49667716026306
native_disk,1772729537.401632,7.1432,463.64083218574524
native_disk,1772729537.536049,7.1432,463.775249004364
native_disk,1772729537.670508,7.1432,463.9097080230713
native_disk,1772729537.80392,7.1432,464.04312014579773
native_disk,1772729538.18761,7.1432,464.4268100261688
native_disk,1772729538.326576,7.1432,464.56577610969543
native_disk,1772729538.462633,7.1432,464.70183300971985
native_disk,1772729538.596498,7.1432,464.8356981277466
native_disk,1772729538.731663,7.1432,464.9708631038666
native_disk,1772729538.866695,7.1432,465.10589504241943
native_disk,1772729539.000999,7.1432,465.2401990890503
native_disk,1772729539.13625,7.1432,465.37545013427734
native_disk,1772729539.269133,7.1432,465.50833320617676
native_disk,1772729539.727984,7.1432,465.96718406677246
native_disk,1772729539.828377,7.1432,466.06757712364197
native_disk,1772729539.935252,7.1432,466.1744520664215
native_disk,1772729540.055426,7.1432,466.29462599754333
native_disk,1772729540.189063,7.1432,466.42826318740845
native_disk,1772729540.338948,7.1432,466.5781481266022
native_disk,1772729540.456942,7.1432,466.6961421966553
native_disk,1772729540.596078,7.1432,466.8352780342102
native_disk,1772729540.730615,7.1432,466.96981501579285
native_disk,1772729541.281239,7.1432,467.5204391479492
native_disk,1772729541.382376,7.1432,467.6215760707855
native_disk,1772729541.482916,7.1432,467.72211623191833
native_disk,1772729541.621064,7.1432,467.86026406288147
native_disk,1772729541.75546,7.1432,467.99466013908386
native_disk,1772729541.888021,7.1432,468.1272211074829
native_disk,1772729542.022043,7.1432,468.2612431049347
native_disk,1772729542.156739,7.1432,468.3959391117096
native_disk,1772729542.307352,7.1432,468.5465521812439
native_disk,1772729542.806473,7.1432,469.04567313194275
native_disk,1772729542.906754,7.1432,469.1459541320801
native_disk,1772729543.036123,7.1432,469.2753231525421
native_disk,1772729543.153003,7.1432,469.3922030925751
native_disk,1772729543.288398,7.1432,469.5275981426239
native_disk,1772729543.42196,7.1432,469.6611602306366
native_disk,1772729543.581699,7.1432,469.8208990097046
native_disk,1772729543.729816,7.1432,469.9690160751343
native_disk,1772729543.883876,7.1432,470.12307620048523
native_disk,1772729544.246619,7.1432,470.4858191013336
native_disk,1772729544.380687,7.1432,470.61988711357117
native_disk,1772729544.515217,7.1432,470.754417181015
native_disk,1772729544.653436,7.1432,470.8926360607147
native_disk,1772729544.787911,7.1432,471.0271110534668
native_disk,1772729544.941209,7.1432,471.18040919303894
native_disk,1772729545.108701,7.1432,471.34790110588074
native_disk,1772729545.227916,7.1432,471.4671161174774
native_disk,1772729545.363092,7.1432,471.60229206085205
native_disk,1772729545.751235,7.1432,471.9904351234436
native_disk,1772729545.902369,7.1432,472.14156913757324
native_disk,1772729546.019348,7.1432,472.2585480213165
native_disk,1772729546.154964,7.1432,472.3941640853882
native_disk,1772729546.287668,7.1432,472.5268681049347
native_disk,1772729546.437979,7.1432,472.6771790981293
native_disk,1772729546.572364,7.1432,472.811564207077
native_disk,1772729546.706322,7.1432,472.94552206993103
native_disk,1772729547.121984,7.1432,473.3611841201782
native_disk,1772729547.227867,7.1432,473.4670670032501
native_disk,1772729547.34748,7.1432,473.5866801738739
native_disk,1772729547.482628,7.1432,473.7218282222748
native_disk,1772729547.618551,7.1432,473.85775113105774
native_disk,1772729547.751122,7.1432,473.9903221130371
native_disk,1772729547.889562,7.1432,474.12876200675964
native_disk,1772729548.040929,7.1432,474.28012919425964
native_disk,1772729548.19264,7.1432,474.4318401813507
native_disk,1772729548.564807,7.1432,474.80400705337524
native_disk,1772729548.68561,7.1432,474.9248101711273
native_disk,1772729548.818895,7.1432,475.0580952167511
native_disk,1772729548.953125,7.1432,475.19232511520386
native_disk,1772729549.086737,7.1432,475.3259370326996
native_disk,1772729549.221045,7.1432,475.4602451324463
native_disk,1772729549.356615,7.1432,475.5958151817322
native_disk,1772729549.491453,7.1432,475.73065304756165
native_disk,1772729549.938806,7.1432,476.1780061721802
native_disk,1772729550.061022,7.1432,476.300222158432
native_disk,1772729550.196316,7.1432,476.4355161190033
native_disk,1772729550.348369,7.1432,476.5875689983368
native_disk,1772729550.466182,7.1432,476.70538210868835
native_disk,1772729550.612907,7.1432,476.85210704803467
native_disk,1772729550.746992,7.1432,476.9861922264099
native_disk,1772729550.881591,7.1432,477.1207911968231
native_disk,1772729551.016189,7.1432,477.255389213562
native_disk,1772729551.151496,7.1432,477.3906960487366
native_disk,1772729551.613675,7.1432,477.85287523269653
native_disk,1772729551.72125,7.1432,477.9604501724243
native_disk,1772729551.841519,7.1432,478.0807192325592
native_disk,1772729551.973235,7.1432,478.21243500709534
native_disk,1772729552.122706,7.1432,478.36190605163574
native_disk,1772729552.256923,7.1432,478.49612307548523
native_disk,1772729552.391525,7.1432,478.63072514533997
native_disk,1772729552.546539,7.1432,478.7857391834259
native_disk,1772729552.944164,7.1432,479.1833641529083
native_disk,1772729553.080395,7.1432,479.3195950984955
native_disk,1772729553.21774,7.1432,479.4569401741028
native_disk,1772729553.351812,7.1432,479.5910120010376
native_disk,1772729553.487336,7.1432,479.7265360355377
native_disk,1772729553.621397,7.1432,479.8605971336365
native_disk,1772729553.774426,7.1432,480.0136260986328
native_disk,1772729553.895038,7.1432,480.13423800468445
native_disk,1772729554.043293,7.1432,480.28249311447144
native_disk,1772729554.451012,7.1432,480.6902120113373
native_disk,1772729554.603636,7.1432,480.8428361415863
native_disk,1772729554.725759,7.1432,480.9649591445923
native_disk,1772729554.858894,7.1432,481.0980942249298
native_disk,1772729555.011151,7.1432,481.250351190567
native_disk,1772729555.144295,7.1432,481.38349509239197
native_disk,1772729555.279217,7.1432,481.51841711997986
native_disk,1772729555.431196,7.1432,481.67039608955383
native_disk,1772729555.852922,7.1432,482.0921220779419
native_disk,1772729555.963406,7.1432,482.2026062011719
native_disk,1772729556.081352,7.1432,482.320552110672
native_disk,1772729556.233068,7.1432,482.4722681045532
native_disk,1772729556.366456,7.1432,482.6056561470032
native_disk,1772729556.506818,7.1432,482.7460181713104
native_disk,1772729556.638105,7.1432,482.87730503082275
native_disk,1772729556.790361,7.1432,483.02956104278564
native_disk,1772729556.908686,7.1432,483.14788603782654
native_disk,1772729557.363807,7.1432,483.6030070781708
native_disk,1772729557.466744,7.1432,483.7059440612793
native_disk,1772729557.605012,7.1432,483.8442120552063
native_disk,1772729557.737421,7.1432,483.97662115097046
native_disk,1772729557.873744,7.1432,484.11294412612915
native_disk,1772729558.010056,7.1432,484.2492561340332
native_disk,1772729558.161269,7.1432,484.4004690647125
native_disk,1772729558.279405,7.1432,484.51860523223877
native_disk,1772729558.720141,7.1432,484.95934104919434
native_disk,1772729558.824965,7.1432,485.06416511535645
native_disk,1772729558.941637,7.1432,485.1808371543884
native_disk,1772729559.077709,7.1432,485.3169090747833
native_disk,1772729559.227724,7.1432,485.46692419052124
native_disk,1772729559.348668,7.1432,485.58786821365356
native_disk,1772729559.500753,7.1432,485.73995304107666
native_disk,1772729559.649021,7.1432,485.8882210254669
native_disk,1772729559.784168,7.1432,486.0233681201935
native_disk,1772729560.159704,7.1432,486.3989040851593
native_disk,1772729560.278805,7.1432,486.51800513267517
native_disk,1772729560.416716,7.1432,486.65591621398926
native_disk,1772729560.551283,7.1432,486.7904829978943
native_disk,1772729560.685781,7.1432,486.92498111724854
native_disk,1772729560.821223,7.1432,487.06042313575745
native_disk,1772729560.957921,7.1432,487.19712114334106
native_disk,1772729561.094187,7.1432,487.33338713645935
native_disk,1772729561.227893,7.1432,487.4670932292938
native_disk,1772729561.896975,7.1432,488.13617515563965
native_disk,1772729561.997231,7.1432,488.2364311218262
native_disk,1772729562.113884,7.1432,488.3530840873718
native_disk,1772729562.250125,7.1432,488.4893250465393
native_disk,1772729562.385231,7.1432,488.62443113327026
native_disk,1772729562.520014,7.1432,488.75921416282654
native_disk,1772729562.656781,7.1432,488.8959810733795
native_disk,1772729562.79148,7.1432,489.03068017959595
native_disk,1772729563.428074,7.1432,489.6672739982605
native_disk,1772729563.538057,7.1432,489.7772572040558
native_disk,1772729563.656911,7.1432,489.8961110115051
native_disk,1772729563.793918,7.1432,490.03311800956726
native_disk,1772729563.93188,7.1432,490.1710801124573
native_disk,1772729564.073338,7.1432,490.31253814697266
native_disk,1772729564.208204,7.1432,490.44740414619446
native_disk,1772729564.383105,7.1432,490.6223051548004
native_disk,1772729564.507041,7.1432,490.7462410926819
native_disk,1772729564.941896,7.1432,491.18109607696533
native_disk,1772729565.056947,7.1432,491.296147108078
native_disk,1772729565.175459,7.1432,491.4146590232849
native_disk,1772729565.311348,7.1432,491.55054807662964
native_disk,1772729565.448901,7.1432,491.6881010532379
native_disk,1772729565.601829,7.1432,491.8410291671753
native_disk,1772729565.765863,7.1432,492.0050630569458
native_disk,1772729565.904263,7.1432,492.1434631347656
native_disk,1772729566.291161,7.1432,492.5303611755371
native_disk,1772729566.417045,7.1432,492.6562452316284
native_disk,1772729566.560139,7.1432,492.799339056015
native_disk,1772729566.684547,7.1432,492.9237470626831
native_disk,1772729566.821378,7.1432,493.06057810783386
native_disk,1772729566.956654,7.1432,493.1958541870117
native_disk,1772729567.091612,7.1432,493.33081221580505
native_disk,1772729567.236702,7.1432,493.4759020805359
native_disk,1772729567.387776,7.1432,493.6269760131836
native_disk,1772729567.824646,7.1432,494.0638461112976
native_disk,1772729567.935041,7.1432,494.174241065979
native_disk,1772729568.050642,7.1432,494.28984212875366
native_disk,1772729568.187151,7.1432,494.42635107040405
native_disk,1772729568.322047,7.1432,494.5612471103668
native_disk,1772729568.506613,7.1432,494.7458131313324
native_disk,1772729568.619738,7.1432,494.8589382171631
native_disk,1772729568.739414,7.1432,494.97861409187317
native_disk,1772729569.118976,7.1432,495.3581762313843
native_disk,1772729569.248686,7.1432,495.48788619041443
native_disk,1772729569.385599,7.1432,495.6247990131378
native_disk,1772729569.521939,7.1432,495.7611391544342
native_disk,1772729569.655284,7.1432,495.89448404312134
native_disk,1772729569.790874,7.1432,496.03007411956787
native_disk,1772729569.930143,7.1432,496.1693432331085
native_disk,1772729570.080531,7.1432,496.31973099708557
native_disk,1772729570.200346,7.1432,496.43954610824585
native_disk,1772729570.587898,7.1432,496.8270981311798
native_disk,1772729570.726212,7.1432,496.9654121398926
native_disk,1772729570.860982,7.1432,497.100182056427
native_disk,1772729571.001754,7.1432,497.2409541606903
native_disk,1772729571.134784,7.1432,497.37398409843445
native_disk,1772729571.293019,7.1432,497.53221917152405
native_disk,1772729571.416096,7.1432,497.655296087265
native_disk,1772729571.550261,7.1432,497.78946113586426
native_disk,1772729571.981289,7.1432,498.22048902511597
native_disk,1772729572.085737,7.1432,498.32493710517883
native_disk,1772729572.221307,7.1432,498.4605071544647
native_disk,1772729572.35661,7.1432,498.595810174942
native_disk,1772729572.492418,7.1432,498.73161816596985
native_disk,1772729572.627155,7.1432,498.86635518074036
native_disk,1772729572.765474,7.1432,499.0046741962433
native_disk,1772729572.903359,7.1432,499.1425590515137
native_disk,1772729573.039457,7.1432,499.27865719795227
native_disk,1772729573.492024,7.1432,499.7312240600586
native_disk,1772729573.633941,7.1432,499.87314105033875
native_disk,1772729573.768957,7.1432,500.0081570148468
native_disk,1772729573.903769,7.1432,500.1429691314697
native_disk,1772729574.040624,7.1432,500.2798240184784
native_disk,1772729574.175821,7.1432,500.41502118110657
native_disk,1772729574.32145,7.1432,500.56065011024475
native_disk,1772729574.461194,7.1432,500.70039415359497
native_disk,1772729574.596684,7.1432,500.8358840942383
native_disk,1772729574.981549,7.1432,501.22074913978577
native_disk,1772729575.116278,7.1432,501.3554780483246
native_disk,1772729575.259109,7.1432,501.498309135437
native_disk,1772729575.39512,7.1432,501.63432002067566
native_disk,1772729575.534245,7.1432,501.77344512939453
native_disk,1772729575.688046,7.1432,501.92724609375
native_disk,1772729575.824795,7.1432,502.06399512290955
native_disk,1772729575.958934,7.1432,502.19813418388367
native_disk,1772729576.368337,7.1432,502.6075370311737
native_disk,1772729576.48913,7.1432,502.72833013534546
native_disk,1772729576.644363,7.1432,502.883563041687
native_disk,1772729576.787892,7.1432,503.02709221839905
native_disk,1772729576.945569,7.1432,503.18476915359497
native_disk,1772729577.083553,7.1432,503.32275319099426
native_disk,1772729577.235214,7.1432,503.4744141101837
native_disk,1772729577.355531,7.1432,503.594731092453
native_disk,1772729577.778661,7.1432,504.0178611278534
native_disk,1772729577.899488,7.1432,504.1386880874634
native_disk,1772729578.033743,7.1432,504.27294301986694
native_disk,1772729578.170655,7.1432,504.4098551273346
native_disk,1772729578.306023,7.1432,504.5452229976654
native_disk,1772729578.447296,7.1432,504.6864960193634
native_disk,1772729578.583629,7.1432,504.8228290081024
native_disk,1772729578.719677,7.1432,504.9588770866394
native_disk,1772729578.85251,7.1432,505.0917100906372
native_disk,1772729579.253289,7.1432,505.49248909950256
native_disk,1772729579.405562,7.1432,505.64476203918457
native_disk,1772729579.523668,7.1432,505.76286816596985
native_disk,1772729579.657933,7.1432,505.89713311195374
native_disk,1772729579.794146,7.1432,506.03334617614746
native_disk,1772729579.935093,7.1432,506.17429304122925
native_disk,1772729580.071738,7.1432,506.3109381198883
native_disk,1772729580.212703,7.1432,506.4519031047821
native_disk,1772729580.598255,7.1432,506.837455034256
native_disk,1772729580.736344,7.1432,506.97554421424866
native_disk,1772729580.8712,7.1432,507.11040019989014
native_disk,1772729581.007121,7.1432,507.24632120132446
native_disk,1772729581.141701,7.1432,507.38090109825134
native_disk,1772729581.278688,7.1432,507.51788806915283
native_disk,1772729581.416331,7.1432,507.655531167984
native_disk,1772729581.55236,7.1432,507.79156017303467
native_disk,1772729581.686456,7.1432,507.925656080246
native_disk,1772729582.145077,7.1432,508.3842771053314
native_disk,1772729582.27436,7.1432,508.5135600566864
native_disk,1772729582.411048,7.1432,508.6502480506897
native_disk,1772729582.546809,7.1432,508.78600907325745
native_disk,1772729582.684365,7.1432,508.92356514930725
native_disk,1772729582.824698,7.1432,509.06389808654785
native_disk,1772729583.059454,7.1432,509.29865407943726
native_disk,1772729583.387336,7.1432,509.62653613090515
native_disk,1772729583.524092,7.1432,509.7632920742035
native_disk,1772729583.662978,7.1432,509.9021780490875
native_disk,1772729583.798355,7.1432,510.0375552177429
native_disk,1772729583.936632,7.1432,510.17583203315735
native_disk,1772729584.073019,7.1432,510.3122191429138
native_disk,1772729584.209719,7.1432,510.44891905784607
native_disk,1772729584.345828,7.1432,510.5850281715393
native_disk,1772729584.481975,7.1432,510.7211751937866
native_disk,1772729584.884839,7.1432,511.1240391731262
native_disk,1772729585.014344,7.1432,511.25354409217834
native_disk,1772729585.15133,7.1432,511.3905301094055
native_disk,1772729585.285975,7.1432,511.5251750946045
native_disk,1772729585.422103,7.1432,511.6613030433655
native_disk,1772729585.573503,7.1432,511.8127031326294
native_disk,1772729585.690956,7.1432,511.9301562309265
native_disk,1772729585.877355,7.1432,512.1165552139282
native_disk,1772729586.247352,7.1432,512.4865520000458
native_disk,1772729586.402264,7.1432,512.6414642333984
native_disk,1772729586.521896,7.1432,512.7610960006714
native_disk,1772729586.657451,7.1432,512.8966510295868
native_disk,1772729586.799894,7.1432,513.039094209671
native_disk,1772729586.939793,7.1432,513.1789932250977
native_disk,1772729587.091283,7.1432,513.3304831981659
native_disk,1772729587.227767,7.1432,513.4669671058655
native_disk,1772729587.657727,7.1432,513.8969271183014
native_disk,1772729587.796799,7.1432,514.0359990596771
native_disk,1772729587.934657,7.1432,514.1738572120667
native_disk,1772729588.071483,7.1432,514.3106830120087
native_disk,1772729588.206645,7.1432,514.4458451271057
native_disk,1772729588.343282,7.1432,514.5824820995331
native_disk,1772729588.479002,7.1432,514.7182021141052
native_disk,1772729588.615141,7.1432,514.8543410301208
native_disk,1772729588.750613,7.1432,514.9898130893707
native_disk,1772729589.12662,7.1432,515.3658201694489
native_disk,1772729589.260251,7.1432,515.4994511604309
native_disk,1772729589.396474,7.1432,515.6356739997864
native_disk,1772729589.533345,7.1432,515.7725450992584
native_disk,1772729589.670847,7.1432,515.9100470542908
native_disk,1772729589.827076,7.1432,516.0662760734558
native_disk,1772729589.94971,7.1432,516.1889100074768
native_disk,1772729590.094038,7.1432,516.3332381248474
native_disk,1772729590.50762,7.1432,516.7468202114105
native_disk,1772729590.652424,7.1432,516.891624212265
native_disk,1772729590.772597,7.1432,517.0117971897125
native_disk,1772729590.920019,7.1432,517.1592190265656
native_disk,1772729591.058079,7.1432,517.2972791194916
native_disk,1772729591.19576,7.1432,517.4349601268768
native_disk,1772729591.350095,7.1432,517.5892951488495
native_disk,1772729591.500049,7.1432,517.7392492294312
native_disk,1772729591.87645,7.1432,518.115650177002
native_disk,1772729592.032825,7.1432,518.2720251083374
native_disk,1772729592.149298,7.1432,518.3884980678558
native_disk,1772729592.286676,7.1432,518.525876045227
native_disk,1772729592.423486,7.1432,518.6626861095428
native_disk,1772729592.560234,7.1432,518.7994341850281
native_disk,1772729592.703417,7.1432,518.9426171779633
native_disk,1772729592.833345,7.1432,519.0725450515747
native_disk,1772729593.365092,7.1432,519.6042921543121
native_disk,1772729593.504581,7.1432,519.7437810897827
native_disk,1772729593.642877,7.1432,519.882077217102
native_disk,1772729593.776654,7.1432,520.0158541202545
native_disk,1772729593.913985,7.1432,520.1531851291656
native_disk,1772729594.059568,7.1432,520.2987680435181
native_disk,1772729594.214626,7.1432,520.4538261890411
native_disk,1772729594.333554,7.1432,520.5727541446686
native_disk,1772729594.759675,7.1432,520.9988751411438
native_disk,1772729594.898284,7.1432,521.1374840736389
native_disk,1772729595.033434,7.1432,521.2726340293884
native_disk,1772729595.168501,7.1432,521.4077010154724
native_disk,1772729595.308106,7.1432,521.547306060791
native_disk,1772729595.445665,7.1432,521.6848649978638
native_disk,1772729595.584069,7.1432,521.8232691287994
native_disk,1772729596.006549,7.1432,522.2457489967346
native_disk,1772729596.116028,7.1432,522.3552281856537
native_disk,1772729596.25152,7.1432,522.4907200336456
native_disk,1772729596.403413,7.1432,522.6426131725311
native_disk,1772729596.521332,7.1432,522.7605321407318
native_disk,1772729596.662264,7.1432,522.9014642238617
native_disk,1772729596.798355,7.1432,523.0375552177429
native_disk,1772729596.936156,7.1432,523.1753561496735
native_disk,1772729597.383247,7.1432,523.622447013855
native_disk,1772729597.48383,7.1432,523.723030090332
native_disk,1772729597.602484,7.1432,523.8416841030121
native_disk,1772729597.759122,7.1432,523.9983220100403
native_disk,1772729597.893311,7.1432,524.132511138916
native_disk,1772729598.013486,7.1432,524.2526860237122
native_disk,1772729598.156816,7.1432,524.3960161209106
native_disk,1772729598.622166,7.1432,524.8613660335541
native_disk,1772729598.762815,7.1432,525.0020151138306
native_disk,1772729598.897731,7.1432,525.136931180954
native_disk,1772729599.034969,7.1432,525.2741692066193
native_disk,1772729599.171722,7.1432,525.4109220504761
native_disk,1772729599.324067,7.1432,525.5632672309875
native_disk,1772729599.44436,7.1432,525.6835601329803
native_disk,1772729599.616722,7.1432,525.8559222221375
native_disk,1772729600.147163,7.1432,526.38636302948
native_disk,1772729600.247781,7.1432,526.4869811534882
native_disk,1772729600.353923,7.1432,526.5931231975555
native_disk,1772729600.492846,7.1432,526.7320461273193
native_disk,1772729600.646819,7.1432,526.8860192298889
native_disk,1772729600.766823,7.1432,527.0060231685638
native_disk,1772729600.902318,7.1432,527.1415181159973
native_disk,1772729601.281571,7.1432,527.5207710266113
native_disk,1772729601.434791,7.1432,527.6739912033081
native_disk,1772729601.555021,7.1432,527.794221162796
native_disk,1772729601.690835,7.1432,527.9300351142883
native_disk,1772729601.828106,7.1432,528.0673060417175
native_disk,1772729601.965561,7.1432,528.2047610282898
native_disk,1772729602.102639,7.1432,528.3418390750885
native_disk,1772729602.611774,7.1432,528.8509740829468
native_disk,1772729602.73184,7.1432,528.9710400104523
native_disk,1772729602.867723,7.1432,529.1069231033325
native_disk,1772729603.006303,7.1432,529.2455031871796
native_disk,1772729603.143738,7.1432,529.3829381465912
native_disk,1772729603.278318,7.1432,529.5175180435181
native_disk,1772729603.416873,7.1432,529.6560730934143
native_disk,1772729603.861617,7.1432,530.1008172035217
native_disk,1772729603.966176,7.1432,530.2053761482239
native_disk,1772729604.103322,7.1432,530.3425221443176
native_disk,1772729604.249505,7.1432,530.4887051582336
native_disk,1772729604.381564,7.1432,530.6207640171051
native_disk,1772729604.519186,7.1432,530.7583861351013
native_disk,1772729604.660192,7.1432,530.8993921279907
native_disk,1772729604.797081,7.1432,531.0362811088562
native_disk,1772729604.958187,7.1432,531.1973872184753
native_disk,1772729605.362973,7.1432,531.6021730899811
native_disk,1772729605.513237,7.1432,531.7524371147156
native_disk,1772729605.634482,7.1432,531.8736820220947
native_disk,1772729605.787006,7.1432,532.0262060165405
native_disk,1772729605.908368,7.1432,532.1475682258606
native_disk,1772729606.044697,7.1432,532.2838971614838
native_disk,1772729606.180569,7.1432,532.4197690486908
native_disk,1772729606.318825,7.1432,532.5580251216888
native_disk,1772729606.739237,7.1432,532.9784371852875
native_disk,1772729606.876324,7.1432,533.1155240535736
native_disk,1772729607.015997,7.1432,533.2551970481873
native_disk,1772729607.154939,7.1432,533.3941390514374
native_disk,1772729607.297947,7.1432,533.5371470451355
native_disk,1772729607.435915,7.1432,533.67511510849
native_disk,1772729607.576602,7.1432,533.8158020973206
native_disk,1772729607.731896,7.1432,533.9710960388184
native_disk,1772729608.091166,7.1432,534.3303661346436
native_disk,1772729608.244653,7.1432,534.4838531017303
native_disk,1772729608.37271,7.1432,534.6119101047516
native_disk,1772729608.503769,7.1432,534.7429690361023
native_disk,1772729608.645837,7.1432,534.8850371837616
native_disk,1772729608.781792,7.1432,535.0209920406342
native_disk,1772729608.917029,7.1432,535.156229019165
native_disk,1772729609.361053,7.1432,535.6002531051636
native_disk,1772729609.463797,7.1432,535.7029972076416
native_disk,1772729609.581554,7.1432,535.8207540512085
native_disk,1772729609.719946,7.1432,535.9591460227966
native_disk,1772729609.857585,7.1432,536.096785068512
native_disk,1772729609.995205,7.1432,536.234405040741
native_disk,1772729610.14798,7.1432,536.3871800899506
native_disk,1772729610.269828,7.1432,536.5090281963348
native_disk,1772729610.407705,7.1432,536.6469051837921
native_disk,1772729610.879687,7.1432,537.1188871860504
native_disk,1772729610.993773,7.1432,537.2329730987549
native_disk,1772729611.108302,7.1432,537.3475022315979
native_disk,1772729611.247313,7.1432,537.4865131378174
native_disk,1772729611.384214,7.1432,537.6234140396118
native_disk,1772729611.522201,7.1432,537.7614011764526
native_disk,1772729611.660502,7.1432,537.8997020721436
native_disk,1772729611.819103,7.1432,538.0583031177521
native_disk,1772729612.238452,7.1432,538.4776520729065
native_disk,1772729612.377722,7.1432,538.6169221401215
native_disk,1772729612.514765,7.1432,538.753965139389
native_disk,1772729612.651957,7.1432,538.8911571502686
native_disk,1772729612.820125,7.1432,539.0593252182007
native_disk,1772729612.955691,7.1432,539.1948912143707
native_disk,1772729613.077813,7.1432,539.3170130252838
native_disk,1772729613.215417,7.1432,539.454617023468
native_disk,1772729613.605632,7.1432,539.8448321819305
native_disk,1772729613.74575,7.1432,539.9849500656128
native_disk,1772729613.888105,7.1432,540.1273050308228
native_disk,1772729614.057422,7.1432,540.2966220378876
native_disk,1772729614.181149,7.1432,540.4203491210938
native_disk,1772729614.316759,7.1432,540.5559592247009
native_disk,1772729614.456112,7.1432,540.6953120231628
native_disk,1772729614.595917,7.1432,540.8351171016693
native_disk,1772729615.150255,7.1432,541.3894550800323
native_disk,1772729615.256855,7.1432,541.4960551261902
native_disk,1772729615.375402,7.1432,541.6146020889282
native_disk,1772729615.51273,7.1432,541.7519299983978
native_disk,1772729615.651266,7.1432,541.8904662132263
native_disk,1772729615.799587,7.1432,542.0387871265411
native_disk,1772729615.93636,7.1432,542.1755599975586
native_disk,1772729616.437237,7.1432,542.6764371395111
native_disk,1772729616.546665,7.1432,542.7858650684357
native_disk,1772729616.668891,7.1432,542.9080910682678
native_disk,1772729616.805978,7.1432,543.0451781749725
native_disk,1772729616.954655,7.1432,543.193855047226
native_disk,1772729617.141097,7.1432,543.3802971839905
native_disk,1772729617.252317,7.1432,543.4915170669556
native_disk,1772729617.3898,7.1432,543.6290001869202
native_disk,1772729617.80536,7.1432,544.0445601940155
native_disk,1772729617.928288,7.1432,544.1674880981445
native_disk,1772729618.064789,7.1432,544.3039891719818
native_disk,1772729618.224161,7.1432,544.4633610248566
native_disk,1772729618.343033,7.1432,544.5822331905365
native_disk,1772729618.481534,7.1432,544.7207341194153
native_disk,1772729618.62003,7.1432,544.8592300415039
native_disk,1772729618.793751,7.1432,545.0329511165619
native_disk,1772729619.39929,7.1432,545.6384902000427
native_disk,1772729619.560906,7.1432,545.800106048584
native_disk,1772729619.685434,7.1432,545.9246342182159
native_disk,1772729619.830657,7.1432,546.0698571205139
native_disk,1772729619.967913,7.1432,546.2071130275726
native_disk,1772729620.108437,7.1432,546.3476371765137
native_disk,1772729620.266777,7.1432,546.5059771537781
native_disk,1772729620.735345,7.1432,546.9745450019836
native_disk,1772729620.855231,7.1432,547.0944311618805
native_disk,1772729620.991447,7.1432,547.2306470870972
native_disk,1772729621.128881,7.1432,547.3680810928345
native_disk,1772729621.266467,7.1432,547.5056672096252
native_disk,1772729621.441761,7.1432,547.6809611320496
native_disk,1772729621.560161,7.1432,547.7993612289429
native_disk,1772729621.682463,7.1432,547.9216630458832
native_disk,1772729622.178588,7.1432,548.417788028717
native_disk,1772729622.321712,7.1432,548.5609121322632
native_disk,1772729622.461064,7.1432,548.7002642154694
native_disk,1772729622.598338,7.1432,548.8375380039215
native_disk,1772729622.734782,7.1432,548.9739820957184
native_disk,1772729622.871523,7.1432,549.1107230186462
native_disk,1772729623.007898,7.1432,549.2470982074738
native_disk,1772729623.570072,7.1432,549.8092720508575
native_disk,1772729623.708505,7.1432,549.9477050304413
native_disk,1772729623.847447,7.1432,550.0866470336914
native_disk,1772729623.999308,7.1432,550.2385082244873
native_disk,1772729624.121211,7.1432,550.3604111671448
native_disk,1772729624.263683,7.1432,550.5028831958771
native_disk,1772729624.401404,7.1432,550.640604019165
native_disk,1772729624.538296,7.1432,550.777496099472
native_disk,1772729625.009233,7.1432,551.2484331130981
native_disk,1772729625.139754,7.1432,551.3789541721344
native_disk,1772729625.276173,7.1432,551.5153732299805
native_disk,1772729625.412703,7.1432,551.6519031524658
native_disk,1772729625.551914,7.1432,551.7911140918732
native_disk,1772729625.689651,7.1432,551.9288511276245
native_disk,1772729625.82665,7.1432,552.065850019455
native_disk,1772729626.019988,7.1432,552.2591881752014
native_disk,1772729626.466846,7.1432,552.7060461044312
native_disk,1772729626.572399,7.1432,552.8115990161896
native_disk,1772729626.721223,7.1432,552.9604232311249
native_disk,1772729626.861404,7.1432,553.100604057312
native_disk,1772729626.995759,7.1432,553.2349591255188
native_disk,1772729627.15914,7.1432,553.3983402252197
native_disk,1772729627.29123,7.1432,553.5304300785065
native_disk,1772729627.430671,7.1432,553.6698710918427
native_disk,1772729627.84223,7.1432,554.0814301967621
native_disk,1772729627.986774,7.1432,554.2259740829468
native_disk,1772729628.117988,7.1432,554.3571882247925
native_disk,1772729628.255765,7.1432,554.4949650764465
native_disk,1772729628.397996,7.1432,554.6371960639954
native_disk,1772729628.55579,7.1432,554.7949900627136
native_disk,1772729628.694018,7.1432,554.9332180023193
native_disk,1772729628.831814,7.1432,555.0710141658783
native_disk,1772729628.973345,7.1432,555.2125451564789
native_disk,1772729629.391443,7.1432,555.6306431293488
native_disk,1772729629.529033,7.1432,555.7682330608368
native_disk,1772729629.668014,7.1432,555.9072141647339
native_disk,1772729629.807211,7.1432,556.0464110374451
native_disk,1772729629.984806,7.1432,556.2240061759949
native_disk,1772729630.087044,7.1432,556.3262441158295
native_disk,1772729630.232912,7.1432,556.4721121788025
native_disk,1772729630.622334,7.1432,556.8615341186523
native_disk,1772729630.761952,7.1432,557.0011520385742
native_disk,1772729630.900296,7.1432,557.139496088028
native_disk,1772729631.03635,7.1432,557.2755501270294
native_disk,1772729631.174034,7.1432,557.4132342338562
native_disk,1772729631.310356,7.1432,557.549556016922
native_disk,1772729631.451766,7.1432,557.690966129303
native_disk,1772729631.609382,7.1432,557.8485820293427
native_disk,1772729632.042811,7.1432,558.2820110321045
native_disk,1772729632.181463,7.1432,558.4206631183624
native_disk,1772729632.317172,7.1432,558.5563721656799
native_disk,1772729632.458548,7.1432,558.6977481842041
native_disk,1772729632.598318,7.1432,558.8375182151794
native_disk,1772729632.736637,7.1432,558.9758372306824
native_disk,1772729632.896756,7.1432,559.1359560489655
native_disk,1772729633.306615,7.1432,559.5458152294159
native_disk,1772729633.44456,7.1432,559.6837601661682
native_disk,1772729633.586961,7.1432,559.8261611461639
native_disk,1772729633.729564,7.1432,559.9687640666962
native_disk,1772729633.868173,7.1432,560.1073729991913
native_disk,1772729634.005907,7.1432,560.2451071739197
native_disk,1772729634.143909,7.1432,560.3831090927124
native_disk,1772729634.28138,7.1432,560.5205800533295
native_disk,1772729634.737408,7.1432,560.9766080379486
native_disk,1772729634.847042,7.1432,561.0862421989441
native_disk,1772729634.983536,7.1432,561.222736120224
native_disk,1772729635.12401,7.1432,561.3632102012634
native_disk,1772729635.265131,7.1432,561.504331111908
native_disk,1772729635.423876,7.1432,561.6630761623383
native_disk,1772729635.561945,7.1432,561.8011450767517
native_disk,1772729635.724098,7.1432,561.9632980823517
native_disk,1772729636.132476,7.1432,562.3716762065887
native_disk,1772729636.270795,7.1432,562.5099952220917
native_disk,1772729636.408592,7.1432,562.6477921009064
native_disk,1772729636.546102,7.1432,562.7853021621704
native_disk,1772729636.684517,7.1432,562.9237170219421
native_disk,1772729636.824009,7.1432,563.0632090568542
native_disk,1772729636.978896,7.1432,563.2180960178375
native_disk,1772729637.10536,7.1432,563.3445601463318
native_disk,1772729637.52721,7.1432,563.766410112381
native_disk,1772729637.667259,7.1432,563.9064590930939
native_disk,1772729637.82563,7.1432,564.0648300647736
native_disk,1772729637.946035,7.1432,564.1852350234985
native_disk,1772729638.08576,7.1432,564.324960231781
native_disk,1772729638.243637,7.1432,564.4828372001648
native_disk,1772729638.367367,7.1432,564.6065671443939
native_disk,1772729638.506037,7.1432,564.7452371120453
native_disk,1772729638.897583,7.1432,565.1367831230164
native_disk,1772729639.026334,7.1432,565.2655341625214
native_disk,1772729639.166855,7.1432,565.4060552120209
native_disk,1772729639.30533,7.1432,565.5445301532745
native_disk,1772729639.444014,7.1432,565.6832141876221
native_disk,1772729639.583661,7.1432,565.8228611946106
native_disk,1772729639.721179,7.1432,565.9603791236877
native_disk,1772729639.859706,7.1432,566.0989060401917
native_disk,1772729640.293284,7.1432,566.5324840545654
native_disk,1772729640.416208,7.1432,566.6554081439972
native_disk,1772729640.558122,7.1432,566.7973220348358
native_disk,1772729640.696405,7.1432,566.9356050491333
native_disk,1772729640.847617,7.1432,567.0868170261383
native_disk,1772729641.000405,7.1432,567.2396051883698
native_disk,1772729641.140007,7.1432,567.3792071342468
native_disk,1772729641.297615,7.1432,567.5368151664734
native_disk,1772729641.676894,7.1432,567.9160940647125
native_disk,1772729641.814348,7.1432,568.0535480976105
native_disk,1772729641.951978,7.1432,568.1911780834198
native_disk,1772729642.089996,7.1432,568.3291962146759
native_disk,1772729642.228144,7.1432,568.467344045639
native_disk,1772729642.365956,7.1432,568.6051561832428
native_disk,1772729642.53015,7.1432,568.7693500518799
native_disk,1772729642.669963,7.1432,568.9091629981995
native_disk,1772729643.075386,7.1432,569.3145861625671
native_disk,1772729643.183437,7.1432,569.4226372241974
native_disk,1772729643.321326,7.1432,569.5605261325836
native_disk,1772729643.460985,7.1432,569.7001850605011
native_disk,1772729643.599282,7.1432,569.8384821414948
native_disk,1772729643.736334,7.1432,569.9755342006683
native_disk,1772729643.872805,7.1432,570.1120052337646
native_disk,1772729644.377954,7.1432,570.6171541213989
native_disk,1772729644.516025,7.1432,570.7552251815796
native_disk,1772729644.652468,7.1432,570.8916680812836
native_disk,1772729644.790514,7.1432,571.0297141075134
native_disk,1772729644.92877,7.1432,571.1679701805115
native_disk,1772729645.074094,7.1432,571.313294172287
native_disk,1772729645.213029,7.1432,571.4522290229797
native_disk,1772729645.353483,7.1432,571.5926830768585
native_disk,1772729645.7562,7.1432,571.9954001903534
native_disk,1772729645.889943,7.1432,572.129142999649
native_disk,1772729646.061345,7.1432,572.3005452156067
native_disk,1772729646.187823,7.1432,572.4270231723785
native_disk,1772729646.323829,7.1432,572.563029050827
native_disk,1772729646.463091,7.1432,572.7022910118103
native_disk,1772729646.603571,7.1432,572.8427710533142
native_disk,1772729646.764636,7.1432,573.0038361549377
native_disk,1772729647.260929,7.1432,573.5001292228699
native_disk,1772729647.398158,7.1432,573.6373581886292
native_disk,1772729647.540642,7.1432,573.7798421382904
native_disk,1772729647.681628,7.1432,573.9208281040192
native_disk,1772729647.836993,7.1432,574.0761930942535
native_disk,1772729647.955136,7.1432,574.1943361759186
native_disk,1772729648.094916,7.1432,574.3341162204742
native_disk,1772729648.564371,7.1432,574.8035712242126
native_disk,1772729648.723122,7.1432,574.9623219966888
native_disk,1772729648.845427,7.1432,575.0846271514893
native_disk,1772729648.989046,7.1432,575.2282462120056
native_disk,1772729649.126497,7.1432,575.365697145462
native_disk,1772729649.284478,7.1432,575.5236780643463
native_disk,1772729649.439241,7.1432,575.6784410476685
native_disk,1772729649.580547,7.1432,575.819747209549
native_disk,1772729649.977918,7.1432,576.217118024826
native_disk,1772729650.129964,7.1432,576.3691642284393
native_disk,1772729650.257141,7.1432,576.4963412284851
native_disk,1772729650.394569,7.1432,576.6337690353394
native_disk,1772729650.532991,7.1432,576.7721910476685
native_disk,1772729650.689138,7.1432,576.9283380508423
native_disk,1772729650.818446,7.1432,577.0576460361481
native_disk,1772729650.95602,7.1432,577.1952202320099
native_disk,1772729651.339921,7.1432,577.5791211128235
native_disk,1772729651.499238,7.1432,577.738438129425
native_disk,1772729651.622334,7.1432,577.8615341186523
native_disk,1772729651.776538,7.1432,578.0157380104065
native_disk,1772729651.900542,7.1432,578.1397421360016
native_disk,1772729652.056547,7.1432,578.2957470417023
native_disk,1772729652.199476,7.1432,578.4386761188507
native_disk,1772729652.341393,7.1432,578.5805931091309
native_disk,1772729652.733043,7.1432,578.9722430706024
native_disk,1772729652.87135,7.1432,579.1105501651764
native_disk,1772729653.031862,7.1432,579.2710621356964
native_disk,1772729653.150414,7.1432,579.3896141052246
native_disk,1772729653.289294,7.1432,579.5284941196442
native_disk,1772729653.427323,7.1432,579.6665232181549
native_disk,1772729653.565885,7.1432,579.8050851821899
native_disk,1772729654.02635,7.1432,580.2655501365662
native_disk,1772729654.138999,7.1432,580.3781991004944
native_disk,1772729654.259471,7.1432,580.4986710548401
native_disk,1772729654.398574,7.1432,580.6377742290497
native_disk,1772729654.538936,7.1432,580.7781360149384
native_disk,1772729654.676211,7.1432,580.915411233902
native_disk,1772729654.831244,7.1432,581.0704441070557
native_disk,1772729654.96801,7.1432,581.2072100639343
native_disk,1772729655.374454,7.1432,581.6136541366577
native_disk,1772729655.500465,7.1432,581.7396650314331
native_disk,1772729655.657745,7.1432,581.8969449996948
native_disk,1772729655.777376,7.1432,582.016576051712
native_disk,1772729655.931161,7.1432,582.1703610420227
native_disk,1772729656.05317,7.1432,582.2923700809479
native_disk,1772729656.197237,7.1432,582.4364371299744
native_disk,1772729656.609091,7.1432,582.8482911586761
native_disk,1772729656.750902,7.1432,582.9901020526886
native_disk,1772729656.889658,7.1432,583.128858089447
native_disk,1772729657.04302,7.1432,583.2822201251984
native_disk,1772729657.169636,7.1432,583.4088361263275
native_disk,1772729657.307544,7.1432,583.5467441082001
native_disk,1772729657.451739,7.1432,583.6909391880035
native_disk,1772729657.589254,7.1432,583.8284540176392
native_disk,1772729657.986841,7.1432,584.2260410785675
native_disk,1772729658.131285,7.1432,584.3704850673676
native_disk,1772729658.285539,7.1432,584.5247390270233
native_disk,1772729658.40794,7.1432,584.6471400260925
native_disk,1772729658.55455,7.1432,584.7937500476837
native_disk,1772729658.692138,7.1432,584.9313380718231
native_disk,1772729658.830516,7.1432,585.0697162151337
native_disk,1772729658.987055,7.1432,585.2262551784515
native_disk,1772729659.484582,7.1432,585.7237820625305
native_disk,1772729659.593398,7.1432,585.8325982093811
native_disk,1772729659.715801,7.1432,585.955001115799
native_disk,1772729659.855358,7.1432,586.0945580005646
native_disk,1772729659.994192,7.1432,586.2333920001984
native_disk,1772729660.134415,7.1432,586.373615026474
native_disk,1772729660.274025,7.1432,586.5132250785828
native_disk,1772729660.902113,7.1432,587.1413130760193
native_disk,1772729661.046472,7.1432,587.2856721878052
native_disk,1772729661.187796,7.1432,587.4269962310791
native_disk,1772729661.325968,7.1432,587.5651681423187
native_disk,1772729661.463861,7.1432,587.7030611038208
native_disk,1772729661.602011,7.1432,587.8412110805511
native_disk,1772729662.067095,7.1432,588.3062951564789
native_disk,1772729662.199163,7.1432,588.4383630752563
native_disk,1772729662.339366,7.1432,588.5785660743713
native_disk,1772729662.479078,7.1432,588.718278169632
native_disk,1772729662.626699,7.1432,588.8658990859985
native_disk,1772729662.765954,7.1432,589.005154132843
native_disk,1772729662.925476,7.1432,589.1646761894226
native_disk,1772729663.100633,7.1432,589.3398330211639
native_disk,1772729663.44246,7.1432,589.6816601753235
native_disk,1772729663.579682,7.1432,589.818882226944
native_disk,1772729663.71915,7.1432,589.9583501815796
native_disk,1772729663.860516,7.1432,590.0997161865234
native_disk,1772729663.998384,7.1432,590.2375841140747
native_disk,1772729664.174044,7.1432,590.413244009018
native_disk,1772729664.283187,7.1432,590.5223870277405
native_disk,1772729664.421818,7.1432,590.6610181331635
native_disk,1772729664.846568,7.1432,591.0857682228088
native_disk,1772729664.950932,7.1432,591.1901321411133
native_disk,1772729665.088921,7.1432,591.3281211853027
native_disk,1772729665.226882,7.1432,591.4660820960999
native_disk,1772729665.385973,7.1432,591.6251730918884
native_disk,1772729665.523003,7.1432,591.7622032165527
native_disk,1772729665.70112,7.1432,591.9403200149536
native_disk,1772729666.126389,7.1432,592.3655891418457
native_disk,1772729666.283688,7.1432,592.5228881835938
native_disk,1772729666.425654,7.1432,592.6648540496826
native_disk,1772729666.544959,7.1432,592.7841591835022
native_disk,1772729666.684153,7.1432,592.9233531951904
native_disk,1772729666.859191,7.1432,593.0983910560608
native_disk,1772729666.98009,7.1432,593.2192900180817
native_disk,1772729667.121914,7.1432,593.361114025116
native_disk,1772729667.556528,7.1432,593.7957282066345
native_disk,1772729667.699862,7.1432,593.9390621185303
native_disk,1772729667.852938,7.1432,594.0921380519867
native_disk,1772729667.99284,7.1432,594.2320401668549
native_disk,1772729668.132424,7.1432,594.3716242313385
native_disk,1772729668.289038,7.1432,594.5282380580902
native_disk,1772729668.428002,7.1432,594.6672022342682
native_disk,1772729668.896353,7.1432,595.1355531215668
native_disk,1772729669.024318,7.1432,595.2635180950165
native_disk,1772729669.163734,7.1432,595.4029340744019
native_disk,1772729669.303798,7.1432,595.5429980754852
native_disk,1772729669.441688,7.1432,595.6808881759644
native_disk,1772729669.582432,7.1432,595.8216321468353
native_disk,1772729669.744248,7.1432,595.9834480285645
native_disk,1772729669.865703,7.1432,596.1049032211304
native_disk,1772729670.316353,7.1432,596.5555531978607
native_disk,1772729670.441114,7.1432,596.6803140640259
native_disk,1772729670.564393,7.1432,596.8035931587219
native_disk,1772729670.703381,7.1432,596.9425811767578
native_disk,1772729670.860785,7.1432,597.0999851226807
native_disk,1772729671.003095,7.1432,597.2422950267792
native_disk,1772729671.141317,7.1432,597.3805170059204
native_disk,1772729671.543526,7.1432,597.7827260494232
native_disk,1772729671.681825,7.1432,597.9210250377655
native_disk,1772729671.820558,7.1432,598.0597581863403
native_disk,1772729671.959035,7.1432,598.1982350349426
native_disk,1772729672.097762,7.1432,598.336962223053
native_disk,1772729672.235738,7.1432,598.4749381542206
native_disk,1772729672.391526,7.1432,598.6307260990143
native_disk,1772729672.533365,7.1432,598.7725651264191
native_disk,1772729672.939406,7.1432,599.1786060333252
native_disk,1772729673.074576,7.1432,599.3137760162354
native_disk,1772729673.21136,7.1432,599.450560092926
native_disk,1772729673.351511,7.1432,599.5907111167908
native_disk,1772729673.492425,7.1432,599.7316250801086
native_disk,1772729673.669058,7.1432,599.9082581996918
native_dram_disk,1772730151.768329,7.0397,2.8848648071289062e-05
native_dram_disk,1772730151.876968,7.0397,0.10866785049438477
native_dram_disk,1772730151.986156,7.0397,0.21785593032836914
native_dram_disk,1772730152.095265,7.0397,0.3269648551940918
native_dram_disk,1772730152.210565,7.0397,0.44226503372192383
native_dram_disk,1772730152.321671,7.0397,0.5533709526062012
native_dram_disk,1772730152.43084,7.0417,0.6625399589538574
native_dram_disk,1772730152.539195,7.0944,0.7708950042724609
native_dram_disk,1772730152.650261,7.0944,0.8819608688354492
native_dram_disk,1772730152.759376,7.0944,0.9910759925842285
native_dram_disk,1772730152.86941,7.0944,1.1011099815368652
native_dram_disk,1772730152.99236,7.0944,1.22406005859375
native_dram_disk,1772730153.099725,7.1511,1.3314249515533447
native_dram_disk,1772730153.209177,7.1511,1.4408769607543945
native_dram_disk,1772730153.322521,7.1511,1.5542209148406982
native_dram_disk,1772730153.42922,7.1511,1.6609199047088623
native_dram_disk,1772730153.541924,7.1511,1.7736239433288574
native_dram_disk,1772730153.648923,7.1511,1.8806228637695312
native_dram_disk,1772730153.759096,7.1511,1.9907958507537842
native_dram_disk,1772730153.869237,7.2272,2.1009368896484375
native_dram_disk,1772730153.978887,7.2272,2.2105870246887207
native_dram_disk,1772730154.088506,7.2272,2.3202059268951416
native_dram_disk,1772730154.201028,7.2272,2.4327280521392822
native_dram_disk,1772730154.330528,7.2272,2.562227964401245
native_dram_disk,1772730154.44156,7.2272,2.673259973526001
native_dram_disk,1772730154.735217,7.2272,2.966917037963867
native_dram_disk,1772730154.846136,7.2272,3.077836036682129
native_dram_disk,1772730154.958137,7.2272,3.1898369789123535
native_dram_disk,1772730155.065701,7.2272,3.297400951385498
native_dram_disk,1772730155.479749,7.2272,3.711448907852173
native_dram_disk,1772730155.58829,7.2272,3.8199899196624756
native_dram_disk,1772730156.057144,7.2272,4.288843870162964
native_dram_disk,1772730156.159716,7.2272,4.39141583442688
native_dram_disk,1772730157.590373,7.2272,5.822072982788086
native_dram_disk,1772730157.693481,7.2272,5.925180912017822
native_dram_disk,1772730157.793647,7.2272,6.025346994400024
native_dram_disk,1772730157.901112,7.2272,6.132812023162842
native_dram_disk,1772730158.227778,7.2272,6.45947790145874
native_dram_disk,1772730158.329746,7.2272,6.561445951461792
native_dram_disk,1772730158.432,7.2272,6.6636998653411865
native_dram_disk,1772730158.533619,7.2272,6.765318870544434
native_dram_disk,1772730158.634241,7.2272,6.865941047668457
native_dram_disk,1772730158.735403,7.2272,6.967103004455566
native_dram_disk,1772730158.846623,7.2272,7.078322887420654
native_dram_disk,1772730158.964035,7.2272,7.195734977722168
native_dram_disk,1772730159.072959,7.2272,7.304658889770508
native_dram_disk,1772730159.17888,7.2272,7.4105799198150635
native_dram_disk,1772730159.290812,7.2272,7.522511959075928
native_dram_disk,1772730159.400495,7.2272,7.632194995880127
native_dram_disk,1772730159.50982,7.2272,7.741519927978516
native_dram_disk,1772730159.620474,7.2272,7.8521740436553955
native_dram_disk,1772730159.734807,7.2272,7.9665069580078125
native_dram_disk,1772730159.844957,7.2272,8.076657056808472
native_dram_disk,1772730159.956264,7.2272,8.187963962554932
native_dram_disk,1772730160.087142,7.2272,8.318841934204102
native_dram_disk,1772730160.194657,7.2272,8.42635703086853
native_dram_disk,1772730160.304636,7.2272,8.536335945129395
native_dram_disk,1772730160.415305,7.2272,8.647004842758179
native_dram_disk,1772730160.536777,7.2272,8.768476963043213
native_dram_disk,1772730160.653763,7.2272,8.885462999343872
native_dram_disk,1772730160.766311,7.2272,8.998010873794556
native_dram_disk,1772730160.874264,7.2272,9.105963945388794
native_dram_disk,1772730160.985217,7.2272,9.216917037963867
native_dram_disk,1772730161.12657,7.2272,9.358269929885864
native_dram_disk,1772730161.239264,7.2272,9.470963954925537
native_dram_disk,1772730161.347353,7.2272,9.579052925109863
native_dram_disk,1772730161.466571,7.2272,9.698271036148071
native_dram_disk,1772730161.592572,7.2272,9.82427191734314
native_dram_disk,1772730161.699903,7.2272,9.931602954864502
native_dram_disk,1772730161.843825,7.2272,10.075525045394897
native_dram_disk,1772730161.969534,7.2272,10.201233863830566
native_dram_disk,1772730162.07483,7.2272,10.306529998779297
native_dram_disk,1772730162.17574,7.2272,10.407439947128296
native_dram_disk,1772730162.287623,7.2272,10.519322872161865
native_dram_disk,1772730162.405303,7.2272,10.637002944946289
native_dram_disk,1772730162.5248,7.2272,10.756500005722046
native_dram_disk,1772730162.635007,7.2272,10.866706848144531
native_dram_disk,1772730162.750447,7.2272,10.982146978378296
native_dram_disk,1772730162.859375,7.2272,11.09107494354248
native_dram_disk,1772730163.02206,7.2272,11.253759860992432
native_dram_disk,1772730163.153384,7.2272,11.3850839138031
native_dram_disk,1772730163.274378,7.2272,11.506078004837036
native_dram_disk,1772730163.389628,7.2272,11.621327877044678
native_dram_disk,1772730163.517593,7.2272,11.749292850494385
native_dram_disk,1772730163.656511,7.2272,11.888211011886597
native_dram_disk,1772730163.78268,7.2272,12.014379978179932
native_dram_disk,1772730163.893416,7.2272,12.125115871429443
native_dram_disk,1772730164.005355,7.2272,12.237054824829102
native_dram_disk,1772730164.117642,7.2272,12.349341869354248
native_dram_disk,1772730164.229121,7.2272,12.46082091331482
native_dram_disk,1772730164.342343,7.2272,12.574043035507202
native_dram_disk,1772730164.453055,7.2272,12.684754848480225
native_dram_disk,1772730164.565829,7.2272,12.797528982162476
native_dram_disk,1772730164.675529,7.2272,12.907228946685791
native_dram_disk,1772730164.78934,7.2272,13.021039962768555
native_dram_disk,1772730164.896254,7.2272,13.127954006195068
native_dram_disk,1772730165.009764,7.2272,13.241463899612427
native_dram_disk,1772730165.120374,7.2272,13.352073907852173
native_dram_disk,1772730165.233159,7.2272,13.464859008789062
native_dram_disk,1772730165.339857,7.2272,13.57155704498291
native_dram_disk,1772730165.484734,7.2272,13.716434001922607
native_dram_disk,1772730165.585704,7.2272,13.81740403175354
native_dram_disk,1772730165.727559,7.2272,13.959259033203125
native_dram_disk,1772730165.828572,7.2272,14.060271978378296
native_dram_disk,1772730165.953541,7.2272,14.185240983963013
native_dram_disk,1772730166.056182,7.2272,14.287881851196289
native_dram_disk,1772730166.157413,7.2272,14.389112949371338
native_dram_disk,1772730166.263552,7.2272,14.495251893997192
native_dram_disk,1772730166.374472,7.2272,14.60617184638977
native_dram_disk,1772730166.48608,7.2272,14.717779874801636
native_dram_disk,1772730166.60213,7.2272,14.833829879760742
native_dram_disk,1772730166.746021,7.2272,14.977720975875854
native_dram_disk,1772730166.846337,7.2272,15.078037023544312
native_dram_disk,1772730166.959895,7.2272,15.19159483909607
native_dram_disk,1772730167.06217,7.2272,15.293869972229004
native_dram_disk,1772730167.176623,7.2272,15.408323049545288
native_dram_disk,1772730167.284353,7.2272,15.516052961349487
native_dram_disk,1772730167.396576,7.2272,15.628275871276855
native_dram_disk,1772730167.512224,7.2272,15.743923902511597
native_dram_disk,1772730167.632505,7.2272,15.86420488357544
native_dram_disk,1772730167.741035,7.2272,15.972734928131104
native_dram_disk,1772730167.85154,7.2272,16.083240032196045
native_dram_disk,1772730167.96228,7.2272,16.1939799785614
native_dram_disk,1772730168.070892,7.2272,16.302592039108276
native_dram_disk,1772730168.180789,7.2272,16.41248893737793
native_dram_disk,1772730168.292844,7.2272,16.52454400062561
native_dram_disk,1772730168.401509,7.2272,16.633208990097046
native_dram_disk,1772730168.51837,7.2272,16.750069856643677
native_dram_disk,1772730168.630415,7.2272,16.862114906311035
native_dram_disk,1772730168.739039,7.2272,16.970738887786865
native_dram_disk,1772730168.842618,7.2272,17.074317932128906
native_dram_disk,1772730168.962036,7.2272,17.1937358379364
native_dram_disk,1772730169.080384,7.2272,17.312083959579468
native_dram_disk,1772730169.190485,7.2272,17.422184944152832
native_dram_disk,1772730169.30141,7.2272,17.53310990333557
native_dram_disk,1772730169.410399,7.2272,17.642098903656006
native_dram_disk,1772730169.520221,7.2272,17.75192093849182
native_dram_disk,1772730169.629204,7.2272,17.86090397834778
native_dram_disk,1772730169.743966,7.2272,17.975666046142578
native_dram_disk,1772730169.850423,7.2272,18.082123041152954
native_dram_disk,1772730169.963083,7.2272,18.194782972335815
native_dram_disk,1772730170.111735,7.2272,18.343435049057007
native_dram_disk,1772730170.212199,7.2272,18.443898916244507
native_dram_disk,1772730170.31918,7.2272,18.550879955291748
native_dram_disk,1772730170.47401,7.2272,18.70570993423462
native_dram_disk,1772730170.581676,7.2272,18.81337594985962
native_dram_disk,1772730170.706976,7.2272,18.93867588043213
native_dram_disk,1772730170.821154,7.2272,19.05285406112671
native_dram_disk,1772730170.9266,7.2272,19.158299922943115
native_dram_disk,1772730171.037357,7.2272,19.269057035446167
native_dram_disk,1772730171.180132,7.2272,19.411831855773926
native_dram_disk,1772730171.311475,7.2272,19.543174982070923
native_dram_disk,1772730171.462419,7.2272,19.694118976593018
native_dram_disk,1772730171.602806,7.2272,19.834506034851074
native_dram_disk,1772730171.713813,7.2272,19.945513010025024
native_dram_disk,1772730171.849406,7.2272,20.081105947494507
native_dram_disk,1772730171.975925,7.2272,20.207624912261963
native_dram_disk,1772730172.087358,7.2272,20.319057941436768
native_dram_disk,1772730172.203532,7.2272,20.435231924057007
native_dram_disk,1772730172.311743,7.2272,20.543442964553833
native_dram_disk,1772730172.44281,7.2272,20.67451000213623
native_dram_disk,1772730172.555205,7.2272,20.78690505027771
native_dram_disk,1772730172.69458,7.2272,20.92628002166748
native_dram_disk,1772730172.807138,7.2272,21.038837909698486
native_dram_disk,1772730172.916239,7.2272,21.1479389667511
native_dram_disk,1772730173.028489,7.2272,21.260189056396484
native_dram_disk,1772730173.140329,7.2272,21.372028827667236
native_dram_disk,1772730173.251429,7.2272,21.483129024505615
native_dram_disk,1772730173.397235,7.2272,21.628934860229492
native_dram_disk,1772730173.503999,7.2272,21.73569893836975
native_dram_disk,1772730173.623342,7.2272,21.855041980743408
native_dram_disk,1772730173.728886,7.2272,21.960585832595825
native_dram_disk,1772730173.83011,7.2272,22.06181001663208
native_dram_disk,1772730173.94428,7.2272,22.17597985267639
native_dram_disk,1772730174.071834,7.2272,22.303534030914307
native_dram_disk,1772730174.198289,7.2272,22.429988861083984
native_dram_disk,1772730174.307177,7.2272,22.53887701034546
native_dram_disk,1772730174.419745,7.2272,22.651444911956787
native_dram_disk,1772730174.52954,7.2272,22.761240005493164
native_dram_disk,1772730174.641499,7.2272,22.873198986053467
native_dram_disk,1772730174.769736,7.2272,23.00143599510193
native_dram_disk,1772730174.885351,7.2272,23.117050886154175
native_dram_disk,1772730174.996771,7.2272,23.228471040725708
native_dram_disk,1772730175.108756,7.2272,23.340456008911133
native_dram_disk,1772730175.217778,7.2272,23.449477910995483
native_dram_disk,1772730175.328328,7.2272,23.560027837753296
native_dram_disk,1772730175.440885,7.2272,23.672585010528564
native_dram_disk,1772730175.549821,7.2272,23.78152084350586
native_dram_disk,1772730175.664959,7.2272,23.896658897399902
native_dram_disk,1772730175.771909,7.2272,24.00360894203186
native_dram_disk,1772730175.885466,7.2272,24.11716604232788
native_dram_disk,1772730176.007475,7.2272,24.239174842834473
native_dram_disk,1772730176.140214,7.2272,24.37191390991211
native_dram_disk,1772730176.245915,7.2272,24.477614879608154
native_dram_disk,1772730176.368562,7.2272,24.600261926651
native_dram_disk,1772730176.512653,7.2272,24.74435305595398
native_dram_disk,1772730176.621037,7.2272,24.852736949920654
native_dram_disk,1772730176.737297,7.2272,24.96899700164795
native_dram_disk,1772730176.850615,7.2272,25.08231496810913
native_dram_disk,1772730176.96348,7.2272,25.19517993927002
native_dram_disk,1772730177.07103,7.2272,25.302729845046997
native_dram_disk,1772730177.182329,7.2272,25.414028882980347
native_dram_disk,1772730177.313128,7.2272,25.544827938079834
native_dram_disk,1772730177.427376,7.2272,25.65907597541809
native_dram_disk,1772730177.535503,7.2272,25.767202854156494
native_dram_disk,1772730177.645741,7.2272,25.877440929412842
native_dram_disk,1772730177.758174,7.2272,25.9898738861084
native_dram_disk,1772730177.867751,7.2272,26.099450826644897
native_dram_disk,1772730177.979034,7.2272,26.210733890533447
native_dram_disk,1772730178.091132,7.2272,26.322831869125366
native_dram_disk,1772730178.20069,7.2272,26.432389974594116
native_dram_disk,1772730178.311534,7.2272,26.54323387145996
native_dram_disk,1772730178.423815,7.2272,26.65551495552063
native_dram_disk,1772730178.535262,7.2272,26.7669620513916
native_dram_disk,1772730178.662711,7.2272,26.894410848617554
native_dram_disk,1772730178.770216,7.2272,27.00191593170166
native_dram_disk,1772730178.885198,7.2272,27.11689805984497
native_dram_disk,1772730179.00435,7.2272,27.23604989051819
native_dram_disk,1772730179.143643,7.2272,27.375342845916748
native_dram_disk,1772730179.252206,7.2272,27.483906030654907
native_dram_disk,1772730179.367692,7.2272,27.59939193725586
native_dram_disk,1772730179.49882,7.2272,27.730520009994507
native_dram_disk,1772730179.608837,7.2272,27.84053683280945
native_dram_disk,1772730179.72521,7.2272,27.956909894943237
native_dram_disk,1772730179.831997,7.2272,28.06369686126709
native_dram_disk,1772730179.942663,7.2272,28.174362897872925
native_dram_disk,1772730180.052477,7.2272,28.28417682647705
native_dram_disk,1772730180.166277,7.2272,28.397976875305176
native_dram_disk,1772730180.28003,7.2272,28.511729955673218
native_dram_disk,1772730180.39379,7.2272,28.625489950180054
native_dram_disk,1772730180.505798,7.2272,28.73749804496765
native_dram_disk,1772730180.620961,7.2272,28.85266089439392
native_dram_disk,1772730180.726375,7.2272,28.958075046539307
native_dram_disk,1772730180.839601,7.2272,29.071300983428955
native_dram_disk,1772730180.957858,7.2272,29.189558029174805
native_dram_disk,1772730181.063109,7.2272,29.294808864593506
native_dram_disk,1772730181.171854,7.2272,29.40355396270752
native_dram_disk,1772730181.278311,7.2272,29.510010957717896
native_dram_disk,1772730181.422096,7.2272,29.653795957565308
native_dram_disk,1772730181.527723,7.2272,29.75942301750183
native_dram_disk,1772730181.636713,7.2272,29.868412971496582
native_dram_disk,1772730181.748353,7.2272,29.980052947998047
native_dram_disk,1772730181.859067,7.2272,30.09076690673828
native_dram_disk,1772730181.971391,7.2272,30.20309090614319
native_dram_disk,1772730182.072044,7.2272,30.303743839263916
native_dram_disk,1772730182.17737,7.2272,30.409070014953613
native_dram_disk,1772730182.289861,7.2272,30.52156090736389
native_dram_disk,1772730182.410856,7.2272,30.642555952072144
native_dram_disk,1772730182.574415,7.2272,30.80611491203308
native_dram_disk,1772730182.692329,7.2272,30.924028873443604
native_dram_disk,1772730182.808384,7.2272,31.04008388519287
native_dram_disk,1772730182.94121,7.2272,31.17290997505188
native_dram_disk,1772730183.06689,7.2272,31.298589944839478
native_dram_disk,1772730183.1775,7.2272,31.409199953079224
native_dram_disk,1772730183.289416,7.2272,31.521116018295288
native_dram_disk,1772730183.404001,7.2272,31.635700941085815
native_dram_disk,1772730183.514117,7.2272,31.745816946029663
native_dram_disk,1772730183.643063,7.2272,31.874763011932373
native_dram_disk,1772730183.787474,7.2272,32.01917386054993
native_dram_disk,1772730183.888282,7.2272,32.11998200416565
native_dram_disk,1772730183.999344,7.2272,32.23104405403137
native_dram_disk,1772730184.129837,7.2272,32.36153697967529
native_dram_disk,1772730184.230644,7.2272,32.46234393119812
native_dram_disk,1772730184.336474,7.2272,32.56817388534546
native_dram_disk,1772730184.448589,7.2272,32.68028903007507
native_dram_disk,1772730184.563664,7.2272,32.795363903045654
native_dram_disk,1772730184.665976,7.2272,32.89767599105835
native_dram_disk,1772730184.814618,7.2272,33.04631805419922
native_dram_disk,1772730184.930285,7.2272,33.16198492050171
native_dram_disk,1772730185.036794,7.2272,33.26849389076233
native_dram_disk,1772730185.146955,7.2272,33.37865495681763
native_dram_disk,1772730185.272751,7.2272,33.50445103645325
native_dram_disk,1772730185.392021,7.2272,33.62372088432312
native_dram_disk,1772730185.512711,7.2272,33.7444109916687
native_dram_disk,1772730185.628145,7.2272,33.85984492301941
native_dram_disk,1772730185.738972,7.2272,33.97067189216614
native_dram_disk,1772730185.85351,7.2272,34.08520984649658
native_dram_disk,1772730185.989954,7.2272,34.22165393829346
native_dram_disk,1772730186.11107,7.2272,34.34276986122131
native_dram_disk,1772730186.226788,7.2272,34.45848798751831
native_dram_disk,1772730186.339595,7.2272,34.57129502296448
native_dram_disk,1772730186.450597,7.2272,34.68229699134827
native_dram_disk,1772730186.563921,7.2272,34.795620918273926
native_dram_disk,1772730186.67479,7.2272,34.906489849090576
native_dram_disk,1772730186.785542,7.2272,35.01724195480347
native_dram_disk,1772730186.897651,7.2272,35.129350900650024
native_dram_disk,1772730187.012186,7.2272,35.24388599395752
native_dram_disk,1772730187.124091,7.2272,35.355790853500366
native_dram_disk,1772730187.236466,7.2272,35.4681658744812
native_dram_disk,1772730187.347264,7.2272,35.57896399497986
native_dram_disk,1772730187.458931,7.2272,35.69063091278076
native_dram_disk,1772730187.571269,7.2272,35.802968978881836
native_dram_disk,1772730187.680945,7.2272,35.91264486312866
native_dram_disk,1772730187.793108,7.2272,36.024807929992676
native_dram_disk,1772730187.923504,7.2272,36.15520405769348
native_dram_disk,1772730188.035007,7.2272,36.26670694351196
native_dram_disk,1772730188.145199,7.2272,36.376899003982544
native_dram_disk,1772730188.466685,7.2272,36.69838500022888
native_dram_disk,1772730188.607729,7.2272,36.83942890167236
native_dram_disk,1772730188.721333,7.2272,36.95303297042847
native_dram_disk,1772730188.8467,7.2272,37.078399896621704
native_dram_disk,1772730189.001174,7.2272,37.23287391662598
native_dram_disk,1772730189.104156,7.2272,37.33585596084595
native_dram_disk,1772730189.217298,7.2272,37.44899797439575
native_dram_disk,1772730189.3301,7.2272,37.56180000305176
native_dram_disk,1772730189.441862,7.2272,37.67356204986572
native_dram_disk,1772730189.567345,7.2272,37.7990448474884
native_dram_disk,1772730189.683614,7.2272,37.915313959121704
native_dram_disk,1772730189.835079,7.2272,38.066778898239136
native_dram_disk,1772730189.936227,7.2272,38.16792702674866
native_dram_disk,1772730190.039295,7.2272,38.270994901657104
native_dram_disk,1772730190.150269,7.2272,38.38196897506714
native_dram_disk,1772730190.262181,7.2272,38.49388098716736
native_dram_disk,1772730190.374798,7.2272,38.60649800300598
native_dram_disk,1772730190.492612,7.2272,38.72431182861328
native_dram_disk,1772730190.60634,7.2272,38.83803987503052
native_dram_disk,1772730190.718788,7.2272,38.95048785209656
native_dram_disk,1772730190.851082,7.2272,39.08278203010559
native_dram_disk,1772730190.967769,7.2272,39.19946885108948
native_dram_disk,1772730191.082404,7.2272,39.314103841781616
native_dram_disk,1772730191.192241,7.2272,39.423940896987915
native_dram_disk,1772730191.307084,7.2272,39.53878402709961
native_dram_disk,1772730191.423138,7.2272,39.65483784675598
native_dram_disk,1772730191.53695,7.2272,39.76865005493164
native_dram_disk,1772730191.656036,7.2272,39.88773584365845
native_dram_disk,1772730191.766691,7.2272,39.998390913009644
native_dram_disk,1772730191.879272,7.2272,40.11097192764282
native_dram_disk,1772730191.994783,7.2272,40.22648286819458
native_dram_disk,1772730192.106582,7.2272,40.338281869888306
native_dram_disk,1772730192.218723,7.2272,40.45042300224304
native_dram_disk,1772730192.330874,7.2272,40.56257390975952
native_dram_disk,1772730192.444819,7.2272,40.67651891708374
native_dram_disk,1772730192.555052,7.2272,40.78675198554993
native_dram_disk,1772730192.672359,7.2272,40.90405893325806
native_dram_disk,1772730192.789004,7.2272,41.0207040309906
native_dram_disk,1772730192.896736,7.2272,41.12843585014343
native_dram_disk,1772730193.011228,7.2272,41.24292802810669
native_dram_disk,1772730193.147418,7.2272,41.37911796569824
native_dram_disk,1772730193.260862,7.2272,41.49256205558777
native_dram_disk,1772730193.374611,7.2272,41.60631084442139
native_dram_disk,1772730193.500325,7.2272,41.732024908065796
native_dram_disk,1772730193.624054,7.2272,41.855753898620605
native_dram_disk,1772730193.739787,7.2272,41.971487045288086
native_dram_disk,1772730193.85042,7.2272,42.082119941711426
native_dram_disk,1772730194.037555,7.2272,42.26925492286682
native_dram_disk,1772730194.13817,7.2272,42.36986994743347
native_dram_disk,1772730194.241687,7.2272,42.473387002944946
native_dram_disk,1772730194.357806,7.2272,42.58950591087341
native_dram_disk,1772730194.469526,7.2272,42.701225996017456
native_dram_disk,1772730194.581644,7.2272,42.81334400177002
native_dram_disk,1772730194.692331,7.2272,42.924031019210815
native_dram_disk,1772730194.797916,7.2272,43.02961587905884
native_dram_disk,1772730194.906244,7.2272,43.137943983078
native_dram_disk,1772730195.014478,7.2272,43.24617791175842
native_dram_disk,1772730195.160666,7.2272,43.3923659324646
native_dram_disk,1772730195.28334,7.2272,43.515039920806885
native_dram_disk,1772730195.384036,7.2272,43.61573600769043
native_dram_disk,1772730195.492174,7.2272,43.72387385368347
native_dram_disk,1772730195.605925,7.2272,43.83762502670288
native_dram_disk,1772730195.722427,7.2272,43.954126834869385
native_dram_disk,1772730195.836805,7.2272,44.06850504875183
native_dram_disk,1772730195.948778,7.2272,44.18047785758972
native_dram_disk,1772730196.063129,7.2272,44.29482889175415
native_dram_disk,1772730196.174933,7.2272,44.40663290023804
native_dram_disk,1772730196.284733,7.2272,44.516433000564575
native_dram_disk,1772730196.397386,7.2272,44.62908601760864
native_dram_disk,1772730196.510546,7.2272,44.74224591255188
native_dram_disk,1772730196.622236,7.2272,44.853935956954956
native_dram_disk,1772730196.735424,7.2272,44.96712398529053
native_dram_disk,1772730196.847429,7.2272,45.0791289806366
native_dram_disk,1772730196.96064,7.2272,45.19233989715576
native_dram_disk,1772730197.08682,7.2272,45.318519830703735
native_dram_disk,1772730197.208085,7.2272,45.43978500366211
native_dram_disk,1772730197.32606,7.2272,45.55776000022888
native_dram_disk,1772730197.462585,7.2272,45.69428491592407
native_dram_disk,1772730197.577033,7.2272,45.808732986450195
native_dram_disk,1772730197.709787,7.2272,45.941486835479736
native_dram_disk,1772730197.855018,7.2272,46.0867178440094
native_dram_disk,1772730197.964962,7.2272,46.196661949157715
native_dram_disk,1772730198.08029,7.2272,46.3119900226593
native_dram_disk,1772730198.192269,7.2272,46.42396903038025
native_dram_disk,1772730198.307615,7.2272,46.53931498527527
native_dram_disk,1772730198.439474,7.2272,46.67117404937744
native_dram_disk,1772730198.545732,7.2272,46.77743196487427
native_dram_disk,1772730198.649453,7.2272,46.881152868270874
native_dram_disk,1772730198.778347,7.2272,47.01004695892334
native_dram_disk,1772730198.886876,7.2272,47.11857604980469
native_dram_disk,1772730199.000531,7.2272,47.23223090171814
native_dram_disk,1772730199.115548,7.2272,47.347247838974
native_dram_disk,1772730199.24047,7.2272,47.47216987609863
native_dram_disk,1772730199.391569,7.2272,47.623268842697144
native_dram_disk,1772730199.504399,7.2272,47.73609900474548
native_dram_disk,1772730199.618394,7.2272,47.850093841552734
native_dram_disk,1772730199.751893,7.2272,47.98359298706055
native_dram_disk,1772730199.86446,7.2272,48.09615993499756
native_dram_disk,1772730199.984545,7.2272,48.21624493598938
native_dram_disk,1772730200.100584,7.2272,48.33228397369385
native_dram_disk,1772730200.213792,7.2272,48.44549202919006
native_dram_disk,1772730200.324041,7.2272,48.55574083328247
native_dram_disk,1772730200.440722,7.2272,48.67242193222046
native_dram_disk,1772730200.55089,7.2272,48.78258991241455
native_dram_disk,1772730200.666162,7.2272,48.89786195755005
native_dram_disk,1772730200.779761,7.2272,49.01146101951599
native_dram_disk,1772730200.891832,7.2272,49.12353205680847
native_dram_disk,1772730201.004897,7.2272,49.23659706115723
native_dram_disk,1772730201.118872,7.2272,49.35057187080383
native_dram_disk,1772730201.232386,7.2272,49.464086055755615
native_dram_disk,1772730201.364971,7.2272,49.59667086601257
native_dram_disk,1772730201.476955,7.2272,49.70865488052368
native_dram_disk,1772730201.587677,7.2272,49.819376945495605
native_dram_disk,1772730201.70794,7.2272,49.939640045166016
native_dram_disk,1772730201.816574,7.2272,50.04827404022217
native_dram_disk,1772730201.93203,7.2272,50.16372990608215
native_dram_disk,1772730202.044412,7.2272,50.27611184120178
native_dram_disk,1772730202.157175,7.2272,50.388875007629395
native_dram_disk,1772730202.26879,7.2272,50.500489950180054
native_dram_disk,1772730202.393294,7.2272,50.62499403953552
native_dram_disk,1772730202.523667,7.2272,50.755367040634155
native_dram_disk,1772730202.64408,7.2272,50.87577986717224
native_dram_disk,1772730202.792129,7.2272,51.023828983306885
native_dram_disk,1772730202.905028,7.2272,51.136728048324585
native_dram_disk,1772730203.020496,7.2272,51.252195835113525
native_dram_disk,1772730203.132029,7.2272,51.36372900009155
native_dram_disk,1772730203.24759,7.2272,51.47929000854492
native_dram_disk,1772730203.348462,7.2272,51.580162048339844
native_dram_disk,1772730203.462947,7.2272,51.69464683532715
native_dram_disk,1772730203.573808,7.2272,51.80550789833069
native_dram_disk,1772730203.695429,7.2272,51.92712903022766
native_dram_disk,1772730203.815398,7.2272,52.04709792137146
native_dram_disk,1772730203.966029,7.2272,52.197728872299194
native_dram_disk,1772730204.067881,7.2272,52.2995810508728
native_dram_disk,1772730204.183895,7.2272,52.415595054626465
native_dram_disk,1772730204.291286,7.2272,52.52298593521118
native_dram_disk,1772730204.403944,7.2272,52.63564395904541
native_dram_disk,1772730204.516054,7.2272,52.747753858566284
native_dram_disk,1772730204.617623,7.2272,52.8493230342865
native_dram_disk,1772730204.742874,7.2272,52.974573850631714
native_dram_disk,1772730204.862404,7.2272,53.094104051589966
native_dram_disk,1772730204.998375,7.2272,53.230074882507324
native_dram_disk,1772730205.130984,7.2272,53.36268401145935
native_dram_disk,1772730205.232013,7.2272,53.46371293067932
native_dram_disk,1772730205.352979,7.2272,53.58467888832092
native_dram_disk,1772730205.453604,7.2272,53.685303926467896
native_dram_disk,1772730205.565061,7.2272,53.79676103591919
native_dram_disk,1772730205.687966,7.2272,53.919666051864624
native_dram_disk,1772730205.798971,7.2272,54.03067088127136
native_dram_disk,1772730205.91361,7.2272,54.145309925079346
native_dram_disk,1772730206.030141,7.2272,54.26184105873108
native_dram_disk,1772730206.140741,7.2272,54.3724410533905
native_dram_disk,1772730206.256958,7.2272,54.48865795135498
native_dram_disk,1772730206.368464,7.2272,54.60016393661499
native_dram_disk,1772730206.483277,7.2272,54.71497702598572
native_dram_disk,1772730206.598211,7.2272,54.82991099357605
native_dram_disk,1772730206.709534,7.2272,54.94123387336731
native_dram_disk,1772730206.824716,7.2272,55.056416034698486
native_dram_disk,1772730206.936747,7.2272,55.16844701766968
native_dram_disk,1772730207.051339,7.2272,55.283038854599
native_dram_disk,1772730207.166615,7.2272,55.39831495285034
native_dram_disk,1772730207.278195,7.2272,55.50989484786987
native_dram_disk,1772730207.389198,7.2272,55.62089800834656
native_dram_disk,1772730207.504638,7.2272,55.73633790016174
native_dram_disk,1772730207.615858,7.2272,55.84755802154541
native_dram_disk,1772730207.777526,7.2272,56.009225845336914
native_dram_disk,1772730207.87939,7.2272,56.11108994483948
native_dram_disk,1772730207.999727,7.2272,56.23142695426941
native_dram_disk,1772730208.131366,7.2272,56.36306595802307
native_dram_disk,1772730208.268444,7.2272,56.50014400482178
native_dram_disk,1772730208.417412,7.2272,56.64911198616028
native_dram_disk,1772730208.518483,7.2272,56.75018286705017
native_dram_disk,1772730208.630527,7.2272,56.86222696304321
native_dram_disk,1772730208.740767,7.2272,56.97246694564819
native_dram_disk,1772730208.856961,7.2272,57.08866095542908
native_dram_disk,1772730208.972972,7.2272,57.20467185974121
native_dram_disk,1772730209.087039,7.2272,57.31873893737793
native_dram_disk,1772730209.198866,7.2272,57.43056583404541
native_dram_disk,1772730209.3122,7.2272,57.54390001296997
native_dram_disk,1772730209.42499,7.2272,57.65668988227844
native_dram_disk,1772730209.53639,7.2272,57.76809000968933
native_dram_disk,1772730209.649753,7.2272,57.88145303726196
native_dram_disk,1772730209.750001,7.2272,57.9817008972168
native_dram_disk,1772730209.863189,7.2272,58.09488892555237
native_dram_disk,1772730209.987147,7.2272,58.218847036361694
native_dram_disk,1772730210.149651,7.2272,58.38135099411011
native_dram_disk,1772730210.270312,7.2272,58.50201201438904
native_dram_disk,1772730210.370579,7.2272,58.6022789478302
native_dram_disk,1772730210.473699,7.2272,58.70539903640747
native_dram_disk,1772730210.584924,7.2272,58.81662392616272
native_dram_disk,1772730210.705763,7.2272,58.93746304512024
native_dram_disk,1772730210.822227,7.2272,59.053926944732666
native_dram_disk,1772730210.943943,7.2272,59.17564296722412
native_dram_disk,1772730211.07829,7.2272,59.30998992919922
native_dram_disk,1772730211.193522,7.2272,59.42522192001343
native_dram_disk,1772730211.328311,7.2272,59.56001091003418
native_dram_disk,1772730211.593819,7.2272,59.82551884651184
native_dram_disk,1772730211.705541,7.2272,59.93724083900452
native_dram_disk,1772730211.816915,7.2272,60.04861497879028
native_dram_disk,1772730211.930555,7.2272,60.16225504875183
native_dram_disk,1772730212.04633,7.2272,60.278029918670654
native_dram_disk,1772730212.164919,7.2272,60.39661884307861
native_dram_disk,1772730212.278582,7.2272,60.510282039642334
native_dram_disk,1772730212.391395,7.2272,60.62309503555298
native_dram_disk,1772730212.505999,7.2272,60.737699031829834
native_dram_disk,1772730212.619522,7.2272,60.85122203826904
native_dram_disk,1772730212.738437,7.2272,60.970136880874634
native_dram_disk,1772730212.851774,7.2272,61.083473920822144
native_dram_disk,1772730212.964614,7.2272,61.19631385803223
native_dram_disk,1772730213.081164,7.2272,61.31286382675171
native_dram_disk,1772730213.201395,7.2272,61.43309497833252
native_dram_disk,1772730213.312383,7.2272,61.54408288002014
native_dram_disk,1772730213.475041,7.2272,61.706740856170654
native_dram_disk,1772730213.57537,7.2272,61.80707001686096
native_dram_disk,1772730213.70535,7.2272,61.937049865722656
native_dram_disk,1772730213.816078,7.2272,62.04777789115906
native_dram_disk,1772730213.943652,7.2272,62.17535185813904
native_dram_disk,1772730214.071473,7.2272,62.30317282676697
native_dram_disk,1772730214.194551,7.2272,62.42625093460083
native_dram_disk,1772730214.30948,7.2272,62.541179895401
native_dram_disk,1772730214.443252,7.2272,62.674952030181885
native_dram_disk,1772730214.5442,7.2272,62.77589988708496
native_dram_disk,1772730214.659288,7.2272,62.89098787307739
native_dram_disk,1772730214.815713,7.2272,63.04741287231445
native_dram_disk,1772730214.916749,7.2272,63.1484489440918
native_dram_disk,1772730215.028419,7.2272,63.26011896133423
native_dram_disk,1772730215.144108,7.2272,63.375808000564575
native_dram_disk,1772730215.244547,7.2272,63.47624683380127
native_dram_disk,1772730215.358559,7.2272,63.590258836746216
native_dram_disk,1772730215.488863,7.2272,63.72056293487549
native_dram_disk,1772730215.604835,7.2272,63.83653497695923
native_dram_disk,1772730215.735352,7.2272,63.96705198287964
native_dram_disk,1772730215.849359,7.2272,64.08105897903442
native_dram_disk,1772730215.967657,7.2272,64.19935703277588
native_dram_disk,1772730216.075397,7.2272,64.3070969581604
native_dram_disk,1772730216.181315,7.2272,64.41301488876343
native_dram_disk,1772730216.296805,7.2272,64.52850484848022
native_dram_disk,1772730216.411005,7.2272,64.64270496368408
native_dram_disk,1772730216.522303,7.2272,64.75400304794312
native_dram_disk,1772730216.637821,7.2272,64.86952090263367
native_dram_disk,1772730216.749776,7.2272,64.98147583007812
native_dram_disk,1772730216.863436,7.2272,65.09513592720032
native_dram_disk,1772730216.976933,7.2272,65.2086329460144
native_dram_disk,1772730217.09226,7.2272,65.3239598274231
native_dram_disk,1772730217.214195,7.2272,65.44589495658875
native_dram_disk,1772730217.330145,7.2272,65.56184482574463
native_dram_disk,1772730217.473165,7.2272,65.70486497879028
native_dram_disk,1772730217.60151,7.2272,65.83320999145508
native_dram_disk,1772730217.751837,7.2272,65.98353695869446
native_dram_disk,1772730217.864718,7.2272,66.09641790390015
native_dram_disk,1772730217.978656,7.2272,66.21035599708557
native_dram_disk,1772730218.088194,7.2272,66.3198938369751
native_dram_disk,1772730218.188791,7.2272,66.42049098014832
native_dram_disk,1772730218.312122,7.2272,66.5438220500946
native_dram_disk,1772730218.434642,7.2272,66.66634202003479
native_dram_disk,1772730218.550427,7.2272,66.78212690353394
native_dram_disk,1772730218.684567,7.2272,66.91626691818237
native_dram_disk,1772730218.799207,7.2272,67.03090691566467
native_dram_disk,1772730218.966904,7.2272,67.1986038684845
native_dram_disk,1772730219.068672,7.2272,67.30037188529968
native_dram_disk,1772730219.191543,7.2272,67.42324304580688
native_dram_disk,1772730219.310387,7.2272,67.5420868396759
native_dram_disk,1772730219.423223,7.2272,67.65492296218872
native_dram_disk,1772730219.534839,7.2272,67.7665388584137
native_dram_disk,1772730219.65,7.2272,67.88170003890991
native_dram_disk,1772730219.7644,7.2272,67.99609994888306
native_dram_disk,1772730219.879377,7.2272,68.11107683181763
native_dram_disk,1772730219.998468,7.2272,68.23016786575317
native_dram_disk,1772730220.105397,7.2272,68.33709692955017
native_dram_disk,1772730220.222636,7.2272,68.45433592796326
native_dram_disk,1772730220.336344,7.2272,68.56804394721985
native_dram_disk,1772730220.453495,7.2272,68.68519496917725
native_dram_disk,1772730220.568961,7.2272,68.80066084861755
native_dram_disk,1772730220.684432,7.2272,68.9161319732666
native_dram_disk,1772730220.799445,7.2272,69.03114485740662
native_dram_disk,1772730220.915064,7.2272,69.14676403999329
native_dram_disk,1772730221.032798,7.2272,69.26449799537659
native_dram_disk,1772730221.148723,7.2272,69.38042283058167
native_dram_disk,1772730221.263528,7.2272,69.49522805213928
native_dram_disk,1772730221.376115,7.2272,69.60781502723694
native_dram_disk,1772730221.49008,7.2272,69.7217800617218
native_dram_disk,1772730221.603198,7.2272,69.83489799499512
native_dram_disk,1772730221.716475,7.2272,69.9481749534607
native_dram_disk,1772730221.830002,7.2272,70.06170201301575
native_dram_disk,1772730221.957269,7.2272,70.18896889686584
native_dram_disk,1772730222.107439,7.2272,70.33913898468018
native_dram_disk,1772730222.210965,7.2272,70.44266486167908
native_dram_disk,1772730222.318429,7.2272,70.55012893676758
native_dram_disk,1772730222.442573,7.2272,70.6742730140686
native_dram_disk,1772730222.566355,7.2272,70.79805493354797
native_dram_disk,1772730222.700327,7.2272,70.93202686309814
native_dram_disk,1772730222.801147,7.2272,71.03284692764282
native_dram_disk,1772730222.913566,7.2272,71.14526605606079
native_dram_disk,1772730223.065186,7.2272,71.29688596725464
native_dram_disk,1772730223.179221,7.2272,71.41092085838318
native_dram_disk,1772730223.29373,7.2272,71.52542996406555
native_dram_disk,1772730223.407714,7.2272,71.63941383361816
native_dram_disk,1772730223.52338,7.2272,71.75507998466492
native_dram_disk,1772730223.659766,7.2272,71.89146590232849
native_dram_disk,1772730223.798351,7.2272,72.0300509929657
native_dram_disk,1772730223.911725,7.2272,72.14342498779297
native_dram_disk,1772730224.025873,7.2272,72.257572889328
native_dram_disk,1772730224.140172,7.2272,72.37187194824219
native_dram_disk,1772730224.268673,7.2272,72.50037288665771
native_dram_disk,1772730224.386168,7.2272,72.61786794662476
native_dram_disk,1772730224.742188,7.2272,72.97388792037964
native_dram_disk,1772730224.842554,7.2272,73.0742540359497
native_dram_disk,1772730224.954977,7.2272,73.18667697906494
native_dram_disk,1772730225.060473,7.2272,73.29217290878296
native_dram_disk,1772730225.166182,7.2272,73.3978819847107
native_dram_disk,1772730225.279613,7.2272,73.51131296157837
native_dram_disk,1772730225.394994,7.2272,73.62669396400452
native_dram_disk,1772730225.509803,7.2272,73.7415030002594
native_dram_disk,1772730225.624049,7.2272,73.85574889183044
native_dram_disk,1772730225.742312,7.2272,73.97401189804077
native_dram_disk,1772730225.856488,7.2272,74.08818793296814
native_dram_disk,1772730225.973737,7.2272,74.20543694496155
native_dram_disk,1772730226.11298,7.2272,74.3446798324585
native_dram_disk,1772730226.224271,7.2272,74.45597100257874
native_dram_disk,1772730226.341223,7.2272,74.57292294502258
native_dram_disk,1772730226.454319,7.2272,74.68601894378662
native_dram_disk,1772730226.56915,7.2272,74.80084991455078
native_dram_disk,1772730226.684497,7.2272,74.9161970615387
native_dram_disk,1772730226.798924,7.2272,75.03062391281128
native_dram_disk,1772730226.955248,7.2272,75.18694806098938
native_dram_disk,1772730227.065927,7.2272,75.29762697219849
native_dram_disk,1772730227.180282,7.2292,75.41198205947876
native_dram_disk,1772730227.296637,7.2292,75.52833700180054
native_dram_disk,1772730227.41192,7.2292,75.64362001419067
native_dram_disk,1772730227.527712,7.2292,75.75941205024719
native_dram_disk,1772730227.644275,7.2292,75.87597489356995
native_dram_disk,1772730227.789676,7.2292,76.02137589454651
native_dram_disk,1772730227.897771,7.2292,76.12947082519531
native_dram_disk,1772730228.010308,7.2292,76.24200797080994
native_dram_disk,1772730228.127412,7.2292,76.35911202430725
native_dram_disk,1772730228.240628,7.2292,76.47232794761658
native_dram_disk,1772730228.356199,7.2292,76.58789896965027
native_dram_disk,1772730228.471808,7.2292,76.70350790023804
native_dram_disk,1772730228.584557,7.2292,76.81625699996948
native_dram_disk,1772730228.699643,7.2292,76.9313428401947
native_dram_disk,1772730228.817889,7.2292,77.04958891868591
native_dram_disk,1772730228.935291,7.2292,77.1669909954071
native_dram_disk,1772730229.052711,7.2292,77.28441095352173
native_dram_disk,1772730229.16677,7.2292,77.39846992492676
native_dram_disk,1772730229.2809,7.2292,77.51259994506836
native_dram_disk,1772730229.446861,7.2292,77.67856097221375
native_dram_disk,1772730229.548969,7.2292,77.78066897392273
native_dram_disk,1772730229.665663,7.2292,77.89736294746399
native_dram_disk,1772730229.803962,7.2292,78.03566193580627
native_dram_disk,1772730229.916835,7.2292,78.14853501319885
native_dram_disk,1772730230.034914,7.2292,78.26661396026611
native_dram_disk,1772730230.15622,7.2292,78.38791990280151
native_dram_disk,1772730230.272301,7.2292,78.5040009021759
native_dram_disk,1772730230.388214,7.2292,78.6199140548706
native_dram_disk,1772730230.504922,7.2292,78.73662185668945
native_dram_disk,1772730230.619221,7.2292,78.85092091560364
native_dram_disk,1772730230.733032,7.2292,78.9647319316864
native_dram_disk,1772730230.847172,7.2292,79.07887196540833
native_dram_disk,1772730230.969467,7.2292,79.20116686820984
native_dram_disk,1772730231.086588,7.2292,79.31828784942627
native_dram_disk,1772730231.201926,7.2292,79.43362593650818
native_dram_disk,1772730231.336795,7.2292,79.56849503517151
native_dram_disk,1772730231.451493,7.2292,79.68319296836853
native_dram_disk,1772730231.565807,7.2292,79.7975070476532
native_dram_disk,1772730231.682171,7.2292,79.91387104988098
native_dram_disk,1772730231.813019,7.2292,80.04471898078918
native_dram_disk,1772730231.928181,7.2292,80.15988087654114
native_dram_disk,1772730232.040001,7.2292,80.27170085906982
native_dram_disk,1772730232.156913,7.2292,80.38861298561096
native_dram_disk,1772730232.272048,7.2292,80.50374794006348
native_dram_disk,1772730232.394593,7.2292,80.62629294395447
native_dram_disk,1772730232.511006,7.2292,80.74270606040955
native_dram_disk,1772730232.627779,7.2292,80.85947895050049
native_dram_disk,1772730232.739674,7.2292,80.97137403488159
native_dram_disk,1772730232.857191,7.2292,81.08889102935791
native_dram_disk,1772730233.008471,7.2292,81.24017095565796
native_dram_disk,1772730233.119437,7.2292,81.3511369228363
native_dram_disk,1772730233.225193,7.2292,81.45689296722412
native_dram_disk,1772730233.390881,7.2292,81.62258100509644
native_dram_disk,1772730233.491182,7.2292,81.72288203239441
native_dram_disk,1772730233.592193,7.2292,81.82389283180237
native_dram_disk,1772730233.706785,7.2292,81.93848490715027
native_dram_disk,1772730233.818479,7.2292,82.05017900466919
native_dram_disk,1772730233.919659,7.2292,82.15135884284973
native_dram_disk,1772730234.030484,7.2292,82.26218390464783
native_dram_disk,1772730234.152392,7.2292,82.38409185409546
native_dram_disk,1772730234.269457,7.2292,82.50115704536438
native_dram_disk,1772730234.384576,7.2292,82.6162760257721
native_dram_disk,1772730234.524663,7.2292,82.75636291503906
native_dram_disk,1772730234.641891,7.2292,82.87359094619751
native_dram_disk,1772730234.761996,7.2292,82.99369597434998
native_dram_disk,1772730234.8891,7.2292,83.12080001831055
native_dram_disk,1772730235.007298,7.2292,83.23899793624878
native_dram_disk,1772730235.125385,7.2292,83.35708498954773
native_dram_disk,1772730235.240526,7.2292,83.47222590446472
native_dram_disk,1772730235.356162,7.2292,83.58786201477051
native_dram_disk,1772730235.470357,7.2292,83.70205688476562
native_dram_disk,1772730235.584038,7.2292,83.81573796272278
native_dram_disk,1772730235.697237,7.2292,83.92893695831299
native_dram_disk,1772730236.091541,7.2292,84.3232409954071
native_dram_disk,1772730236.192996,7.2292,84.42469596862793
native_dram_disk,1772730236.307175,7.2292,84.53887486457825
native_dram_disk,1772730236.423085,7.2292,84.65478491783142
native_dram_disk,1772730236.539719,7.2292,84.77141904830933
native_dram_disk,1772730236.651888,7.2292,84.88358783721924
native_dram_disk,1772730236.769602,7.2292,85.00130200386047
native_dram_disk,1772730236.885633,7.2292,85.11733293533325
native_dram_disk,1772730237.001799,7.2292,85.23349905014038
native_dram_disk,1772730237.118213,7.2292,85.3499128818512
native_dram_disk,1772730237.232707,7.2292,85.46440696716309
native_dram_disk,1772730237.362419,7.2292,85.59411883354187
native_dram_disk,1772730237.478129,7.2292,85.70982885360718
native_dram_disk,1772730237.594831,7.2292,85.82653093338013
native_dram_disk,1772730237.709206,7.2292,85.94090604782104
native_dram_disk,1772730237.826239,7.2292,86.05793905258179
native_dram_disk,1772730237.942548,7.2292,86.1742479801178
native_dram_disk,1772730238.056854,7.2292,86.28855395317078
native_dram_disk,1772730238.17335,7.2292,86.40505003929138
native_dram_disk,1772730238.288211,7.2292,86.51991105079651
native_dram_disk,1772730238.40435,7.2292,86.63604998588562
native_dram_disk,1772730238.518656,7.2292,86.7503559589386
native_dram_disk,1772730238.631535,7.2292,86.86323499679565
native_dram_disk,1772730238.748873,7.2292,86.98057293891907
native_dram_disk,1772730238.86351,7.2292,87.09520983695984
native_dram_disk,1772730238.97825,7.2292,87.20994997024536
native_dram_disk,1772730239.091163,7.2292,87.32286286354065
native_dram_disk,1772730239.207672,7.2292,87.4393720626831
native_dram_disk,1772730239.320901,7.2292,87.5526008605957
native_dram_disk,1772730239.436564,7.2292,87.66826391220093
native_dram_disk,1772730239.551178,7.2292,87.7828779220581
native_dram_disk,1772730239.68537,7.2292,87.91706991195679
native_dram_disk,1772730239.798841,7.2292,88.03054094314575
native_dram_disk,1772730239.915442,7.2292,88.14714193344116
native_dram_disk,1772730240.028905,7.2292,88.26060485839844
native_dram_disk,1772730240.143771,7.2292,88.37547087669373
native_dram_disk,1772730240.257828,7.2292,88.48952794075012
native_dram_disk,1772730240.372664,7.2292,88.60436391830444
native_dram_disk,1772730240.489873,7.2292,88.72157287597656
native_dram_disk,1772730240.605931,7.2292,88.83763098716736
native_dram_disk,1772730240.719376,7.2292,88.9510760307312
native_dram_disk,1772730240.8354,7.2292,89.06710004806519
native_dram_disk,1772730240.948129,7.2292,89.17982888221741
native_dram_disk,1772730241.081692,7.2292,89.31339192390442
native_dram_disk,1772730241.197421,7.2292,89.42912101745605
native_dram_disk,1772730241.313389,7.2292,89.54508900642395
native_dram_disk,1772730241.432207,7.2292,89.66390705108643
native_dram_disk,1772730241.56277,7.2292,89.79446983337402
native_dram_disk,1772730241.735708,7.2292,89.96740794181824
native_dram_disk,1772730241.85258,7.2292,90.08428001403809
native_dram_disk,1772730241.967395,7.2292,90.19909501075745
native_dram_disk,1772730242.082385,7.2292,90.31408500671387
native_dram_disk,1772730242.212586,7.2292,90.44428586959839
native_dram_disk,1772730242.328303,7.2292,90.56000304222107
native_dram_disk,1772730242.443884,7.2292,90.6755838394165
native_dram_disk,1772730242.558936,7.2292,90.79063606262207
native_dram_disk,1772730242.675836,7.2292,90.90753602981567
native_dram_disk,1772730242.801482,7.2292,91.03318190574646
native_dram_disk,1772730242.948401,7.2292,91.18010091781616
native_dram_disk,1772730243.059485,7.2292,91.29118490219116
native_dram_disk,1772730243.167568,7.2292,91.39926791191101
native_dram_disk,1772730243.269028,7.2292,91.500727891922
native_dram_disk,1772730243.38932,7.2292,91.62101984024048
native_dram_disk,1772730243.502746,7.2292,91.73444604873657
native_dram_disk,1772730243.621693,7.2292,91.85339283943176
native_dram_disk,1772730243.742891,7.2292,91.97459101676941
native_dram_disk,1772730243.874169,7.2292,92.10586905479431
native_dram_disk,1772730244.230072,7.2292,92.46177196502686
native_dram_disk,1772730244.341015,7.2292,92.5727150440216
native_dram_disk,1772730244.466611,7.2292,92.69831085205078
native_dram_disk,1772730244.599386,7.2292,92.83108592033386
native_dram_disk,1772730244.70032,7.2292,92.93201994895935
native_dram_disk,1772730244.814197,7.2292,93.04589700698853
native_dram_disk,1772730244.930212,7.2292,93.1619119644165
native_dram_disk,1772730245.044869,7.2292,93.27656888961792
native_dram_disk,1772730245.159689,7.2292,93.39138889312744
native_dram_disk,1772730245.274915,7.2292,93.50661492347717
native_dram_disk,1772730245.388123,7.2292,93.61982297897339
native_dram_disk,1772730245.534915,7.2292,93.76661491394043
native_dram_disk,1772730245.681726,7.2292,93.9134259223938
native_dram_disk,1772730245.790253,7.2292,94.02195286750793
native_dram_disk,1772730245.902322,7.2292,94.13402199745178
native_dram_disk,1772730246.020134,7.2292,94.25183391571045
native_dram_disk,1772730246.135768,7.2292,94.36746788024902
native_dram_disk,1772730246.248597,7.2292,94.48029685020447
native_dram_disk,1772730246.36397,7.2292,94.5956699848175
native_dram_disk,1772730246.498365,7.2292,94.730064868927
native_dram_disk,1772730246.611537,7.2292,94.84323692321777
native_dram_disk,1772730246.741369,7.2292,94.97306895256042
native_dram_disk,1772730246.856849,7.2292,95.0885488986969
native_dram_disk,1772730246.975397,7.2292,95.20709705352783
native_dram_disk,1772730247.090182,7.2292,95.32188200950623
native_dram_disk,1772730247.208702,7.2292,95.44040203094482
native_dram_disk,1772730247.34088,7.2292,95.57257986068726
native_dram_disk,1772730247.44181,7.2292,95.6735098361969
native_dram_disk,1772730247.556376,7.2292,95.78807592391968
native_dram_disk,1772730247.671801,7.2292,95.90350103378296
native_dram_disk,1772730247.788403,7.2292,96.02010297775269
native_dram_disk,1772730247.906331,7.2292,96.13803100585938
native_dram_disk,1772730248.021945,7.2292,96.2536449432373
native_dram_disk,1772730248.141385,7.2292,96.37308502197266
native_dram_disk,1772730248.267807,7.2292,96.49950695037842
native_dram_disk,1772730248.388351,7.2292,96.62005090713501
native_dram_disk,1772730248.505771,7.2292,96.73747086524963
native_dram_disk,1772730248.62195,7.2292,96.85364985466003
native_dram_disk,1772730248.77416,7.2292,97.00585985183716
native_dram_disk,1772730248.877027,7.2292,97.108726978302
native_dram_disk,1772730248.996811,7.2292,97.22851085662842
native_dram_disk,1772730249.113594,7.2292,97.34529399871826
native_dram_disk,1772730249.250318,7.2292,97.482017993927
native_dram_disk,1772730249.36751,7.2292,97.59921002388
native_dram_disk,1772730249.48165,7.2292,97.71335005760193
native_dram_disk,1772730249.599061,7.2292,97.83076095581055
native_dram_disk,1772730249.715696,7.2292,97.94739603996277
native_dram_disk,1772730249.83226,7.2292,98.06395983695984
native_dram_disk,1772730249.949208,7.2292,98.18090796470642
native_dram_disk,1772730250.070334,7.2292,98.3020339012146
native_dram_disk,1772730250.226176,7.2292,98.45787596702576
native_dram_disk,1772730250.330603,7.2292,98.56230282783508
native_dram_disk,1772730250.442668,7.2292,98.67436790466309
native_dram_disk,1772730250.556643,7.2292,98.78834295272827
native_dram_disk,1772730250.657316,7.2292,98.88901591300964
native_dram_disk,1772730250.772289,7.2292,99.00398898124695
native_dram_disk,1772730250.894727,7.2292,99.12642693519592
native_dram_disk,1772730251.00839,7.2292,99.24008989334106
native_dram_disk,1772730251.393323,7.2292,99.6250228881836
native_dram_disk,1772730251.497169,7.2292,99.72886896133423
native_dram_disk,1772730251.597246,7.2292,99.82894587516785
native_dram_disk,1772730251.712796,7.2292,99.94449591636658
native_dram_disk,1772730251.828296,7.2292,100.0599958896637
native_dram_disk,1772730251.945304,7.2292,100.17700386047363
native_dram_disk,1772730252.060489,7.2292,100.29218888282776
native_dram_disk,1772730252.177075,7.2292,100.40877485275269
native_dram_disk,1772730252.294906,7.2292,100.52660584449768
native_dram_disk,1772730252.414502,7.2292,100.64620184898376
native_dram_disk,1772730252.531136,7.2292,100.76283597946167
native_dram_disk,1772730252.64558,7.2292,100.87727999687195
native_dram_disk,1772730252.761789,7.2292,100.99348902702332
native_dram_disk,1772730252.894369,7.2292,101.12606883049011
native_dram_disk,1772730253.010727,7.2292,101.24242687225342
native_dram_disk,1772730253.143996,7.2292,101.3756959438324
native_dram_disk,1772730253.264418,7.2292,101.49611783027649
native_dram_disk,1772730253.365443,7.2292,101.5971429347992
native_dram_disk,1772730253.479858,7.2292,101.71155786514282
native_dram_disk,1772730253.597741,7.2292,101.82944083213806
native_dram_disk,1772730253.711397,7.2292,101.94309687614441
native_dram_disk,1772730253.828347,7.2292,102.06004691123962
native_dram_disk,1772730253.948764,7.2292,102.18046402931213
native_dram_disk,1772730254.062,7.2292,102.2936999797821
native_dram_disk,1772730254.181154,7.2292,102.41285395622253
native_dram_disk,1772730254.314865,7.2292,102.54656505584717
native_dram_disk,1772730254.429847,7.2292,102.6615469455719
native_dram_disk,1772730254.544262,7.2292,102.77596187591553
native_dram_disk,1772730254.661051,7.2292,102.89275097846985
native_dram_disk,1772730254.785441,7.2292,103.01714086532593
native_dram_disk,1772730254.916532,7.2292,103.14823198318481
native_dram_disk,1772730255.034132,7.2292,103.26583194732666
native_dram_disk,1772730255.15807,7.2292,103.38977003097534
native_dram_disk,1772730255.275699,7.2292,103.50739884376526
native_dram_disk,1772730255.393887,7.2292,103.62558698654175
native_dram_disk,1772730255.510824,7.2292,103.74252390861511
native_dram_disk,1772730255.626129,7.2292,103.85782885551453
native_dram_disk,1772730255.75059,7.2292,103.98229002952576
native_dram_disk,1772730255.875246,7.2292,104.10694599151611
native_dram_disk,1772730255.990833,7.2292,104.2225329875946
native_dram_disk,1772730256.10018,7.2292,104.33187985420227
native_dram_disk,1772730256.222256,7.2292,104.45395588874817
native_dram_disk,1772730256.339574,7.2292,104.57127404212952
native_dram_disk,1772730256.457448,7.2292,104.68914794921875
native_dram_disk,1772730256.575465,7.2292,104.80716490745544
native_dram_disk,1772730256.706738,7.2292,104.93843793869019
native_dram_disk,1772730256.820948,7.2292,105.05264782905579
native_dram_disk,1772730256.937783,7.2292,105.16948294639587
native_dram_disk,1772730257.26497,7.2292,105.49667000770569
native_dram_disk,1772730257.428777,7.2292,105.66047692298889
native_dram_disk,1772730257.544029,7.2292,105.77572894096375
native_dram_disk,1772730257.659882,7.2292,105.89158201217651
native_dram_disk,1772730257.777822,7.2292,106.00952196121216
native_dram_disk,1772730257.896819,7.2292,106.12851905822754
native_dram_disk,1772730258.014728,7.2292,106.2464280128479
native_dram_disk,1772730258.131733,7.2292,106.36343288421631
native_dram_disk,1772730258.266958,7.2292,106.49865794181824
native_dram_disk,1772730258.372566,7.2292,106.60426592826843
native_dram_disk,1772730258.480758,7.2292,106.71245789527893
native_dram_disk,1772730258.597302,7.2292,106.82900190353394
native_dram_disk,1772730258.712706,7.2292,106.94440603256226
native_dram_disk,1772730258.82773,7.2292,107.05942988395691
native_dram_disk,1772730258.962624,7.2292,107.19432401657104
native_dram_disk,1772730259.084257,7.2292,107.3159568309784
native_dram_disk,1772730259.214439,7.2292,107.44613885879517
native_dram_disk,1772730259.39169,7.2292,107.62338995933533
native_dram_disk,1772730259.492308,7.2292,107.72400784492493
native_dram_disk,1772730259.639619,7.2292,107.87131905555725
native_dram_disk,1772730259.762712,7.2292,107.99441194534302
native_dram_disk,1772730259.899362,7.2292,108.13106203079224
native_dram_disk,1772730260.000279,7.2292,108.23197889328003
native_dram_disk,1772730260.121548,7.2292,108.35324788093567
native_dram_disk,1772730260.22184,7.2292,108.45353984832764
native_dram_disk,1772730260.322202,7.2292,108.55390191078186
native_dram_disk,1772730260.425603,7.2292,108.65730285644531
native_dram_disk,1772730260.543517,7.2292,108.77521705627441
native_dram_disk,1772730260.659616,7.2292,108.89131593704224
native_dram_disk,1772730260.787653,7.2292,109.01935291290283
native_dram_disk,1772730260.904907,7.2292,109.1366069316864
native_dram_disk,1772730261.023114,7.2292,109.25481390953064
native_dram_disk,1772730261.139404,7.2292,109.3711040019989
native_dram_disk,1772730261.269313,7.2292,109.5010130405426
native_dram_disk,1772730261.387654,7.2292,109.6193540096283
native_dram_disk,1772730261.504514,7.2292,109.73621392250061
native_dram_disk,1772730261.635598,7.2292,109.86729788780212
native_dram_disk,1772730261.737378,7.2292,109.96907782554626
native_dram_disk,1772730261.854211,7.2292,110.08591103553772
native_dram_disk,1772730261.98214,7.2292,110.21384000778198
native_dram_disk,1772730262.101898,7.2292,110.33359789848328
native_dram_disk,1772730262.225087,7.2292,110.45678687095642
native_dram_disk,1772730262.351475,7.2292,110.58317494392395
native_dram_disk,1772730262.712028,7.2292,110.94372797012329
native_dram_disk,1772730262.82627,7.2292,111.05797004699707
native_dram_disk,1772730262.949585,7.2292,111.18128490447998
native_dram_disk,1772730263.064863,7.2292,111.29656291007996
native_dram_disk,1772730263.174069,7.2292,111.40576887130737
native_dram_disk,1772730263.290481,7.2292,111.52218103408813
native_dram_disk,1772730263.407959,7.2292,111.63965892791748
native_dram_disk,1772730263.523614,7.2292,111.75531387329102
native_dram_disk,1772730263.640813,7.2292,111.87251305580139
native_dram_disk,1772730263.764407,7.2292,111.99610686302185
native_dram_disk,1772730263.879385,7.2292,112.11108493804932
native_dram_disk,1772730263.996757,7.2292,112.22845697402954
native_dram_disk,1772730264.129886,7.2292,112.36158585548401
native_dram_disk,1772730264.246033,7.2292,112.47773289680481
native_dram_disk,1772730264.36338,7.2292,112.59507989883423
native_dram_disk,1772730264.479688,7.2292,112.71138787269592
native_dram_disk,1772730264.596629,7.2292,112.82832884788513
native_dram_disk,1772730264.713113,7.2292,112.94481301307678
native_dram_disk,1772730264.830024,7.2292,113.06172394752502
native_dram_disk,1772730264.956301,7.2292,113.18800091743469
native_dram_disk,1772730265.08539,7.2292,113.31709003448486
native_dram_disk,1772730265.186956,7.2292,113.41865587234497
native_dram_disk,1772730265.31722,7.2292,113.54891991615295
native_dram_disk,1772730265.437129,7.2292,113.6688289642334
native_dram_disk,1772730265.556305,7.2292,113.7880048751831
native_dram_disk,1772730265.67542,7.2292,113.90711998939514
native_dram_disk,1772730265.793705,7.2292,114.02540493011475
native_dram_disk,1772730265.931753,7.2292,114.16345286369324
native_dram_disk,1772730266.051754,7.2292,114.28345394134521
native_dram_disk,1772730266.153741,7.2292,114.38544082641602
native_dram_disk,1772730266.270238,7.2292,114.50193786621094
native_dram_disk,1772730266.388439,7.2292,114.6201388835907
native_dram_disk,1772730266.533438,7.2292,114.7651379108429
native_dram_disk,1772730266.651737,7.2292,114.88343691825867
native_dram_disk,1772730266.786985,7.2292,115.01868486404419
native_dram_disk,1772730266.90391,7.2292,115.1356098651886
native_dram_disk,1772730267.020015,7.2292,115.25171494483948
native_dram_disk,1772730267.135865,7.2292,115.36756491661072
native_dram_disk,1772730267.252105,7.2292,115.48380494117737
native_dram_disk,1772730267.394319,7.2292,115.62601900100708
native_dram_disk,1772730267.514354,7.2292,115.74605393409729
native_dram_disk,1772730267.632484,7.2292,115.86418390274048
native_dram_disk,1772730267.749126,7.2292,115.9808259010315
native_dram_disk,1772730268.07308,7.2292,116.30478000640869
native_dram_disk,1772730268.189492,7.2292,116.42119193077087
native_dram_disk,1772730268.305999,7.2292,116.53769898414612
native_dram_disk,1772730268.423773,7.2292,116.65547299385071
native_dram_disk,1772730268.542052,7.2292,116.77375197410583
native_dram_disk,1772730268.659924,7.2292,116.89162397384644
native_dram_disk,1772730268.777587,7.2292,117.00928688049316
native_dram_disk,1772730268.891218,7.2292,117.1229178905487
native_dram_disk,1772730269.010505,7.2292,117.24220490455627
native_dram_disk,1772730269.130096,7.2292,117.3617959022522
native_dram_disk,1772730269.24838,7.2292,117.48007988929749
native_dram_disk,1772730269.366496,7.2292,117.59819602966309
native_dram_disk,1772730269.493926,7.2292,117.72562599182129
native_dram_disk,1772730269.610755,7.2292,117.84245491027832
native_dram_disk,1772730269.7313,7.2292,117.96300005912781
native_dram_disk,1772730269.848098,7.2292,118.07979798316956
native_dram_disk,1772730269.966302,7.2292,118.19800186157227
native_dram_disk,1772730270.08251,7.2292,118.31420993804932
native_dram_disk,1772730270.202772,7.2292,118.43447184562683
native_dram_disk,1772730270.32137,7.2292,118.5530698299408
native_dram_disk,1772730270.438535,7.2292,118.67023491859436
native_dram_disk,1772730270.588343,7.2292,118.82004284858704
native_dram_disk,1772730270.699437,7.2292,118.93113684654236
native_dram_disk,1772730270.818849,7.2292,119.05054903030396
native_dram_disk,1772730270.952763,7.2292,119.1844630241394
native_dram_disk,1772730271.068591,7.2292,119.30029106140137
native_dram_disk,1772730271.186909,7.2292,119.41860890388489
native_dram_disk,1772730271.30329,7.2292,119.53498983383179
native_dram_disk,1772730271.422398,7.2292,119.65409803390503
native_dram_disk,1772730271.539837,7.2292,119.7715368270874
native_dram_disk,1772730271.656209,7.2292,119.88790893554688
native_dram_disk,1772730271.774899,7.2292,120.00659894943237
native_dram_disk,1772730271.891858,7.2292,120.1235580444336
native_dram_disk,1772730272.008801,7.2292,120.24050092697144
native_dram_disk,1772730272.127625,7.2292,120.35932493209839
native_dram_disk,1772730272.24914,7.2292,120.48083996772766
native_dram_disk,1772730272.364383,7.2292,120.59608292579651
native_dram_disk,1772730272.759782,7.2292,120.99148201942444
native_dram_disk,1772730272.861438,7.2292,121.09313797950745
native_dram_disk,1772730272.966365,7.2292,121.19806504249573
native_dram_disk,1772730273.069839,7.2292,121.30153894424438
native_dram_disk,1772730273.185783,7.2292,121.41748285293579
native_dram_disk,1772730273.304023,7.2292,121.53572297096252
native_dram_disk,1772730273.422417,7.2292,121.65411686897278
native_dram_disk,1772730273.540459,7.2292,121.77215886116028
native_dram_disk,1772730273.656449,7.2292,121.88814902305603
native_dram_disk,1772730273.790276,7.2292,122.02197599411011
native_dram_disk,1772730273.90951,7.2292,122.14120984077454
native_dram_disk,1772730274.025155,7.2292,122.25685501098633
native_dram_disk,1772730274.145244,7.2292,122.37694382667542
native_dram_disk,1772730274.262513,7.2292,122.49421286582947
native_dram_disk,1772730274.379747,7.2292,122.61144685745239
native_dram_disk,1772730274.498821,7.2292,122.73052096366882
native_dram_disk,1772730274.616615,7.2292,122.84831500053406
native_dram_disk,1772730274.734271,7.2292,122.96597099304199
native_dram_disk,1772730274.86664,7.2292,123.09834003448486
native_dram_disk,1772730274.985353,7.2292,123.21705293655396
native_dram_disk,1772730275.10177,7.2292,123.3334698677063
native_dram_disk,1772730275.239519,7.2292,123.4712188243866
native_dram_disk,1772730275.353216,7.2292,123.58491587638855
native_dram_disk,1772730275.482756,7.2292,123.7144558429718
native_dram_disk,1772730275.587954,7.2292,123.81965398788452
native_dram_disk,1772730275.707102,7.2292,123.93880200386047
native_dram_disk,1772730275.839345,7.2292,124.071044921875
native_dram_disk,1772730275.956122,7.2292,124.18782186508179
native_dram_disk,1772730276.076245,7.2292,124.30794501304626
native_dram_disk,1772730276.22796,7.2292,124.45966005325317
native_dram_disk,1772730276.332067,7.2292,124.56376695632935
native_dram_disk,1772730276.434803,7.2292,124.66650295257568
native_dram_disk,1772730276.551919,7.2292,124.78361892700195
native_dram_disk,1772730276.674628,7.2292,124.90632796287537
native_dram_disk,1772730276.801465,7.2292,125.03316497802734
native_dram_disk,1772730276.975749,7.2292,125.20744895935059
native_dram_disk,1772730277.314058,7.2292,125.54575800895691
native_dram_disk,1772730277.415128,7.2292,125.64682793617249
native_dram_disk,1772730277.517131,7.2292,125.74883103370667
native_dram_disk,1772730277.635636,7.2292,125.86733603477478
native_dram_disk,1772730277.753309,7.2292,125.98500895500183
native_dram_disk,1772730277.8759,7.2292,126.10759997367859
native_dram_disk,1772730277.997286,7.2292,126.22898602485657
native_dram_disk,1772730278.113844,7.2292,126.34554386138916
native_dram_disk,1772730278.232021,7.2292,126.46372103691101
native_dram_disk,1772730278.348955,7.2292,126.58065485954285
native_dram_disk,1772730278.478299,7.2292,126.70999884605408
native_dram_disk,1772730278.607657,7.2292,126.83935689926147
native_dram_disk,1772730278.740309,7.2292,126.97200894355774
native_dram_disk,1772730278.849369,7.2292,127.08106899261475
native_dram_disk,1772730278.968145,7.2292,127.19984483718872
native_dram_disk,1772730279.105449,7.2292,127.33714890480042
native_dram_disk,1772730279.224635,7.2292,127.45633482933044
native_dram_disk,1772730279.345046,7.2292,127.57674598693848
native_dram_disk,1772730279.519998,7.2292,127.75169801712036
native_dram_disk,1772730279.643188,7.2292,127.87488794326782
native_dram_disk,1772730279.755446,7.2292,127.98714590072632
native_dram_disk,1772730279.857829,7.2292,128.0895290374756
native_dram_disk,1772730279.989373,7.2292,128.2210729122162
native_dram_disk,1772730280.284532,7.2292,128.5162320137024
native_dram_disk,1772730280.41059,7.2292,128.64228987693787
native_dram_disk,1772730280.529671,7.2292,128.7613708972931
native_dram_disk,1772730280.649796,7.2292,128.8814959526062
native_dram_disk,1772730280.774124,7.2292,129.0058238506317
native_dram_disk,1772730280.891559,7.2292,129.12325882911682
native_dram_disk,1772730281.008504,7.2292,129.24020385742188
native_dram_disk,1772730281.129072,7.2292,129.36077189445496
native_dram_disk,1772730281.246742,7.2292,129.47844195365906
native_dram_disk,1772730281.406172,7.2292,129.63787198066711
native_dram_disk,1772730281.517776,7.2292,129.74947595596313
native_dram_disk,1772730281.620517,7.2292,129.85221695899963
native_dram_disk,1772730281.737597,7.2292,129.96929693222046
native_dram_disk,1772730281.857093,7.2292,130.0887930393219
native_dram_disk,1772730281.982412,7.2292,130.21411204338074
native_dram_disk,1772730282.099517,7.2292,130.33121705055237
native_dram_disk,1772730282.22862,7.2292,130.46031999588013
native_dram_disk,1772730282.347311,7.2292,130.57901096343994
native_dram_disk,1772730282.467673,7.2292,130.69937300682068
native_dram_disk,1772730282.584782,7.2292,130.81648182868958
native_dram_disk,1772730282.705346,7.2292,130.9370460510254
native_dram_disk,1772730283.027107,7.2292,131.25880694389343
native_dram_disk,1772730283.130827,7.2292,131.36252689361572
native_dram_disk,1772730283.248382,7.2292,131.4800820350647
native_dram_disk,1772730283.363847,7.2292,131.5955469608307
native_dram_disk,1772730283.480573,7.2292,131.71227288246155
native_dram_disk,1772730283.600815,7.2292,131.832515001297
native_dram_disk,1772730283.751391,7.2292,131.98309087753296
native_dram_disk,1772730283.866796,7.2292,132.0984959602356
native_dram_disk,1772730283.969319,7.2292,132.2010190486908
native_dram_disk,1772730284.088266,7.2292,132.319965839386
native_dram_disk,1772730284.221522,7.2292,132.4532220363617
native_dram_disk,1772730284.325795,7.2292,132.55749487876892
native_dram_disk,1772730284.452879,7.2292,132.68457889556885
native_dram_disk,1772730284.57254,7.2292,132.80423998832703
native_dram_disk,1772730284.688844,7.2292,132.92054390907288
native_dram_disk,1772730284.80807,7.2292,133.0397698879242
native_dram_disk,1772730284.930995,7.2292,133.16269493103027
native_dram_disk,1772730285.049104,7.2292,133.2808039188385
native_dram_disk,1772730285.186498,7.2292,133.41819787025452
native_dram_disk,1772730285.302393,7.2292,133.5340929031372
native_dram_disk,1772730285.419987,7.2292,133.65168690681458
native_dram_disk,1772730285.540771,7.2292,133.77247095108032
native_dram_disk,1772730285.657859,7.2292,133.88955903053284
native_dram_disk,1772730285.775913,7.2292,134.0076129436493
native_dram_disk,1772730285.893677,7.2292,134.12537693977356
native_dram_disk,1772730286.016908,7.2292,134.24860787391663
native_dram_disk,1772730286.156498,7.2292,134.38819789886475
native_dram_disk,1772730286.275065,7.2292,134.50676488876343
native_dram_disk,1772730286.400482,7.2292,134.63218188285828
native_dram_disk,1772730286.51956,7.2292,134.75126004219055
native_dram_disk,1772730286.638631,7.2292,134.87033104896545
native_dram_disk,1772730286.757385,7.2292,134.98908495903015
native_dram_disk,1772730286.874253,7.2292,135.10595297813416
native_dram_disk,1772730287.007673,7.2292,135.2393729686737
native_dram_disk,1772730287.11118,7.2292,135.34288001060486
native_dram_disk,1772730287.2533,7.2292,135.48499989509583
native_dram_disk,1772730287.37259,7.2292,135.60429000854492
native_dram_disk,1772730287.490613,7.2292,135.7223129272461
native_dram_disk,1772730287.62389,7.2292,135.85558986663818
native_dram_disk,1772730287.756109,7.2292,135.9878089427948
native_dram_disk,1772730287.867787,7.2292,136.09948682785034
native_dram_disk,1772730287.986474,7.2292,136.2181739807129
native_dram_disk,1772730288.104188,7.2292,136.33588790893555
native_dram_disk,1772730288.223372,7.2292,136.45507192611694
native_dram_disk,1772730288.33967,7.2292,136.57136988639832
native_dram_disk,1772730288.457694,7.2292,136.68939399719238
native_dram_disk,1772730288.634479,7.2292,136.8661789894104
native_dram_disk,1772730288.742885,7.2292,136.97458505630493
native_dram_disk,1772730288.844064,7.2292,137.07576394081116
native_dram_disk,1772730289.184526,7.2292,137.41622591018677
native_dram_disk,1772730289.291575,7.2292,137.52327489852905
native_dram_disk,1772730289.393925,7.2292,137.62562489509583
native_dram_disk,1772730289.514011,7.2292,137.74571084976196
native_dram_disk,1772730289.631612,7.2292,137.8633120059967
native_dram_disk,1772730289.751229,7.2292,137.98292899131775
native_dram_disk,1772730289.867533,7.2292,138.0992329120636
native_dram_disk,1772730289.984892,7.2292,138.21659183502197
native_dram_disk,1772730290.136644,7.2292,138.36834383010864
native_dram_disk,1772730290.254299,7.2292,138.48599886894226
native_dram_disk,1772730290.376109,7.2292,138.60780882835388
native_dram_disk,1772730290.493288,7.2292,138.7249879837036
native_dram_disk,1772730290.612343,7.2292,138.84404301643372
native_dram_disk,1772730290.730108,7.2292,138.9618079662323
native_dram_disk,1772730290.853107,7.2292,139.0848069190979
native_dram_disk,1772730290.971046,7.2292,139.20274591445923
native_dram_disk,1772730291.08962,7.2292,139.32132005691528
native_dram_disk,1772730291.208222,7.2292,139.4399218559265
native_dram_disk,1772730291.326354,7.2292,139.5580539703369
native_dram_disk,1772730291.443855,7.2292,139.67555499076843
native_dram_disk,1772730291.561468,7.2292,139.79316782951355
native_dram_disk,1772730291.680861,7.2292,139.91256093978882
native_dram_disk,1772730291.817425,7.2292,140.04912495613098
native_dram_disk,1772730291.926494,7.2292,140.15819382667542
native_dram_disk,1772730292.089029,7.2292,140.3207290172577
native_dram_disk,1772730292.192566,7.2292,140.42426586151123
native_dram_disk,1772730292.327626,7.2292,140.55932593345642
native_dram_disk,1772730292.657987,7.2292,140.88968706130981
native_dram_disk,1772730292.797368,7.2292,141.02906799316406
native_dram_disk,1772730292.89922,7.2292,141.1309199333191
native_dram_disk,1772730293.017576,7.2292,141.24927592277527
native_dram_disk,1772730293.137649,7.2292,141.36934900283813
native_dram_disk,1772730293.256582,7.2292,141.48828196525574
native_dram_disk,1772730293.39871,7.2292,141.6304099559784
native_dram_disk,1772730293.508446,7.2292,141.74014592170715
native_dram_disk,1772730293.628305,7.2292,141.860004901886
native_dram_disk,1772730293.765712,7.2292,141.99741196632385
native_dram_disk,1772730293.86659,7.2292,142.09828996658325
native_dram_disk,1772730293.989655,7.2292,142.22135496139526
native_dram_disk,1772730294.108992,7.2292,142.34069204330444
native_dram_disk,1772730294.228514,7.2292,142.46021389961243
native_dram_disk,1772730294.348572,7.2292,142.5802719593048
native_dram_disk,1772730294.522616,7.2292,142.7543158531189
native_dram_disk,1772730294.623804,7.2292,142.8555040359497
native_dram_disk,1772730294.725169,7.2292,142.95686888694763
native_dram_disk,1772730294.843267,7.2292,143.07496690750122
native_dram_disk,1772730294.962656,7.2292,143.19435596466064
native_dram_disk,1772730295.079523,7.2292,143.31122303009033
native_dram_disk,1772730295.199465,7.2292,143.4311649799347
native_dram_disk,1772730295.31954,7.2292,143.5512399673462
native_dram_disk,1772730295.438382,7.2292,143.67008185386658
native_dram_disk,1772730295.556678,7.2292,143.7883780002594
native_dram_disk,1772730295.688922,7.2292,143.92062187194824
native_dram_disk,1772730295.806137,7.2292,144.03783702850342
native_dram_disk,1772730295.924635,7.2292,144.15633487701416
native_dram_disk,1772730296.276322,7.2292,144.50802183151245
native_dram_disk,1772730296.402486,7.2292,144.6341860294342
native_dram_disk,1772730296.522747,7.2292,144.7544469833374
native_dram_disk,1772730296.641438,7.2292,144.87313795089722
native_dram_disk,1772730296.761873,7.2292,144.99357295036316
native_dram_disk,1772730296.879634,7.2292,145.1113338470459
native_dram_disk,1772730297.001674,7.2292,145.23337388038635
native_dram_disk,1772730297.121264,7.2292,145.35296392440796
native_dram_disk,1772730297.239097,7.2292,145.47079706192017
native_dram_disk,1772730297.369985,7.2292,145.60168504714966
native_dram_disk,1772730297.490752,7.2292,145.7224519252777
native_dram_disk,1772730297.628584,7.2292,145.86028385162354
native_dram_disk,1772730297.743337,7.2292,145.97503685951233
native_dram_disk,1772730297.855773,7.2292,146.0874729156494
native_dram_disk,1772730298.009164,7.2292,146.2408640384674
native_dram_disk,1772730298.121388,7.2292,146.3530879020691
native_dram_disk,1772730298.24135,7.2292,146.4730498790741
native_dram_disk,1772730298.3761,7.2292,146.60780000686646
native_dram_disk,1772730298.494473,7.2292,146.72617292404175
native_dram_disk,1772730298.613038,7.2292,146.8447380065918
native_dram_disk,1772730298.734621,7.2292,146.9663209915161
native_dram_disk,1772730298.881248,7.2292,147.11294794082642
native_dram_disk,1772730298.990868,7.2292,147.22256803512573
native_dram_disk,1772730299.110318,7.2292,147.34201788902283
native_dram_disk,1772730299.228628,7.2292,147.46032786369324
native_dram_disk,1772730299.364272,7.2292,147.59597206115723
native_dram_disk,1772730299.519101,7.2292,147.7508008480072
native_dram_disk,1772730299.628915,7.2292,147.8606150150299
native_dram_disk,1772730299.747693,7.2292,147.9793930053711
native_dram_disk,1772730300.121413,7.2292,148.3531129360199
native_dram_disk,1772730300.221737,7.2292,148.45343685150146
native_dram_disk,1772730300.333815,7.2292,148.56551504135132
native_dram_disk,1772730300.435047,7.2292,148.6667468547821
native_dram_disk,1772730300.551441,7.2292,148.78314089775085
native_dram_disk,1772730300.67093,7.2292,148.90262985229492
native_dram_disk,1772730300.792047,7.2292,149.02374696731567
native_dram_disk,1772730300.909352,7.2292,149.14105200767517
native_dram_disk,1772730301.026965,7.2292,149.2586648464203
native_dram_disk,1772730301.147344,7.2292,149.37904405593872
native_dram_disk,1772730301.266767,7.2292,149.49846696853638
native_dram_disk,1772730301.386124,7.2292,149.61782383918762
native_dram_disk,1772730301.505266,7.2292,149.7369658946991
native_dram_disk,1772730301.624352,7.2292,149.85605192184448
native_dram_disk,1772730301.755937,7.2292,149.98763704299927
native_dram_disk,1772730301.943419,7.2292,150.17511892318726
native_dram_disk,1772730302.085814,7.2292,150.3175139427185
native_dram_disk,1772730302.187149,7.2292,150.41884899139404
native_dram_disk,1772730302.293,7.2292,150.52469992637634
native_dram_disk,1772730302.421637,7.2292,150.65333700180054
native_dram_disk,1772730302.533514,7.2292,150.76521396636963
native_dram_disk,1772730302.652833,7.2292,150.8845329284668
native_dram_disk,1772730302.77059,7.2292,151.00229001045227
native_dram_disk,1772730302.889626,7.2292,151.12132596969604
native_dram_disk,1772730303.010001,7.2292,151.24170088768005
native_dram_disk,1772730303.377183,7.2292,151.60888290405273
native_dram_disk,1772730303.485831,7.2292,151.71753096580505
native_dram_disk,1772730303.604813,7.2292,151.83651304244995
native_dram_disk,1772730303.724379,7.2292,151.95607900619507
native_dram_disk,1772730303.842276,7.2292,152.07397603988647
native_dram_disk,1772730303.962184,7.2292,152.19388389587402
native_dram_disk,1772730304.080821,7.2292,152.31252098083496
native_dram_disk,1772730304.202367,7.2292,152.43406701087952
native_dram_disk,1772730304.350321,7.2292,152.5820209980011
native_dram_disk,1772730304.503111,7.2292,152.7348108291626
native_dram_disk,1772730304.611041,7.2292,152.84274101257324
native_dram_disk,1772730304.714772,7.2292,152.94647192955017
native_dram_disk,1772730304.83286,7.2292,153.06455993652344
native_dram_disk,1772730304.952903,7.2292,153.18460297584534
native_dram_disk,1772730305.071701,7.2292,153.30340099334717
native_dram_disk,1772730305.19083,7.2292,153.4225299358368
native_dram_disk,1772730305.312668,7.2292,153.54436802864075
native_dram_disk,1772730305.43049,7.2292,153.66218996047974
native_dram_disk,1772730305.585106,7.2292,153.81680583953857
native_dram_disk,1772730305.69284,7.2292,153.9245400428772
native_dram_disk,1772730305.805834,7.2292,154.03753399848938
native_dram_disk,1772730305.925161,7.2292,154.15686082839966
native_dram_disk,1772730306.057883,7.2292,154.28958296775818
native_dram_disk,1772730306.202544,7.2292,154.4342439174652
native_dram_disk,1772730306.316118,7.2292,154.54781794548035
native_dram_disk,1772730306.417623,7.2292,154.64932298660278
native_dram_disk,1772730306.536419,7.2292,154.7681188583374
native_dram_disk,1772730307.043895,7.2292,155.2755949497223
native_dram_disk,1772730307.1674,7.2292,155.39909982681274
native_dram_disk,1772730307.292957,7.2292,155.5246570110321
native_dram_disk,1772730307.427273,7.2292,155.65897297859192
native_dram_disk,1772730307.546932,7.2292,155.77863192558289
native_dram_disk,1772730307.666712,7.2292,155.89841198921204
native_dram_disk,1772730307.807783,7.2292,156.03948283195496
native_dram_disk,1772730307.923377,7.2292,156.15507698059082
native_dram_disk,1772730308.060357,7.2292,156.29205703735352
native_dram_disk,1772730308.178632,7.2292,156.4103319644928
native_dram_disk,1772730308.297563,7.2292,156.52926301956177
native_dram_disk,1772730308.447623,7.2292,156.67932295799255
native_dram_disk,1772730308.565709,7.2292,156.7974090576172
native_dram_disk,1772730308.684183,7.2292,156.91588282585144
native_dram_disk,1772730308.804157,7.2292,157.03585696220398
native_dram_disk,1772730308.94046,7.2292,157.17215991020203
native_dram_disk,1772730309.071583,7.2292,157.3032829761505
native_dram_disk,1772730309.185671,7.2292,157.4173710346222
native_dram_disk,1772730309.289912,7.2292,157.52161192893982
native_dram_disk,1772730309.407563,7.2292,157.6392629146576
native_dram_disk,1772730309.527855,7.2292,157.75955486297607
native_dram_disk,1772730309.646081,7.2292,157.87778091430664
native_dram_disk,1772730310.029753,7.2292,158.2614529132843
native_dram_disk,1772730310.146739,7.2292,158.37843894958496
native_dram_disk,1772730310.266602,7.2292,158.49830198287964
native_dram_disk,1772730310.387448,7.2292,158.61914801597595
native_dram_disk,1772730310.505817,7.2292,158.7375168800354
native_dram_disk,1772730310.625391,7.2292,158.8570909500122
native_dram_disk,1772730310.761702,7.2292,158.99340200424194
native_dram_disk,1772730310.867777,7.2292,159.0994770526886
native_dram_disk,1772730310.997203,7.2292,159.22890305519104
native_dram_disk,1772730311.160549,7.2292,159.39224886894226
native_dram_disk,1772730311.261879,7.2292,159.49357891082764
native_dram_disk,1772730311.375311,7.2292,159.60701084136963
native_dram_disk,1772730311.495487,7.2292,159.72718691825867
native_dram_disk,1772730311.623596,7.2292,159.85529589653015
native_dram_disk,1772730311.741479,7.2292,159.9731788635254
native_dram_disk,1772730311.863146,7.2292,160.09484601020813
native_dram_disk,1772730312.023362,7.2292,160.2550618648529
native_dram_disk,1772730312.130386,7.2292,160.36208605766296
native_dram_disk,1772730312.245082,7.2292,160.47678184509277
native_dram_disk,1772730312.369302,7.2292,160.60100197792053
native_dram_disk,1772730312.517688,7.2292,160.74938797950745
native_dram_disk,1772730312.62851,7.2292,160.860209941864
native_dram_disk,1772730312.74596,7.2292,160.9776599407196
native_dram_disk,1772730312.895261,7.2292,161.1269609928131
native_dram_disk,1772730313.004609,7.2292,161.23630905151367
native_dram_disk,1772730313.144984,7.2292,161.3766839504242
native_dram_disk,1772730313.499471,7.2292,161.73117089271545
native_dram_disk,1772730313.625658,7.2292,161.8573579788208
native_dram_disk,1772730313.744504,7.2292,161.97620391845703
native_dram_disk,1772730313.865583,7.2292,162.09728288650513
native_dram_disk,1772730313.983357,7.2292,162.21505689620972
native_dram_disk,1772730314.103669,7.2292,162.33536887168884
native_dram_disk,1772730314.229628,7.2292,162.46132802963257
native_dram_disk,1772730314.341852,7.2292,162.57355189323425
native_dram_disk,1772730314.46199,7.2292,162.6936900615692
native_dram_disk,1772730314.58382,7.2292,162.81552004814148
native_dram_disk,1772730314.703536,7.2292,162.93523597717285
native_dram_disk,1772730314.823,7.2292,163.0546998977661
native_dram_disk,1772730314.943017,7.2292,163.1747169494629
native_dram_disk,1772730315.063919,7.2292,163.2956190109253
native_dram_disk,1772730315.183697,7.2292,163.41539692878723
native_dram_disk,1772730315.314787,7.2292,163.54648685455322
native_dram_disk,1772730315.436021,7.2292,163.6677210330963
native_dram_disk,1772730315.558004,7.2292,163.78970384597778
native_dram_disk,1772730315.675774,7.2292,163.9074740409851
native_dram_disk,1772730315.795681,7.2292,164.02738094329834
native_dram_disk,1772730315.928912,7.2292,164.16061186790466
native_dram_disk,1772730316.047568,7.2292,164.27926802635193
native_dram_disk,1772730316.185747,7.2292,164.41744685173035
native_dram_disk,1772730316.323942,7.2292,164.55564188957214
native_dram_disk,1772730316.644842,7.2292,164.87654185295105
native_dram_disk,1772730316.763853,7.2292,164.9955530166626
native_dram_disk,1772730316.884831,7.2292,165.11653089523315
native_dram_disk,1772730317.007205,7.2292,165.23890495300293
native_dram_disk,1772730317.127803,7.2292,165.35950303077698
native_dram_disk,1772730317.247878,7.2292,165.47957801818848
native_dram_disk,1772730317.368062,7.2292,165.59976196289062
native_dram_disk,1772730317.488238,7.2292,165.71993803977966
native_dram_disk,1772730317.608961,7.2292,165.84066104888916
native_dram_disk,1772730317.728644,7.2292,165.96034383773804
native_dram_disk,1772730317.864662,7.2292,166.09636187553406
native_dram_disk,1772730317.976285,7.2292,166.2079849243164
native_dram_disk,1772730318.099049,7.2292,166.3307490348816
native_dram_disk,1772730318.21912,7.2292,166.45081996917725
native_dram_disk,1772730318.34546,7.2292,166.5771598815918
native_dram_disk,1772730318.470956,7.2292,166.7026560306549
native_dram_disk,1772730318.592945,7.2292,166.82464504241943
native_dram_disk,1772730318.715561,7.2292,166.94726085662842
native_dram_disk,1772730318.835955,7.2292,167.06765484809875
native_dram_disk,1772730318.956373,7.2292,167.18807291984558
native_dram_disk,1772730319.321869,7.2292,167.55356884002686
native_dram_disk,1772730319.423743,7.2292,167.65544295310974
native_dram_disk,1772730319.543688,7.2292,167.77538800239563
native_dram_disk,1772730319.661854,7.2292,167.89355397224426
native_dram_disk,1772730319.782384,7.2292,168.0140838623047
native_dram_disk,1772730319.920293,7.2292,168.15199303627014
native_dram_disk,1772730320.024868,7.2292,168.2565679550171
native_dram_disk,1772730320.160285,7.2292,168.3919849395752
native_dram_disk,1772730320.264618,7.2292,168.49631786346436
native_dram_disk,1772730320.386729,7.2292,168.61842894554138
native_dram_disk,1772730320.529046,7.2292,168.76074600219727
native_dram_disk,1772730320.637526,7.2292,168.86922597885132
native_dram_disk,1772730320.759615,7.2292,168.9913148880005
native_dram_disk,1772730320.88085,7.2292,169.1125500202179
native_dram_disk,1772730320.999885,7.2292,169.23158502578735
native_dram_disk,1772730321.119671,7.2292,169.35137104988098
native_dram_disk,1772730321.26822,7.2292,169.49991989135742
native_dram_disk,1772730321.385953,7.2292,169.6176528930664
native_dram_disk,1772730321.489114,7.2292,169.72081398963928
native_dram_disk,1772730321.608072,7.2292,169.8397719860077
native_dram_disk,1772730321.729497,7.2292,169.96119689941406
native_dram_disk,1772730321.848497,7.2292,170.0801968574524
native_dram_disk,1772730321.979635,7.2292,170.21133494377136
native_dram_disk,1772730322.099579,7.2292,170.33127903938293
native_dram_disk,1772730322.219038,7.2292,170.45073795318604
native_dram_disk,1772730322.342464,7.2292,170.5741639137268
native_dram_disk,1772730322.738893,7.2292,170.97059297561646
native_dram_disk,1772730322.839461,7.2292,171.07116103172302
native_dram_disk,1772730322.953188,7.2292,171.18488788604736
native_dram_disk,1772730323.056531,7.2292,171.2882308959961
native_dram_disk,1772730323.174298,7.2292,171.4059979915619
native_dram_disk,1772730323.294644,7.2292,171.52634406089783
native_dram_disk,1772730323.437344,7.2292,171.66904401779175
native_dram_disk,1772730323.538263,7.2292,171.76996302604675
native_dram_disk,1772730323.659084,7.2292,171.89078402519226
native_dram_disk,1772730323.778679,7.2292,172.01037883758545
native_dram_disk,1772730323.896765,7.2292,172.12846493721008
native_dram_disk,1772730324.015932,7.2292,172.24763202667236
native_dram_disk,1772730324.139089,7.2292,172.3707890510559
native_dram_disk,1772730324.28768,7.2292,172.51937985420227
native_dram_disk,1772730324.408949,7.2292,172.6406488418579
native_dram_disk,1772730324.52614,7.2292,172.7578399181366
native_dram_disk,1772730324.646028,7.2292,172.87772798538208
native_dram_disk,1772730324.768971,7.2292,173.0006709098816
native_dram_disk,1772730324.891201,7.2292,173.1229009628296
native_dram_disk,1772730325.025048,7.2292,173.2567479610443
native_dram_disk,1772730325.159008,7.2292,173.39070796966553
native_dram_disk,1772730325.277808,7.2292,173.509507894516
native_dram_disk,1772730325.398973,7.2292,173.63067293167114
native_dram_disk,1772730325.7153,7.2292,173.94700002670288
native_dram_disk,1772730325.850132,7.2292,174.08183193206787
native_dram_disk,1772730325.970901,7.2292,174.20260095596313
native_dram_disk,1772730326.1086,7.2292,174.34029984474182
native_dram_disk,1772730326.232752,7.2292,174.46445202827454
native_dram_disk,1772730326.336172,7.2292,174.56787204742432
native_dram_disk,1772730326.454018,7.2292,174.6857180595398
native_dram_disk,1772730326.574391,7.2292,174.8060908317566
native_dram_disk,1772730326.695572,7.2292,174.92727184295654
native_dram_disk,1772730326.854297,7.2292,175.0859968662262
native_dram_disk,1772730326.983644,7.2292,175.21534395217896
native_dram_disk,1772730327.11061,7.2292,175.34230995178223
native_dram_disk,1772730327.244406,7.2292,175.47610592842102
native_dram_disk,1772730327.384541,7.2292,175.61624097824097
native_dram_disk,1772730327.506056,7.2292,175.73775601387024
native_dram_disk,1772730327.615769,7.2292,175.84746885299683
native_dram_disk,1772730327.737935,7.2292,175.96963500976562
native_dram_disk,1772730327.86149,7.2292,176.0931899547577
native_dram_disk,1772730327.981035,7.2292,176.21273493766785
native_dram_disk,1772730328.119439,7.2292,176.35113883018494
native_dram_disk,1772730328.257438,7.2292,176.4891378879547
native_dram_disk,1772730328.603705,7.2292,176.8354048728943
native_dram_disk,1772730328.737167,7.2292,176.96886682510376
native_dram_disk,1772730328.837686,7.2292,177.0693860054016
native_dram_disk,1772730328.957008,7.2292,177.18870782852173
native_dram_disk,1772730329.078172,7.2292,177.30987191200256
native_dram_disk,1772730329.19877,7.2292,177.4304699897766
native_dram_disk,1772730329.321413,7.2292,177.5531129837036
native_dram_disk,1772730329.442142,7.2292,177.6738419532776
native_dram_disk,1772730329.562206,7.2292,177.79390597343445
native_dram_disk,1772730329.681298,7.2292,177.9129979610443
native_dram_disk,1772730329.854123,7.2292,178.08582305908203
native_dram_disk,1772730329.959061,7.2292,178.19076085090637
native_dram_disk,1772730330.127889,7.2292,178.35958886146545
native_dram_disk,1772730330.228273,7.2292,178.45997285842896
native_dram_disk,1772730330.340339,7.2292,178.57203888893127
native_dram_disk,1772730330.445866,7.2292,178.67756605148315
native_dram_disk,1772730330.588337,7.2292,178.82003688812256
native_dram_disk,1772730330.688703,7.2292,178.92040300369263
native_dram_disk,1772730330.810035,7.2292,179.04173493385315
native_dram_disk,1772730330.930824,7.2292,179.16252398490906
native_dram_disk,1772730331.051015,7.2292,179.28271484375
native_dram_disk,1772730331.183237,7.2292,179.41493701934814
native_dram_disk,1772730331.566478,7.2292,179.7981779575348
native_dram_disk,1772730331.678938,7.2292,179.91063785552979
native_dram_disk,1772730331.781219,7.2292,180.0129189491272
native_dram_disk,1772730331.902354,7.2292,180.13405394554138
native_dram_disk,1772730332.027078,7.2292,180.25877785682678
native_dram_disk,1772730332.145837,7.2292,180.37753701210022
native_dram_disk,1772730332.267853,7.2292,180.49955296516418
native_dram_disk,1772730332.386764,7.2292,180.6184639930725
native_dram_disk,1772730332.507158,7.2292,180.73885798454285
native_dram_disk,1772730332.63575,7.2292,180.8674499988556
native_dram_disk,1772730332.755753,7.2292,180.9874529838562
native_dram_disk,1772730332.887248,7.2292,181.1189479827881
native_dram_disk,1772730333.008148,7.2292,181.23984789848328
native_dram_disk,1772730333.128909,7.2292,181.36060905456543
native_dram_disk,1772730333.248053,7.2292,181.47975301742554
native_dram_disk,1772730333.383326,7.2292,181.61502599716187
native_dram_disk,1772730333.521039,7.2292,181.75273895263672
native_dram_disk,1772730333.652363,7.2292,181.8840630054474
native_dram_disk,1772730333.771477,7.2292,182.00317692756653
native_dram_disk,1772730333.889771,7.2292,182.12147092819214
native_dram_disk,1772730334.010201,7.2292,182.24190092086792
native_dram_disk,1772730334.347646,7.2292,182.57934594154358
native_dram_disk,1772730334.448625,7.2292,182.68032503128052
native_dram_disk,1772730334.565719,7.2292,182.79741883277893
native_dram_disk,1772730334.698955,7.2292,182.930655002594
native_dram_disk,1772730334.820178,7.2292,183.05187797546387
native_dram_disk,1772730334.963994,7.2292,183.19569396972656
native_dram_disk,1772730335.070751,7.2292,183.30245089530945
native_dram_disk,1772730335.183748,7.2292,183.41544795036316
native_dram_disk,1772730335.318386,7.2292,183.55008602142334
native_dram_disk,1772730335.438528,7.2292,183.67022800445557
native_dram_disk,1772730335.594188,7.2292,183.8258879184723
native_dram_disk,1772730335.698688,7.2292,183.9303879737854
native_dram_disk,1772730335.803644,7.2292,184.03534388542175
native_dram_disk,1772730335.955142,7.2292,184.18684196472168
native_dram_disk,1772730336.072336,7.2292,184.30403590202332
native_dram_disk,1772730336.175851,7.2292,184.40755105018616
native_dram_disk,1772730336.296007,7.2292,184.52770686149597
native_dram_disk,1772730336.418415,7.2292,184.65011501312256
native_dram_disk,1772730336.540195,7.2292,184.7718949317932
native_dram_disk,1772730336.659366,7.2292,184.89106583595276
native_dram_disk,1772730336.781742,7.2292,185.01344203948975
native_dram_disk,1772730336.903792,7.2292,185.13549184799194
native_dram_disk,1772730337.312918,7.2292,185.54461789131165
native_dram_disk,1772730337.420595,7.2292,185.65229487419128
native_dram_disk,1772730337.525748,7.2292,185.75744795799255
native_dram_disk,1772730337.66563,7.2292,185.89733004570007
native_dram_disk,1772730337.766879,7.2292,185.99857902526855
native_dram_disk,1772730337.887736,7.2292,186.1194360256195
native_dram_disk,1772730338.014499,7.2292,186.24619889259338
native_dram_disk,1772730338.135244,7.2292,186.36694383621216
native_dram_disk,1772730338.256199,7.2292,186.48789882659912
native_dram_disk,1772730338.413101,7.2292,186.64480090141296
native_dram_disk,1772730338.52169,7.2292,186.75338983535767
native_dram_disk,1772730338.626155,7.2292,186.85785484313965
native_dram_disk,1772730338.747355,7.2292,186.97905492782593
native_dram_disk,1772730338.867957,7.2292,187.09965705871582
native_dram_disk,1772730338.989395,7.2292,187.22109484672546
native_dram_disk,1772730339.110131,7.2292,187.3418309688568
native_dram_disk,1772730339.248109,7.2292,187.47980904579163
native_dram_disk,1772730339.367697,7.2292,187.59939694404602
native_dram_disk,1772730339.489638,7.2292,187.72133803367615
native_dram_disk,1772730339.630659,7.2292,187.86235904693604
native_dram_disk,1772730339.736412,7.2292,187.96811199188232
native_dram_disk,1772730339.856721,7.2292,188.08842086791992
native_dram_disk,1772730340.217589,7.2292,188.44928884506226
native_dram_disk,1772730340.324901,7.2292,188.55660104751587
native_dram_disk,1772730340.43111,7.2292,188.6628098487854
native_dram_disk,1772730340.553517,7.2292,188.78521704673767
native_dram_disk,1772730340.69313,7.2292,188.92482995986938
native_dram_disk,1772730340.794375,7.2292,189.02607488632202
native_dram_disk,1772730340.935375,7.2292,189.16707491874695
native_dram_disk,1772730341.040199,7.2292,189.27189898490906
native_dram_disk,1772730341.159059,7.2292,189.39075899124146
native_dram_disk,1772730341.279223,7.2292,189.51092290878296
native_dram_disk,1772730341.400766,7.2292,189.632465839386
native_dram_disk,1772730341.521801,7.2292,189.75350093841553
native_dram_disk,1772730341.643872,7.2292,189.87557196617126
native_dram_disk,1772730341.76584,7.2292,189.99753999710083
native_dram_disk,1772730341.886732,7.2292,190.1184320449829
native_dram_disk,1772730342.009385,7.2292,190.24108505249023
native_dram_disk,1772730342.130247,7.2292,190.36194705963135
native_dram_disk,1772730342.253786,7.2292,190.4854860305786
native_dram_disk,1772730342.386291,7.2292,190.61799097061157
native_dram_disk,1772730342.773237,7.2292,191.00493693351746
native_dram_disk,1772730343.128666,7.2292,191.36036586761475
native_dram_disk,1772730343.233416,7.2292,191.46511602401733
native_dram_disk,1772730343.35371,7.2292,191.58540987968445
native_dram_disk,1772730343.475847,7.2292,191.7075469493866
native_dram_disk,1772730343.596448,7.2292,191.8281478881836
native_dram_disk,1772730343.718366,7.2292,191.95006585121155
native_dram_disk,1772730343.840548,7.2292,192.07224798202515
native_dram_disk,1772730343.961111,7.2292,192.19281101226807
native_dram_disk,1772730344.08227,7.2292,192.31396985054016
native_dram_disk,1772730344.254675,7.2292,192.4863748550415
native_dram_disk,1772730344.360043,7.2292,192.59174299240112
native_dram_disk,1772730344.465054,7.2292,192.69675397872925
native_dram_disk,1772730344.586958,7.2292,192.81865787506104
native_dram_disk,1772730344.706971,7.2292,192.93867087364197
native_dram_disk,1772730344.857442,7.2292,193.08914184570312
native_dram_disk,1772730344.996854,7.2292,193.22855401039124
native_dram_disk,1772730345.100172,7.2292,193.33187198638916
native_dram_disk,1772730345.223857,7.2292,193.45555686950684
native_dram_disk,1772730345.345347,7.2292,193.5770468711853
native_dram_disk,1772730345.498209,7.2292,193.72990894317627
native_dram_disk,1772730345.84957,7.2292,194.08126997947693
native_dram_disk,1772730345.972595,7.2292,194.20429491996765
native_dram_disk,1772730346.092878,7.2292,194.3245780467987
native_dram_disk,1772730346.215669,7.2292,194.44736886024475
native_dram_disk,1772730346.336529,7.2292,194.56822896003723
native_dram_disk,1772730346.47322,7.2292,194.70492005348206
native_dram_disk,1772730346.579388,7.2292,194.81108784675598
native_dram_disk,1772730346.700093,7.2292,194.93179297447205
native_dram_disk,1772730346.822362,7.2292,195.05406188964844
native_dram_disk,1772730346.948361,7.2292,195.18006086349487
native_dram_disk,1772730347.068903,7.2292,195.30060291290283
native_dram_disk,1772730347.208447,7.2292,195.44014692306519
native_dram_disk,1772730347.329841,7.2292,195.56154084205627
native_dram_disk,1772730347.454596,7.2292,195.68629598617554
native_dram_disk,1772730347.577312,7.2292,195.80901193618774
native_dram_disk,1772730347.700252,7.2292,195.9319519996643
native_dram_disk,1772730347.822659,7.2292,196.054358959198
native_dram_disk,1772730347.946293,7.2292,196.17799305915833
native_dram_disk,1772730348.070095,7.2292,196.30179500579834
native_dram_disk,1772730348.457858,7.2292,196.6895580291748
native_dram_disk,1772730348.569814,7.2292,196.80151391029358
native_dram_disk,1772730348.676563,7.2292,196.90826296806335
native_dram_disk,1772730348.79883,7.2292,197.0305299758911
native_dram_disk,1772730348.919695,7.2292,197.15139484405518
native_dram_disk,1772730349.043501,7.2292,197.27520084381104
native_dram_disk,1772730349.163912,7.2292,197.39561200141907
native_dram_disk,1772730349.301891,7.2292,197.5335910320282
native_dram_disk,1772730349.424868,7.2292,197.65656805038452
native_dram_disk,1772730349.544833,7.2292,197.77653288841248
native_dram_disk,1772730349.669008,7.2292,197.90070796012878
native_dram_disk,1772730349.787397,7.2292,198.01909685134888
native_dram_disk,1772730349.972866,7.2292,198.2045660018921
native_dram_disk,1772730350.081142,7.2292,198.31284189224243
native_dram_disk,1772730350.202486,7.2292,198.4341859817505
native_dram_disk,1772730350.336799,7.2292,198.56849884986877
native_dram_disk,1772730350.457602,7.2292,198.68930196762085
native_dram_disk,1772730350.578128,7.2292,198.809828042984
native_dram_disk,1772730350.700313,7.2292,198.93201303482056
native_dram_disk,1772730351.014666,7.2292,199.24636602401733
native_dram_disk,1772730351.13625,7.2292,199.36794996261597
native_dram_disk,1772730351.257576,7.2292,199.489275932312
native_dram_disk,1772730351.379607,7.2292,199.61130690574646
native_dram_disk,1772730351.501068,7.2292,199.73276805877686
native_dram_disk,1772730351.639402,7.2292,199.8711018562317
native_dram_disk,1772730351.768366,7.2292,200.0000660419464
native_dram_disk,1772730351.881482,7.2292,200.11318182945251
native_dram_disk,1772730352.004036,7.2292,200.2357358932495
native_dram_disk,1772730352.145042,7.2292,200.37674188613892
native_dram_disk,1772730352.254819,7.2292,200.48651885986328
native_dram_disk,1772730352.377043,7.2292,200.6087429523468
native_dram_disk,1772730352.501246,7.2292,200.73294591903687
native_dram_disk,1772730352.625945,7.2292,200.85764503479004
native_dram_disk,1772730352.747571,7.2292,200.9792709350586
native_dram_disk,1772730352.868489,7.2292,201.1001889705658
native_dram_disk,1772730353.005837,7.2292,201.23753690719604
native_dram_disk,1772730353.131256,7.2292,201.3629560470581
native_dram_disk,1772730353.25251,7.2292,201.48421001434326
native_dram_disk,1772730353.610716,7.2292,201.84241604804993
native_dram_disk,1772730353.716529,7.2292,201.94822883605957
native_dram_disk,1772730353.841175,7.2292,202.07287502288818
native_dram_disk,1772730353.962977,7.2292,202.19467687606812
native_dram_disk,1772730354.084342,7.2292,202.31604194641113
native_dram_disk,1772730354.207365,7.2292,202.43906497955322
native_dram_disk,1772730354.328727,7.2292,202.5604269504547
native_dram_disk,1772730354.473358,7.2292,202.70505785942078
native_dram_disk,1772730354.578375,7.2292,202.81007504463196
native_dram_disk,1772730354.700757,7.2292,202.93245697021484
native_dram_disk,1772730354.821524,7.2292,203.0532238483429
native_dram_disk,1772730354.944829,7.2292,203.17652893066406
native_dram_disk,1772730355.082488,7.2292,203.31418800354004
native_dram_disk,1772730355.185453,7.2292,203.41715288162231
native_dram_disk,1772730355.308741,7.2292,203.54044103622437
native_dram_disk,1772730355.429526,7.2292,203.66122603416443
native_dram_disk,1772730355.55811,7.2292,203.78980994224548
native_dram_disk,1772730355.674458,7.2292,203.90615797042847
native_dram_disk,1772730356.072108,7.2292,204.3038079738617
native_dram_disk,1772730356.192347,7.2292,204.42404699325562
native_dram_disk,1772730356.315848,7.2292,204.5475480556488
native_dram_disk,1772730356.43778,7.2292,204.66947984695435
native_dram_disk,1772730356.558913,7.2292,204.7906129360199
native_dram_disk,1772730356.680387,7.2292,204.91208696365356
native_dram_disk,1772730356.821306,7.2292,205.0530059337616
native_dram_disk,1772730356.929857,7.2292,205.16155695915222
native_dram_disk,1772730357.057028,7.2292,205.28872799873352
native_dram_disk,1772730357.177784,7.2292,205.40948390960693
native_dram_disk,1772730357.30217,7.2292,205.53386998176575
native_dram_disk,1772730357.424376,7.2292,205.65607595443726
native_dram_disk,1772730357.547804,7.2292,205.77950406074524
native_dram_disk,1772730357.671084,7.2292,205.90278387069702
native_dram_disk,1772730357.793594,7.2292,206.02529382705688
native_dram_disk,1772730357.919964,7.2292,206.15166401863098
native_dram_disk,1772730358.039632,7.2292,206.27133202552795
native_dram_disk,1772730358.161037,7.2292,206.39273691177368
native_dram_disk,1772730358.2831,7.2292,206.51479983329773
native_dram_disk,1772730358.405518,7.2292,206.63721799850464
native_dram_disk,1772730358.791597,7.2292,207.02329683303833
native_dram_disk,1772730358.926656,7.2292,207.1583559513092
native_dram_disk,1772730359.033432,7.2292,207.26513195037842
native_dram_disk,1772730359.149127,7.2292,207.38082695007324
native_dram_disk,1772730359.270563,7.2292,207.50226283073425
native_dram_disk,1772730359.39478,7.2292,207.62647986412048
native_dram_disk,1772730359.517077,7.2292,207.7487769126892
native_dram_disk,1772730359.639516,7.2292,207.87121605873108
native_dram_disk,1772730359.773843,7.2292,208.00554299354553
native_dram_disk,1772730359.895952,7.2292,208.12765192985535
native_dram_disk,1772730360.026645,7.2292,208.25834488868713
native_dram_disk,1772730360.161106,7.2292,208.39280605316162
native_dram_disk,1772730360.283079,7.2292,208.51477885246277
native_dram_disk,1772730360.404133,7.2292,208.63583302497864
native_dram_disk,1772730360.527429,7.2292,208.7591290473938
native_dram_disk,1772730360.686702,7.2292,208.91840195655823
native_dram_disk,1772730360.795398,7.2292,209.02709794044495
native_dram_disk,1772730360.903238,7.2292,209.1349380016327
native_dram_disk,1772730361.027344,7.2292,209.25904393196106
native_dram_disk,1772730361.413437,7.2292,209.64513683319092
native_dram_disk,1772730361.515882,7.2292,209.74758195877075
native_dram_disk,1772730361.637197,7.2292,209.86889696121216
native_dram_disk,1772730361.758265,7.2292,209.98996496200562
native_dram_disk,1772730361.879498,7.2292,210.1111979484558
native_dram_disk,1772730362.003421,7.2292,210.235121011734
native_dram_disk,1772730362.123295,7.2292,210.35499501228333
native_dram_disk,1772730362.290877,7.2292,210.52257704734802
native_dram_disk,1772730362.396026,7.2292,210.62772583961487
native_dram_disk,1772730362.510227,7.2292,210.74192690849304
native_dram_disk,1772730362.62966,7.2292,210.86135983467102
native_dram_disk,1772730362.759188,7.2292,210.99088788032532
native_dram_disk,1772730362.879288,7.2292,211.11098790168762
native_dram_disk,1772730363.001191,7.2292,211.2328908443451
native_dram_disk,1772730363.137064,7.2292,211.36876392364502
native_dram_disk,1772730363.266458,7.2292,211.49815797805786
native_dram_disk,1772730363.390906,7.2292,211.62260603904724
native_dram_disk,1772730363.71331,7.2292,211.94500994682312
native_dram_disk,1772730363.834751,7.2292,212.0664508342743
native_dram_disk,1772730363.956486,7.2292,212.18818593025208
native_dram_disk,1772730364.076891,7.2292,212.30859088897705
native_dram_disk,1772730364.212754,7.2292,212.44445395469666
native_dram_disk,1772730364.337036,7.2292,212.5687358379364
native_dram_disk,1772730364.466806,7.2292,212.6985058784485
native_dram_disk,1772730364.590128,7.2292,212.82182788848877
native_dram_disk,1772730364.710399,7.2292,212.9420988559723
native_dram_disk,1772730364.835507,7.2292,213.06720685958862
native_dram_disk,1772730364.957595,7.2292,213.18929505348206
native_dram_disk,1772730365.077852,7.2292,213.3095519542694
native_dram_disk,1772730365.199539,7.2292,213.4312388896942
native_dram_disk,1772730365.329667,7.2292,213.5613670349121
native_dram_disk,1772730365.45841,7.2292,213.69010996818542
native_dram_disk,1772730365.574972,7.2292,213.80667185783386
native_dram_disk,1772730365.701632,7.2292,213.93333196640015
native_dram_disk,1772730365.823646,7.2292,214.05534601211548
native_dram_disk,1772730365.945445,7.2292,214.17714500427246
native_dram_disk,1772730366.30921,7.2292,214.54091000556946
native_dram_disk,1772730366.430271,7.2292,214.66197085380554
native_dram_disk,1772730366.571621,7.2292,214.8033208847046
native_dram_disk,1772730366.67802,7.2292,214.90971994400024
native_dram_disk,1772730366.799538,7.2292,215.03123784065247
native_dram_disk,1772730366.923176,7.2292,215.15487599372864
native_dram_disk,1772730367.048294,7.2292,215.2799940109253
native_dram_disk,1772730367.213154,7.2292,215.4448540210724
native_dram_disk,1772730367.337204,7.2292,215.56890392303467
native_dram_disk,1772730367.468101,7.2292,215.69980096817017
native_dram_disk,1772730367.588734,7.2292,215.82043385505676
native_dram_disk,1772730367.712246,7.2292,215.9439458847046
native_dram_disk,1772730367.85578,7.2292,216.0874798297882
native_dram_disk,1772730367.959296,7.2292,216.19099593162537
native_dram_disk,1772730368.08337,7.2292,216.31506991386414
native_dram_disk,1772730368.204489,7.2292,216.43618893623352
native_dram_disk,1772730368.327987,7.2292,216.55968689918518
native_dram_disk,1772730368.740289,7.2292,216.9719889163971
native_dram_disk,1772730368.852865,7.2292,217.0845649242401
native_dram_disk,1772730368.95785,7.2292,217.18954992294312
native_dram_disk,1772730369.082145,7.2292,217.3138449192047
native_dram_disk,1772730369.205595,7.2292,217.43729496002197
native_dram_disk,1772730369.327181,7.2292,217.55888104438782
native_dram_disk,1772730369.448128,7.2292,217.6798279285431
native_dram_disk,1772730369.572975,7.2292,217.8046748638153
native_dram_disk,1772730369.698519,7.2292,217.93021893501282
native_dram_disk,1772730369.820971,7.2292,218.05267095565796
native_dram_disk,1772730369.942904,7.2292,218.1746039390564
native_dram_disk,1772730370.080741,7.2292,218.31244087219238
native_dram_disk,1772730370.218534,7.2292,218.45023393630981
native_dram_disk,1772730370.324793,7.2292,218.55649304389954
native_dram_disk,1772730370.44752,7.2292,218.67921996116638
native_dram_disk,1772730370.570693,7.2292,218.80239295959473
native_dram_disk,1772730370.911835,7.2292,219.14353489875793
native_dram_disk,1772730371.035834,7.2292,219.26753401756287
native_dram_disk,1772730371.158728,7.2292,219.39042782783508
native_dram_disk,1772730371.303915,7.2292,219.5356149673462
native_dram_disk,1772730371.409225,7.2292,219.6409249305725
native_dram_disk,1772730371.529677,7.2292,219.76137685775757
native_dram_disk,1772730371.653416,7.2292,219.8851158618927
native_dram_disk,1772730371.777498,7.2292,220.00919795036316
native_dram_disk,1772730371.904818,7.2292,220.1365180015564
native_dram_disk,1772730372.0414,7.2292,220.273099899292
native_dram_disk,1772730372.162403,7.2292,220.39410305023193
native_dram_disk,1772730372.287112,7.2292,220.51881194114685
native_dram_disk,1772730372.411641,7.2292,220.64334082603455
native_dram_disk,1772730372.554426,7.2292,220.7861258983612
native_dram_disk,1772730372.676945,7.2292,220.90864491462708
native_dram_disk,1772730372.803194,7.2292,221.034893989563
native_dram_disk,1772730372.946026,7.2292,221.17772603034973
native_dram_disk,1772730373.064435,7.2292,221.29613494873047
native_dram_disk,1772730373.403775,7.2292,221.63547492027283
native_dram_disk,1772730373.526782,7.2292,221.75848197937012
native_dram_disk,1772730373.647889,7.2292,221.87958884239197
native_dram_disk,1772730373.770952,7.2292,222.00265192985535
native_dram_disk,1772730373.89513,7.2292,222.1268298625946
native_dram_disk,1772730374.016437,7.2292,222.2481369972229
native_dram_disk,1772730374.141234,7.2292,222.3729338645935
native_dram_disk,1772730374.265361,7.2292,222.49706101417542
native_dram_disk,1772730374.407806,7.2292,222.6395058631897
native_dram_disk,1772730374.525961,7.2292,222.7576608657837
native_dram_disk,1772730374.651001,7.2292,222.88270092010498
native_dram_disk,1772730374.790558,7.2292,223.02225804328918
native_dram_disk,1772730374.912768,7.2292,223.14446783065796
native_dram_disk,1772730375.03521,7.2292,223.26690983772278
native_dram_disk,1772730375.158269,7.2292,223.3899688720703
native_dram_disk,1772730375.283293,7.2292,223.5149929523468
native_dram_disk,1772730375.408039,7.2292,223.63973903656006
native_dram_disk,1772730375.817512,7.2292,224.04921197891235
native_dram_disk,1772730375.919502,7.2292,224.15120196342468
native_dram_disk,1772730376.026609,7.2292,224.2583088874817
native_dram_disk,1772730376.155385,7.2292,224.3870849609375
native_dram_disk,1772730376.292862,7.2292,224.52456188201904
native_dram_disk,1772730376.415736,7.2292,224.6474359035492
native_dram_disk,1772730376.538328,7.2292,224.77002787590027
native_dram_disk,1772730376.677819,7.2292,224.90951895713806
native_dram_disk,1772730376.799248,7.2292,225.03094792366028
native_dram_disk,1772730376.922302,7.2292,225.15400195121765
native_dram_disk,1772730377.045357,7.2292,225.27705693244934
native_dram_disk,1772730377.177752,7.2292,225.40945196151733
native_dram_disk,1772730377.303157,7.2292,225.53485703468323
native_dram_disk,1772730377.443644,7.2292,225.67534399032593
native_dram_disk,1772730377.55093,7.2292,225.78262996673584
native_dram_disk,1772730377.676237,7.2292,225.90793704986572
native_dram_disk,1772730377.799582,7.2292,226.0312819480896
native_dram_disk,1772730378.152514,7.2292,226.38421392440796
native_dram_disk,1772730378.264577,7.2292,226.49627685546875
native_dram_disk,1772730378.37366,7.2292,226.60536003112793
native_dram_disk,1772730378.496328,7.2292,226.72802805900574
native_dram_disk,1772730378.639982,7.2292,226.87168192863464
native_dram_disk,1772730378.749919,7.2292,226.9816188812256
native_dram_disk,1772730378.871638,7.2292,227.10333800315857
native_dram_disk,1772730378.993501,7.2292,227.22520089149475
native_dram_disk,1772730379.117911,7.2292,227.34961104393005
native_dram_disk,1772730379.240136,7.2292,227.4718358516693
native_dram_disk,1772730379.368423,7.2292,227.60012292861938
native_dram_disk,1772730379.490322,7.2292,227.7220220565796
native_dram_disk,1772730379.617715,7.2292,227.84941482543945
native_dram_disk,1772730379.741101,7.2292,227.97280097007751
native_dram_disk,1772730379.867668,7.2292,228.09936785697937
native_dram_disk,1772730379.989019,7.2292,228.22071886062622
native_dram_disk,1772730380.460339,7.2292,228.69203901290894
native_dram_disk,1772730380.562938,7.2292,228.7946379184723
native_dram_disk,1772730380.671948,7.2292,228.90364789962769
native_dram_disk,1772730380.789026,7.2292,229.02072596549988
native_dram_disk,1772730380.930878,7.2292,229.16257786750793
native_dram_disk,1772730381.038059,7.2292,229.26975893974304
native_dram_disk,1772730381.165683,7.2292,229.39738297462463
native_dram_disk,1772730381.339478,7.2292,229.57117795944214
native_dram_disk,1772730381.443079,7.2292,229.67477893829346
native_dram_disk,1772730381.565848,7.2292,229.7975480556488
native_dram_disk,1772730381.690499,7.2292,229.922199010849
native_dram_disk,1772730381.814434,7.2292,230.04613399505615
native_dram_disk,1772730381.936766,7.2292,230.16846585273743
native_dram_disk,1772730382.060058,7.2292,230.29175806045532
native_dram_disk,1772730382.183718,7.2292,230.4154179096222
native_dram_disk,1772730382.305981,7.2292,230.5376808643341
native_dram_disk,1772730382.717479,7.2292,230.9491789340973
native_dram_disk,1772730382.824323,7.2292,231.05602288246155
native_dram_disk,1772730382.931058,7.2292,231.16275787353516
native_dram_disk,1772730383.054537,7.2292,231.28623700141907
native_dram_disk,1772730383.178021,7.2292,231.40972089767456
native_dram_disk,1772730383.304171,7.2292,231.53587102890015
native_dram_disk,1772730383.429835,7.2292,231.66153502464294
native_dram_disk,1772730383.570068,7.2292,231.80176782608032
native_dram_disk,1772730383.685099,7.2292,231.91679883003235
native_dram_disk,1772730383.809282,7.2292,232.04098200798035
native_dram_disk,1772730383.931843,7.2292,232.16354298591614
native_dram_disk,1772730384.073107,7.2292,232.30480694770813
native_dram_disk,1772730384.1798,7.2292,232.41149997711182
native_dram_disk,1772730384.302211,7.2292,232.53391098976135
native_dram_disk,1772730384.425628,7.2292,232.65732789039612
native_dram_disk,1772730384.548911,7.2292,232.780611038208
native_dram_disk,1772730384.876655,7.2292,233.1083550453186
native_dram_disk,1772730385.017324,7.2292,233.24902391433716
native_dram_disk,1772730385.12289,7.2292,233.35458993911743
native_dram_disk,1772730385.246053,7.2292,233.47775292396545
native_dram_disk,1772730385.369912,7.2292,233.60161185264587
native_dram_disk,1772730385.496267,7.2292,233.7279670238495
native_dram_disk,1772730385.617728,7.2292,233.8494279384613
native_dram_disk,1772730385.741282,7.2292,233.97298192977905
native_dram_disk,1772730385.896548,7.2292,234.1282479763031
native_dram_disk,1772730386.016367,7.2292,234.24806690216064
native_dram_disk,1772730386.139515,7.2292,234.37121486663818
native_dram_disk,1772730386.27388,7.2292,234.5055799484253
native_dram_disk,1772730386.409057,7.2292,234.64075684547424
native_dram_disk,1772730386.563355,7.2292,234.79505491256714
native_dram_disk,1772730386.686983,7.2292,234.918683052063
native_dram_disk,1772730386.808283,7.2292,235.0399830341339
native_dram_disk,1772730387.212256,7.2292,235.4439558982849
native_dram_disk,1772730387.337286,7.2292,235.56898593902588
native_dram_disk,1772730387.461648,7.2292,235.6933479309082
native_dram_disk,1772730387.585001,7.2292,235.81670093536377
native_dram_disk,1772730387.70807,7.2292,235.93976998329163
native_dram_disk,1772730387.846646,7.2292,236.07834601402283
native_dram_disk,1772730387.971173,7.2292,236.2028729915619
native_dram_disk,1772730388.097203,7.2292,236.3289029598236
native_dram_disk,1772730388.218259,7.2292,236.4499590396881
native_dram_disk,1772730388.346909,7.2292,236.57860898971558
native_dram_disk,1772730388.502679,7.2292,236.73437905311584
native_dram_disk,1772730388.61148,7.2292,236.84317994117737
native_dram_disk,1772730388.718222,7.2292,236.94992184638977
native_dram_disk,1772730388.842589,7.2292,237.07428884506226
native_dram_disk,1772730388.983079,7.2292,237.21477890014648
native_dram_disk,1772730389.355666,7.2292,237.5873658657074
native_dram_disk,1772730389.48084,7.2292,237.71253991127014
native_dram_disk,1772730389.605369,7.2292,237.83706903457642
native_dram_disk,1772730389.728276,7.2292,237.95997595787048
native_dram_disk,1772730389.850764,7.2292,238.08246397972107
native_dram_disk,1772730389.973268,7.2292,238.20496797561646
native_dram_disk,1772730390.09664,7.2292,238.32834005355835
native_dram_disk,1772730390.218385,7.2292,238.45008492469788
native_dram_disk,1772730390.342113,7.2292,238.57381296157837
native_dram_disk,1772730390.467705,7.2292,238.69940495491028
native_dram_disk,1772730390.595272,7.2292,238.82697200775146
native_dram_disk,1772730390.717297,7.2292,238.94899702072144
native_dram_disk,1772730390.838451,7.2292,239.07015085220337
native_dram_disk,1772730390.959198,7.2292,239.19089794158936
native_dram_disk,1772730391.082446,7.2292,239.31414604187012
native_dram_disk,1772730391.244803,7.2292,239.47650289535522
native_dram_disk,1772730391.807919,7.2292,240.03961896896362
native_dram_disk,1772730391.936273,7.2292,240.16797304153442
native_dram_disk,1772730392.057803,7.2292,240.2895028591156
native_dram_disk,1772730392.184402,7.2292,240.41610193252563
native_dram_disk,1772730392.321805,7.2292,240.55350494384766
native_dram_disk,1772730392.444482,7.2292,240.67618203163147
native_dram_disk,1772730392.569814,7.2292,240.80151391029358
native_dram_disk,1772730392.692673,7.2292,240.92437291145325
native_dram_disk,1772730392.815215,7.2292,241.0469150543213
native_dram_disk,1772730392.951215,7.2292,241.1829149723053
native_dram_disk,1772730393.075578,7.2292,241.30727791786194
native_dram_disk,1772730393.215017,7.2292,241.4467170238495
native_dram_disk,1772730393.329907,7.2292,241.56160688400269
native_dram_disk,1772730393.472792,7.2292,241.704491853714
native_dram_disk,1772730393.59535,7.2292,241.82704997062683
native_dram_disk,1772730393.920441,7.2292,242.15214085578918
native_dram_disk,1772730394.054277,7.2292,242.28597688674927
native_dram_disk,1772730394.176675,7.2292,242.40837502479553
native_dram_disk,1772730394.332052,7.2292,242.56375193595886
native_dram_disk,1772730394.444765,7.2292,242.67646503448486
native_dram_disk,1772730394.549771,7.2292,242.78147101402283
native_dram_disk,1772730394.687734,7.2292,242.91943383216858
native_dram_disk,1772730394.830402,7.2292,243.0621018409729
native_dram_disk,1772730394.954726,7.2292,243.18642592430115
native_dram_disk,1772730395.090096,7.2292,243.32179594039917
native_dram_disk,1772730395.211759,7.2292,243.44345903396606
native_dram_disk,1772730395.338373,7.2292,243.570072889328
native_dram_disk,1772730395.474859,7.2292,243.7065589427948
native_dram_disk,1772730395.593144,7.2292,243.8248438835144
native_dram_disk,1772730395.717198,7.2292,243.94889783859253
native_dram_disk,1772730395.87277,7.2292,244.10447001457214
native_dram_disk,1772730396.18432,7.2292,244.41601991653442
native_dram_disk,1772730396.334255,7.2292,244.56595492362976
native_dram_disk,1772730396.4518,7.2292,244.6835000514984
native_dram_disk,1772730396.576505,7.2292,244.80820488929749
native_dram_disk,1772730396.699385,7.2292,244.93108487129211
native_dram_disk,1772730396.822618,7.2292,245.0543179512024
native_dram_disk,1772730396.946315,7.2292,245.1780149936676
native_dram_disk,1772730397.07042,7.2292,245.30211997032166
native_dram_disk,1772730397.194479,7.2292,245.42617893218994
native_dram_disk,1772730397.318548,7.2292,245.55024790763855
native_dram_disk,1772730397.441244,7.2292,245.6729438304901
native_dram_disk,1772730397.569602,7.2292,245.80130195617676
native_dram_disk,1772730397.708667,7.2292,245.9403669834137
native_dram_disk,1772730397.834378,7.2292,246.06607794761658
native_dram_disk,1772730397.958607,7.2292,246.19030690193176
native_dram_disk,1772730398.307497,7.2292,246.5391969680786
native_dram_disk,1772730398.420173,7.2292,246.65187287330627
native_dram_disk,1772730398.546764,7.2292,246.77846384048462
native_dram_disk,1772730398.670915,7.2292,246.90261483192444
native_dram_disk,1772730398.796209,7.2292,247.02790904045105
native_dram_disk,1772730398.917583,7.2292,247.1492829322815
native_dram_disk,1772730399.044199,7.2292,247.27589893341064
native_dram_disk,1772730399.167931,7.2292,247.39963102340698
native_dram_disk,1772730399.293975,7.2292,247.52567505836487
native_dram_disk,1772730399.429858,7.2292,247.66155791282654
native_dram_disk,1772730399.569071,7.2292,247.8007709980011
native_dram_disk,1772730399.677474,7.2292,247.9091739654541
native_dram_disk,1772730399.800741,7.2292,248.0324409008026
native_dram_disk,1772730399.924021,7.2292,248.15572094917297
native_dram_disk,1772730400.290994,7.2292,248.52269387245178
native_dram_disk,1772730400.391673,7.2292,248.6233730316162
native_dram_disk,1772730400.498425,7.2292,248.73012495040894
native_dram_disk,1772730400.622987,7.2292,248.85468697547913
native_dram_disk,1772730400.746237,7.2292,248.97793698310852
native_dram_disk,1772730400.870593,7.2292,249.10229301452637
native_dram_disk,1772730401.04329,7.2292,249.27498984336853
native_dram_disk,1772730401.16738,7.2292,249.39908003807068
native_dram_disk,1772730401.333807,7.2292,249.56550693511963
native_dram_disk,1772730401.434697,7.2292,249.66639685630798
native_dram_disk,1772730401.542075,7.2292,249.77377486228943
native_dram_disk,1772730401.664743,7.2292,249.89644289016724
native_dram_disk,1772730401.78753,7.2292,250.01922988891602
native_dram_disk,1772730401.929004,7.2292,250.1607038974762
native_dram_disk,1772730402.268496,7.2292,250.50019598007202
native_dram_disk,1772730402.400675,7.2292,250.63237500190735
native_dram_disk,1772730402.53399,7.2292,250.76568984985352
native_dram_disk,1772730402.658932,7.2292,250.8906319141388
native_dram_disk,1772730402.781934,7.2292,251.01363396644592
native_dram_disk,1772730402.906719,7.2292,251.13841891288757
native_dram_disk,1772730403.031117,7.2292,251.26281690597534
native_dram_disk,1772730403.153659,7.2292,251.38535904884338
native_dram_disk,1772730403.278107,7.2292,251.50980687141418
native_dram_disk,1772730403.401439,7.2292,251.6331388950348
native_dram_disk,1772730403.540706,7.2292,251.77240586280823
native_dram_disk,1772730403.665027,7.2292,251.89672684669495
native_dram_disk,1772730403.788008,7.2292,252.01970791816711
native_dram_disk,1772730403.944882,7.2292,252.17658185958862
native_dram_disk,1772730404.338104,7.2292,252.56980395317078
native_dram_disk,1772730404.443756,7.2292,252.6754560470581
native_dram_disk,1772730404.56907,7.2292,252.80077004432678
native_dram_disk,1772730404.698477,7.2292,252.9301769733429
native_dram_disk,1772730404.854434,7.2292,253.08613395690918
native_dram_disk,1772730404.9633,7.2292,253.1949999332428
native_dram_disk,1772730405.070864,7.2292,253.30256390571594
native_dram_disk,1772730405.2095,7.2292,253.44120001792908
native_dram_disk,1772730405.335316,7.2292,253.56701588630676
native_dram_disk,1772730405.459362,7.2292,253.69106197357178
native_dram_disk,1772730405.58511,7.2292,253.81680989265442
native_dram_disk,1772730405.71667,7.2292,253.9483699798584
native_dram_disk,1772730405.833801,7.2292,254.06550097465515
native_dram_disk,1772730405.978442,7.2292,254.21014189720154
native_dram_disk,1772730406.50966,7.2292,254.74135994911194
native_dram_disk,1772730406.609964,7.2292,254.84166383743286
native_dram_disk,1772730406.721185,7.2292,254.95288491249084
native_dram_disk,1772730406.823796,7.2292,255.05549597740173
native_dram_disk,1772730406.950368,7.2292,255.18206787109375
native_dram_disk,1772730407.073538,7.2292,255.30523800849915
native_dram_disk,1772730407.19984,7.2292,255.43154001235962
native_dram_disk,1772730407.323074,7.2292,255.5547740459442
native_dram_disk,1772730407.45474,7.2292,255.68643999099731
native_dram_disk,1772730407.610785,7.2292,255.8424849510193
native_dram_disk,1772730407.719781,7.2292,255.95148086547852
native_dram_disk,1772730407.826864,7.2292,256.0585639476776
native_dram_disk,1772730407.968772,7.2292,256.20047187805176
native_dram_disk,1772730408.10611,7.2292,256.33781003952026
native_dram_disk,1772730408.45042,7.2292,256.682119846344
native_dram_disk,1772730408.573473,7.2292,256.80517292022705
native_dram_disk,1772730408.699388,7.2292,256.93108797073364
native_dram_disk,1772730408.8312,7.2292,257.06289982795715
native_dram_disk,1772730408.94916,7.2292,257.180860042572
native_dram_disk,1772730409.073042,7.2292,257.30474185943604
native_dram_disk,1772730409.198173,7.2292,257.42987298965454
native_dram_disk,1772730409.32097,7.2292,257.55267000198364
native_dram_disk,1772730409.44509,7.2292,257.6767899990082
native_dram_disk,1772730409.574952,7.2292,257.8066518306732
native_dram_disk,1772730409.697673,7.2292,257.92937302589417
native_dram_disk,1772730409.823227,7.2292,258.0549268722534
native_dram_disk,1772730410.02103,7.2292,258.2527298927307
native_dram_disk,1772730410.122176,7.2292,258.353875875473
native_dram_disk,1772730410.430937,7.2292,258.66263699531555
native_dram_disk,1772730410.574693,7.2292,258.8063929080963
native_dram_disk,1772730410.68112,7.2292,258.9128198623657
native_dram_disk,1772730410.806119,7.2292,259.0378189086914
native_dram_disk,1772730410.930792,7.2292,259.16249203681946
native_dram_disk,1772730411.054491,7.2292,259.2861909866333
native_dram_disk,1772730411.178453,7.2292,259.4101529121399
native_dram_disk,1772730411.316572,7.2292,259.54827189445496
native_dram_disk,1772730411.441778,7.2292,259.6734778881073
native_dram_disk,1772730411.564927,7.2292,259.79662704467773
native_dram_disk,1772730411.710517,7.2292,259.94221687316895
native_dram_disk,1772730411.8387,7.2292,260.07039999961853
native_dram_disk,1772730411.978531,7.2292,260.21023082733154
native_dram_disk,1772730412.117779,7.2292,260.34947896003723
native_dram_disk,1772730412.227036,7.2292,260.4587359428406
native_dram_disk,1772730412.615649,7.2292,260.84734892845154
native_dram_disk,1772730412.716048,7.2292,260.9477479457855
native_dram_disk,1772730412.822605,7.2292,261.05430483818054
native_dram_disk,1772730412.946041,7.2292,261.1777410507202
native_dram_disk,1772730413.068519,7.2292,261.3002190589905
native_dram_disk,1772730413.193239,7.2292,261.42493891716003
native_dram_disk,1772730413.324686,7.2292,261.5563859939575
native_dram_disk,1772730413.443083,7.2292,261.6747829914093
native_dram_disk,1772730413.566722,7.2292,261.7984218597412
native_dram_disk,1772730413.715291,7.2292,261.9469909667969
native_dram_disk,1772730413.837387,7.2292,262.0690870285034
native_dram_disk,1772730413.96454,7.2292,262.1962399482727
native_dram_disk,1772730414.088841,7.2292,262.3205409049988
native_dram_disk,1772730414.213615,7.2292,262.4453148841858
native_dram_disk,1772730414.543526,7.2292,262.77522587776184
native_dram_disk,1772730414.669137,7.2292,262.9008369445801
native_dram_disk,1772730414.792854,7.2292,263.02455401420593
native_dram_disk,1772730414.936863,7.2292,263.1685628890991
native_dram_disk,1772730415.04626,7.2292,263.277960062027
native_dram_disk,1772730415.188371,7.2292,263.42007088661194
native_dram_disk,1772730415.297683,7.2292,263.52938294410706
native_dram_disk,1772730415.423723,7.2292,263.6554229259491
native_dram_disk,1772730415.549185,7.2292,263.7808849811554
native_dram_disk,1772730415.673677,7.2292,263.90537691116333
native_dram_disk,1772730415.799674,7.2292,264.03137397766113
native_dram_disk,1772730415.929401,7.2292,264.1611008644104
native_dram_disk,1772730416.104474,7.2292,264.33617401123047
native_dram_disk,1772730416.213431,7.2292,264.4451308250427
native_dram_disk,1772730416.320844,7.2292,264.5525438785553
native_dram_disk,1772730416.649442,7.2292,264.88114190101624
native_dram_disk,1772730416.792316,7.2292,265.0240159034729
native_dram_disk,1772730416.901612,7.2292,265.1333119869232
native_dram_disk,1772730417.025232,7.2292,265.2569320201874
native_dram_disk,1772730417.186487,7.2292,265.4181869029999
native_dram_disk,1772730417.293048,7.2292,265.52474784851074
native_dram_disk,1772730417.406797,7.2292,265.63849687576294
native_dram_disk,1772730417.548936,7.2292,265.78063583374023
native_dram_disk,1772730417.654769,7.2292,265.8864688873291
native_dram_disk,1772730417.780964,7.2292,266.01266384124756
native_dram_disk,1772730417.924982,7.2292,266.15668201446533
native_dram_disk,1772730418.066489,7.2292,266.29818892478943
native_dram_disk,1772730418.175566,7.2292,266.40726590156555
native_dram_disk,1772730418.517141,7.2292,266.748841047287
native_dram_disk,1772730418.657327,7.2292,266.8890268802643
native_dram_disk,1772730418.781341,7.2292,267.0130410194397
native_dram_disk,1772730418.917928,7.2292,267.14962792396545
native_dram_disk,1772730419.048713,7.2292,267.2804129123688
native_dram_disk,1772730419.157239,7.2292,267.3889389038086
native_dram_disk,1772730419.281982,7.2292,267.5136818885803
native_dram_disk,1772730419.40764,7.2292,267.63933992385864
native_dram_disk,1772730419.53192,7.2292,267.76361989974976
native_dram_disk,1772730419.656222,7.2292,267.8879220485687
native_dram_disk,1772730419.781558,7.2292,268.0132579803467
native_dram_disk,1772730419.921136,7.2292,268.15283584594727
native_dram_disk,1772730420.029653,7.2292,268.26135301589966
native_dram_disk,1772730420.182751,7.2292,268.41445088386536
native_dram_disk,1772730420.286316,7.2292,268.51801586151123
native_dram_disk,1772730420.651572,7.2292,268.88327193260193
native_dram_disk,1772730420.76568,7.2292,268.99738001823425
native_dram_disk,1772730420.908827,7.2292,269.140527009964
native_dram_disk,1772730421.018512,7.2292,269.2502119541168
native_dram_disk,1772730421.143682,7.2292,269.3753819465637
native_dram_disk,1772730421.267905,7.2292,269.49960494041443
native_dram_disk,1772730421.407658,7.2292,269.63935804367065
native_dram_disk,1772730421.580056,7.2292,269.8117558956146
native_dram_disk,1772730421.69214,7.2292,269.92384004592896
native_dram_disk,1772730421.801157,7.2292,270.03285694122314
native_dram_disk,1772730421.928625,7.2292,270.160325050354
native_dram_disk,1772730422.055668,7.2292,270.2873680591583
native_dram_disk,1772730422.194107,7.2292,270.42580699920654
native_dram_disk,1772730422.318914,7.2292,270.55061388015747
native_dram_disk,1772730422.644174,7.2292,270.875874042511
native_dram_disk,1772730422.770445,7.2292,271.0021450519562
native_dram_disk,1772730422.896207,7.2292,271.127907037735
native_dram_disk,1772730423.021128,7.2292,271.2528278827667
native_dram_disk,1772730423.14675,7.2292,271.3784499168396
native_dram_disk,1772730423.271967,7.2292,271.5036668777466
native_dram_disk,1772730423.397541,7.2292,271.62924098968506
native_dram_disk,1772730423.539322,7.2292,271.77102184295654
native_dram_disk,1772730423.671978,7.2292,271.90367794036865
native_dram_disk,1772730423.783044,7.2292,272.0147440433502
native_dram_disk,1772730423.901014,7.2292,272.13271403312683
native_dram_disk,1772730424.026777,7.2292,272.25847697257996
native_dram_disk,1772730424.151924,7.2292,272.3836238384247
native_dram_disk,1772730424.529156,7.2292,272.76085591316223
native_dram_disk,1772730424.638227,7.2292,272.8699269294739
native_dram_disk,1772730424.745439,7.2292,272.97713899612427
native_dram_disk,1772730424.87045,7.2292,273.1021499633789
native_dram_disk,1772730424.9949,7.2292,273.2265999317169
native_dram_disk,1772730425.120925,7.2292,273.3526248931885
native_dram_disk,1772730425.244621,7.2292,273.47632098197937
native_dram_disk,1772730425.369425,7.2292,273.60112500190735
native_dram_disk,1772730425.513508,7.2292,273.74520802497864
native_dram_disk,1772730425.686089,7.2292,273.91778898239136
native_dram_disk,1772730425.79387,7.2292,274.0255699157715
native_dram_disk,1772730425.953511,7.2292,274.18521094322205
native_dram_disk,1772730426.063838,7.2292,274.2955379486084
native_dram_disk,1772730426.188981,7.2292,274.42068099975586
native_dram_disk,1772730426.315129,7.2292,274.54682898521423
native_dram_disk,1772730426.682019,7.2292,274.9137189388275
native_dram_disk,1772730426.785742,7.2292,275.01744198799133
native_dram_disk,1772730426.90473,7.2292,275.1364300251007
native_dram_disk,1772730427.022025,7.2292,275.2537250518799
native_dram_disk,1772730427.1419,7.2292,275.3736000061035
native_dram_disk,1772730427.266408,7.2292,275.49810791015625
native_dram_disk,1772730427.412446,7.2292,275.6441459655762
native_dram_disk,1772730427.524717,7.2292,275.7564170360565
native_dram_disk,1772730427.64936,7.2292,275.881059885025
native_dram_disk,1772730427.77511,7.2292,276.0068099498749
native_dram_disk,1772730427.901212,7.2292,276.1329119205475
native_dram_disk,1772730428.032874,7.2292,276.2645740509033
native_dram_disk,1772730428.168077,7.2292,276.3997769355774
native_dram_disk,1772730428.852313,7.2292,277.0840129852295
native_dram_disk,1772730428.983294,7.2292,277.21499395370483
native_dram_disk,1772730429.107682,7.2292,277.3393819332123
native_dram_disk,1772730429.23388,7.2292,277.46557998657227
native_dram_disk,1772730429.358382,7.2292,277.5900819301605
native_dram_disk,1772730429.482517,7.2292,277.71421694755554
native_dram_disk,1772730429.611832,7.2292,277.8435318470001
native_dram_disk,1772730429.737045,7.2292,277.96874499320984
native_dram_disk,1772730429.870816,7.2292,278.1025159358978
native_dram_disk,1772730429.997998,7.2292,278.22969794273376
native_dram_disk,1772730430.123494,7.2292,278.3551938533783
native_dram_disk,1772730430.24941,7.2292,278.4811098575592
native_dram_disk,1772730430.567473,7.2292,278.7991728782654
native_dram_disk,1772730430.696268,7.2292,278.9279680252075
native_dram_disk,1772730430.835538,7.2292,279.0672378540039
native_dram_disk,1772730430.976853,7.2292,279.2085528373718
native_dram_disk,1772730431.087825,7.2292,279.3195250034332
native_dram_disk,1772730431.212247,7.2292,279.4439468383789
native_dram_disk,1772730431.336133,7.2292,279.56783294677734
native_dram_disk,1772730431.461886,7.2292,279.69358587265015
native_dram_disk,1772730431.596401,7.2292,279.8281009197235
native_dram_disk,1772730431.719653,7.2292,279.95135283470154
native_dram_disk,1772730431.863794,7.2292,280.0954940319061
native_dram_disk,1772730431.976829,7.2292,280.2085289955139
native_dram_disk,1772730432.100534,7.2292,280.33223390579224
native_dram_disk,1772730432.483361,7.2292,280.71506094932556
native_dram_disk,1772730432.594625,7.2292,280.8263249397278
native_dram_disk,1772730432.717589,7.2292,280.94928884506226
native_dram_disk,1772730432.854062,7.2292,281.0857620239258
native_dram_disk,1772730432.961025,7.2292,281.192724943161
native_dram_disk,1772730433.078234,7.2292,281.30993390083313
native_dram_disk,1772730433.221,7.2292,281.45269989967346
native_dram_disk,1772730433.333732,7.2292,281.5654318332672
native_dram_disk,1772730433.459694,7.2292,281.6913938522339
native_dram_disk,1772730433.614327,7.2292,281.8460268974304
native_dram_disk,1772730433.730489,7.2292,281.9621889591217
native_dram_disk,1772730433.836187,7.2292,282.0678868293762
native_dram_disk,1772730433.961448,7.2292,282.19314789772034
native_dram_disk,1772730434.086665,7.2292,282.3183648586273
native_dram_disk,1772730434.212727,7.2292,282.4444270133972
native_dram_disk,1772730434.612362,7.2292,282.84406185150146
native_dram_disk,1772730434.720762,7.2292,282.9524619579315
native_dram_disk,1772730434.847336,7.2292,283.07903599739075
native_dram_disk,1772730434.973034,7.2292,283.2047338485718
native_dram_disk,1772730435.097706,7.2292,283.3294060230255
native_dram_disk,1772730435.242161,7.2292,283.4738609790802
native_dram_disk,1772730435.367554,7.2292,283.59925389289856
native_dram_disk,1772730435.513844,7.2292,283.7455439567566
native_dram_disk,1772730435.640059,7.2292,283.8717589378357
native_dram_disk,1772730435.766009,7.2292,283.9977090358734
native_dram_disk,1772730435.890651,7.2292,284.1223509311676
native_dram_disk,1772730436.0613,7.2292,284.29299998283386
native_dram_disk,1772730436.352501,7.2292,284.5842008590698
native_dram_disk,1772730436.502142,7.2292,284.73384189605713
native_dram_disk,1772730436.632885,7.2292,284.8645849227905
native_dram_disk,1772730436.759052,7.2292,284.99075198173523
native_dram_disk,1772730436.884303,7.2292,285.116003036499
native_dram_disk,1772730437.008346,7.2292,285.2400460243225
native_dram_disk,1772730437.151929,7.2292,285.38362884521484
native_dram_disk,1772730437.259641,7.2292,285.4913408756256
native_dram_disk,1772730437.386153,7.2292,285.6178529262543
native_dram_disk,1772730437.511525,7.2292,285.74322485923767
native_dram_disk,1772730437.635529,7.2292,285.86722898483276
native_dram_disk,1772730437.762317,7.2292,285.99401688575745
native_dram_disk,1772730437.924649,7.2292,286.1563489437103
native_dram_disk,1772730438.030016,7.2292,286.26171588897705
native_dram_disk,1772730438.461829,7.2292,286.69352889060974
native_dram_disk,1772730438.564543,7.2292,286.7962429523468
native_dram_disk,1772730438.689248,7.2292,286.92094802856445
native_dram_disk,1772730438.815598,7.2292,287.0472979545593
native_dram_disk,1772730438.940877,7.2292,287.1725769042969
native_dram_disk,1772730439.099867,7.2292,287.3315670490265
native_dram_disk,1772730439.209065,7.2292,287.4407649040222
native_dram_disk,1772730439.335687,7.2292,287.56738686561584
native_dram_disk,1772730439.477685,7.2292,287.7093849182129
native_dram_disk,1772730439.605774,7.2292,287.83747386932373
native_dram_disk,1772730439.737316,7.2292,287.9690158367157
native_dram_disk,1772730439.890795,7.2292,288.1224949359894
native_dram_disk,1772730440.014825,7.2292,288.2465250492096
native_dram_disk,1772730440.13981,7.2292,288.3715100288391
native_dram_disk,1772730440.495764,7.2292,288.7274639606476
native_dram_disk,1772730440.621248,7.2292,288.85294795036316
native_dram_disk,1772730440.747784,7.2292,288.97948384284973
native_dram_disk,1772730440.87181,7.2292,289.1035099029541
native_dram_disk,1772730441.013893,7.2292,289.2455928325653
native_dram_disk,1772730441.127301,7.2292,289.3590009212494
native_dram_disk,1772730441.254129,7.2292,289.48582887649536
native_dram_disk,1772730441.380395,7.2292,289.6120948791504
native_dram_disk,1772730441.513556,7.2292,289.74525594711304
native_dram_disk,1772730441.645387,7.2292,289.8770868778229
native_dram_disk,1772730441.77096,7.2292,290.00266003608704
native_dram_disk,1772730441.965032,7.2292,290.19673204421997
native_dram_disk,1772730442.084438,7.2292,290.3161380290985
native_dram_disk,1772730442.409353,7.2292,290.6410529613495
native_dram_disk,1772730442.536167,7.2292,290.7678668498993
native_dram_disk,1772730442.660293,7.2292,290.8919930458069
native_dram_disk,1772730442.818037,7.2292,291.04973697662354
native_dram_disk,1772730442.960471,7.2292,291.1921708583832
native_dram_disk,1772730443.072932,7.2292,291.30463194847107
native_dram_disk,1772730443.181761,7.2292,291.4134609699249
native_dram_disk,1772730443.324826,7.2292,291.55652594566345
native_dram_disk,1772730443.434405,7.2292,291.66610503196716
native_dram_disk,1772730443.561822,7.2292,291.7935218811035
native_dram_disk,1772730443.724933,7.2292,291.9566328525543
native_dram_disk,1772730443.838052,7.2292,292.06975197792053
native_dram_disk,1772730444.167221,7.2292,292.3989210128784
native_dram_disk,1772730444.293778,7.2292,292.52547788619995
native_dram_disk,1772730444.419321,7.2292,292.65102100372314
native_dram_disk,1772730444.551951,7.2292,292.78365087509155
native_dram_disk,1772730444.678483,7.2292,292.91018295288086
native_dram_disk,1772730444.806676,7.2292,293.0383758544922
native_dram_disk,1772730444.932214,7.2292,293.1639139652252
native_dram_disk,1772730445.060445,7.2292,293.2921450138092
native_dram_disk,1772730445.202038,7.2292,293.43373799324036
native_dram_disk,1772730445.396023,7.2292,293.6277229785919
native_dram_disk,1772730445.497074,7.2292,293.72877383232117
native_dram_disk,1772730445.60585,7.2292,293.83754992485046
native_dram_disk,1772730445.730591,7.2292,293.96229100227356
native_dram_disk,1772730446.088499,7.2292,294.32019901275635
native_dram_disk,1772730446.196726,7.2292,294.428426027298
native_dram_disk,1772730446.322883,7.2292,294.5545828342438
native_dram_disk,1772730446.472363,7.2292,294.7040629386902
native_dram_disk,1772730446.600512,7.2292,294.83221197128296
native_dram_disk,1772730446.728155,7.2292,294.9598548412323
native_dram_disk,1772730446.884645,7.2292,295.11634492874146
native_dram_disk,1772730446.9924,7.2292,295.22409987449646
native_dram_disk,1772730447.117388,7.2292,295.3490879535675
native_dram_disk,1772730447.243119,7.2292,295.47481894493103
native_dram_disk,1772730447.367475,7.2292,295.5991749763489
native_dram_disk,1772730447.502826,7.2292,295.73452591896057
native_dram_disk,1772730447.621922,7.2292,295.8536219596863
native_dram_disk,1772730448.087209,7.2292,296.31890892982483
native_dram_disk,1772730448.215637,7.2292,296.44733691215515
native_dram_disk,1772730448.349679,7.2292,296.5813789367676
native_dram_disk,1772730448.468977,7.2292,296.7006769180298
native_dram_disk,1772730448.598556,7.2292,296.83025598526
native_dram_disk,1772730448.723921,7.2292,296.9556210041046
native_dram_disk,1772730448.850293,7.2292,297.08199286460876
native_dram_disk,1772730448.993362,7.2292,297.22506189346313
native_dram_disk,1772730449.119302,7.2292,297.35100197792053
native_dram_disk,1772730449.245854,7.2292,297.4775538444519
native_dram_disk,1772730449.414145,7.2292,297.64584493637085
native_dram_disk,1772730449.541175,7.2292,297.7728748321533
native_dram_disk,1772730449.88736,7.2292,298.11906003952026
native_dram_disk,1772730450.007602,7.2292,298.23930191993713
native_dram_disk,1772730450.133154,7.2292,298.36485385894775
native_dram_disk,1772730450.261075,7.2292,298.4927749633789
native_dram_disk,1772730450.387918,7.2292,298.61961793899536
native_dram_disk,1772730450.513359,7.2292,298.7450590133667
native_dram_disk,1772730450.638211,7.2292,298.8699109554291
native_dram_disk,1772730450.765043,7.2292,298.9967429637909
native_dram_disk,1772730450.926728,7.2292,299.1584279537201
native_dram_disk,1772730451.046046,7.2292,299.27774596214294
native_dram_disk,1772730451.149524,7.2292,299.38122391700745
native_dram_disk,1772730451.27655,7.2292,299.50824999809265
native_dram_disk,1772730451.645842,7.2292,299.8775420188904
native_dram_disk,1772730451.790751,7.2292,300.0224509239197
native_dram_disk,1772730451.903489,7.2292,300.1351890563965
native_dram_disk,1772730452.033687,7.2292,300.26538705825806
native_dram_disk,1772730452.161983,7.2292,300.39368295669556
native_dram_disk,1772730452.288735,7.2292,300.5204348564148
native_dram_disk,1772730452.429183,7.2292,300.6608829498291
native_dram_disk,1772730452.554423,7.2292,300.78612303733826
native_dram_disk,1772730452.712555,7.2292,300.9442548751831
native_dram_disk,1772730452.822922,7.2292,301.05462193489075
native_dram_disk,1772730452.948639,7.2292,301.1803388595581
native_dram_disk,1772730453.076586,7.2292,301.3082859516144
native_dram_disk,1772730453.20954,7.2292,301.4412398338318
native_dram_disk,1772730453.593422,7.2292,301.82512187957764
native_dram_disk,1772730453.702888,7.2292,301.93458795547485
native_dram_disk,1772730453.828744,7.2292,302.0604438781738
native_dram_disk,1772730453.969434,7.2292,302.2011339664459
native_dram_disk,1772730454.092678,7.2292,302.32437801361084
native_dram_disk,1772730454.24032,7.2292,302.4720199108124
native_dram_disk,1772730454.354511,7.2292,302.58621096611023
native_dram_disk,1772730454.474797,7.2292,302.70649695396423
native_dram_disk,1772730454.63475,7.2292,302.86644983291626
native_dram_disk,1772730454.75418,7.2292,302.9858798980713
native_dram_disk,1772730454.862898,7.2292,303.09459805488586
native_dram_disk,1772730454.990488,7.2292,303.22218799591064
native_dram_disk,1772730455.375313,7.2292,303.60701298713684
native_dram_disk,1772730455.479911,7.2292,303.71161103248596
native_dram_disk,1772730455.606141,7.2292,303.83784103393555
native_dram_disk,1772730455.73631,7.2292,303.96800994873047
native_dram_disk,1772730455.861699,7.2292,304.09339904785156
native_dram_disk,1772730455.990668,7.2292,304.22236800193787
native_dram_disk,1772730456.117453,7.2292,304.3491530418396
native_dram_disk,1772730456.244877,7.2292,304.4765770435333
native_dram_disk,1772730456.390149,7.2292,304.6218490600586
native_dram_disk,1772730456.503209,7.2292,304.7349090576172
native_dram_disk,1772730456.628824,7.2292,304.8605239391327
native_dram_disk,1772730456.816829,7.2292,305.0485289096832
native_dram_disk,1772730456.9245,7.2292,305.1561999320984
native_dram_disk,1772730457.33167,7.2292,305.56336998939514
native_dram_disk,1772730457.455534,7.2292,305.6872339248657
native_dram_disk,1772730457.592022,7.2292,305.82372188568115
native_dram_disk,1772730457.718393,7.2292,305.95009303092957
native_dram_disk,1772730457.84733,7.2292,306.07903003692627
native_dram_disk,1772730457.973354,7.2292,306.2050540447235
native_dram_disk,1772730458.121966,7.2292,306.35366582870483
native_dram_disk,1772730458.240755,7.2292,306.47245502471924
native_dram_disk,1772730458.379936,7.2292,306.6116359233856
native_dram_disk,1772730458.51352,7.2292,306.7452199459076
native_dram_disk,1772730458.639254,7.2292,306.87095403671265
native_dram_disk,1772730458.76821,7.2292,306.9999098777771
native_dram_disk,1772730458.895786,7.2292,307.1274859905243
native_dram_disk,1772730459.247705,7.2292,307.47940492630005
native_dram_disk,1772730459.377299,7.2292,307.60899901390076
native_dram_disk,1772730459.501282,7.2292,307.7329819202423
native_dram_disk,1772730459.6301,7.2292,307.86179995536804
native_dram_disk,1772730459.756485,7.2292,307.98818492889404
native_dram_disk,1772730459.882506,7.2292,308.11420583724976
native_dram_disk,1772730460.008842,7.2292,308.24054193496704
native_dram_disk,1772730460.136725,7.2292,308.36842489242554
native_dram_disk,1772730460.265168,7.2292,308.49686789512634
native_dram_disk,1772730460.390941,7.2292,308.6226408481598
native_dram_disk,1772730460.534493,7.2292,308.7661929130554
native_dram_disk,1772730460.64894,7.2292,308.8806400299072
native_dram_disk,1772730460.774347,7.2292,309.00604701042175
native_dram_disk,1772730461.176831,7.2292,309.40853095054626
native_dram_disk,1772730461.277367,7.2292,309.50906705856323
native_dram_disk,1772730461.388575,7.2292,309.62027502059937
native_dram_disk,1772730461.508052,7.2292,309.7397520542145
native_dram_disk,1772730461.63596,7.2292,309.8676600456238
native_dram_disk,1772730461.762768,7.2292,309.9944679737091
native_dram_disk,1772730461.890145,7.2292,310.12184500694275
native_dram_disk,1772730462.038473,7.2292,310.27017283439636
native_dram_disk,1772730462.165136,7.2292,310.3968360424042
native_dram_disk,1772730462.294101,7.2292,310.52580094337463
native_dram_disk,1772730462.421373,7.2292,310.6530728340149
native_dram_disk,1772730462.548259,7.2292,310.77995896339417
native_dram_disk,1772730462.913453,7.2292,311.1451530456543
native_dram_disk,1772730463.032177,7.2292,311.263876914978
native_dram_disk,1772730463.160283,7.2292,311.39198303222656
native_dram_disk,1772730463.289784,7.2292,311.52148389816284
native_dram_disk,1772730463.416622,7.2292,311.64832186698914
native_dram_disk,1772730463.542222,7.2292,311.77392196655273
native_dram_disk,1772730463.670537,7.2292,311.90223693847656
native_dram_disk,1772730463.796385,7.2292,312.0280849933624
native_dram_disk,1772730463.956797,7.2292,312.1884968280792
native_dram_disk,1772730464.100702,7.2292,312.3324019908905
native_dram_disk,1772730464.256973,7.2292,312.48867297172546
native_dram_disk,1772730464.367002,7.2292,312.59870195388794
native_dram_disk,1772730464.690772,7.2292,312.92247200012207
native_dram_disk,1772730464.819477,7.2292,313.0511770248413
native_dram_disk,1772730464.946309,7.2292,313.1780090332031
native_dram_disk,1772730465.072188,7.2292,313.3038878440857
native_dram_disk,1772730465.211009,7.2292,313.4427089691162
native_dram_disk,1772730465.339724,7.2292,313.57142400741577
native_dram_disk,1772730465.501632,7.2292,313.73333191871643
native_dram_disk,1772730465.642792,7.2292,313.87449193000793
native_dram_disk,1772730465.748269,7.2292,313.9799690246582
native_dram_disk,1772730465.884046,7.2292,314.11574602127075
native_dram_disk,1772730465.994771,7.2292,314.2264709472656
native_dram_disk,1772730466.122737,7.2292,314.35443687438965
native_dram_disk,1772730466.508793,7.2292,314.7404930591583
native_dram_disk,1772730466.637874,7.2292,314.8695738315582
native_dram_disk,1772730466.75031,7.2292,314.9820098876953
native_dram_disk,1772730466.886766,7.2292,315.11846590042114
native_dram_disk,1772730467.009519,7.2292,315.2412190437317
native_dram_disk,1772730467.135996,7.2292,315.3676960468292
native_dram_disk,1772730467.281412,7.2292,315.5131118297577
native_dram_disk,1772730467.408443,7.2292,315.64014291763306
native_dram_disk,1772730467.534989,7.2292,315.76668906211853
native_dram_disk,1772730467.69637,7.2292,315.9280698299408
native_dram_disk,1772730467.806318,7.2292,316.03801798820496
native_dram_disk,1772730467.93221,7.2292,316.1639099121094
native_dram_disk,1772730468.276528,7.2292,316.5082278251648
native_dram_disk,1772730468.398985,7.2292,316.6306848526001
native_dram_disk,1772730468.52536,7.2292,316.75706005096436
native_dram_disk,1772730468.651813,7.2292,316.8835129737854
native_dram_disk,1772730468.779227,7.2292,317.0109269618988
native_dram_disk,1772730468.905619,7.2292,317.1373188495636
native_dram_disk,1772730469.033657,7.2292,317.2653570175171
native_dram_disk,1772730469.178816,7.2292,317.41051602363586
native_dram_disk,1772730469.306867,7.2292,317.53856682777405
native_dram_disk,1772730469.447596,7.2292,317.6792960166931
native_dram_disk,1772730469.569221,7.2292,317.80092096328735
native_dram_disk,1772730469.946634,7.2292,318.17833399772644
native_dram_disk,1772730470.050342,7.2292,318.2820420265198
native_dram_disk,1772730470.157786,7.2292,318.38948583602905
native_dram_disk,1772730470.282453,7.2292,318.5141530036926
native_dram_disk,1772730470.410016,7.2292,318.64171600341797
native_dram_disk,1772730470.537285,7.2292,318.7689850330353
native_dram_disk,1772730470.664674,7.2292,318.8963739871979
native_dram_disk,1772730470.792615,7.2292,319.0243148803711
native_dram_disk,1772730470.939175,7.2292,319.17087483406067
native_dram_disk,1772730471.049301,7.2292,319.28100085258484
native_dram_disk,1772730471.176877,7.2292,319.40857696533203
native_dram_disk,1772730471.30499,7.2292,319.53668999671936
native_dram_disk,1772730471.679456,7.2292,319.9111559391022
native_dram_disk,1772730471.804697,7.2292,320.03639698028564
native_dram_disk,1772730471.934865,7.2292,320.16656494140625
native_dram_disk,1772730472.063322,7.2292,320.2950220108032
native_dram_disk,1772730472.190243,7.2292,320.42194294929504
native_dram_disk,1772730472.316622,7.2292,320.54832196235657
native_dram_disk,1772730472.477848,7.2292,320.709547996521
native_dram_disk,1772730472.587697,7.2292,320.81939697265625
native_dram_disk,1772730472.715074,7.2292,320.9467740058899
native_dram_disk,1772730472.85025,7.2292,321.0819499492645
native_dram_disk,1772730472.979609,7.2292,321.21130895614624
native_dram_disk,1772730473.105876,7.2292,321.3375759124756
native_dram_disk,1772730473.543848,7.2292,321.7755479812622
native_dram_disk,1772730473.644928,7.2292,321.8766279220581
native_dram_disk,1772730473.750597,7.2292,321.98229694366455
native_dram_disk,1772730473.878981,7.2292,322.1106810569763
native_dram_disk,1772730474.020565,7.2292,322.25226497650146
native_dram_disk,1772730474.133322,7.2292,322.365021944046
native_dram_disk,1772730474.262395,7.2292,322.4940948486328
native_dram_disk,1772730474.410621,7.2292,322.64232087135315
native_dram_disk,1772730474.517967,7.2292,322.749666929245
native_dram_disk,1772730474.661134,7.2292,322.8928339481354
native_dram_disk,1772730474.853758,7.2292,323.0854580402374
native_dram_disk,1772730474.954314,7.2292,323.18601393699646
native_dram_disk,1772730475.309931,7.2292,323.54163098335266
native_dram_disk,1772730475.438475,7.2292,323.6701748371124
native_dram_disk,1772730475.582088,7.2292,323.8137879371643
native_dram_disk,1772730475.697204,7.2292,323.9289040565491
native_dram_disk,1772730475.825592,7.2292,324.0572919845581
native_dram_disk,1772730475.968361,7.2292,324.2000608444214
native_dram_disk,1772730476.095126,7.2292,324.3268258571625
native_dram_disk,1772730476.219615,7.2292,324.45131492614746
native_dram_disk,1772730476.348129,7.2292,324.57982897758484
native_dram_disk,1772730476.506711,7.2292,324.73841094970703
native_dram_disk,1772730476.619372,7.2292,324.8510718345642
native_dram_disk,1772730476.749049,7.2292,324.98074889183044
native_dram_disk,1772730477.120128,7.2292,325.35182785987854
native_dram_disk,1772730477.232401,7.2292,325.4641008377075
native_dram_disk,1772730477.35997,7.2292,325.5916700363159
native_dram_disk,1772730477.492135,7.2292,325.7238349914551
native_dram_disk,1772730477.619789,7.2292,325.85148882865906
native_dram_disk,1772730477.763715,7.2292,325.9954149723053
native_dram_disk,1772730477.892737,7.2292,326.12443685531616
native_dram_disk,1772730478.037385,7.2292,326.2690849304199
native_dram_disk,1772730478.162709,7.2292,326.3944089412689
native_dram_disk,1772730478.307125,7.2292,326.5388250350952
native_dram_disk,1772730478.419396,7.2292,326.651095867157
native_dram_disk,1772730478.547454,7.2292,326.7791540622711
native_dram_disk,1772730478.973401,7.2292,327.2051010131836
native_dram_disk,1772730479.085283,7.2292,327.31698298454285
native_dram_disk,1772730479.213118,7.2292,327.44481801986694
native_dram_disk,1772730479.341178,7.2292,327.57287788391113
native_dram_disk,1772730479.468995,7.2292,327.7006950378418
native_dram_disk,1772730479.596242,7.2292,327.82794189453125
native_dram_disk,1772730479.726768,7.2292,327.95846796035767
native_dram_disk,1772730479.857802,7.2292,328.08950185775757
native_dram_disk,1772730479.988168,7.2292,328.2198679447174
native_dram_disk,1772730480.116215,7.2292,328.3479149341583
native_dram_disk,1772730480.242233,7.2292,328.4739329814911
native_dram_disk,1772730480.391104,7.2292,328.6228039264679
native_dram_disk,1772730480.749499,7.2292,328.9811990261078
native_dram_disk,1772730480.875068,7.2292,329.1067678928375
native_dram_disk,1772730481.001095,7.2292,329.2327950000763
native_dram_disk,1772730481.128897,7.2292,329.3605968952179
native_dram_disk,1772730481.255972,7.2292,329.4876718521118
native_dram_disk,1772730481.384518,7.2292,329.6162178516388
native_dram_disk,1772730481.513785,7.2292,329.745484828949
native_dram_disk,1772730481.640775,7.2292,329.87247490882874
native_dram_disk,1772730481.768231,7.2292,329.99993085861206
native_dram_disk,1772730481.92783,7.2292,330.1595299243927
native_dram_disk,1772730482.056874,7.2292,330.2885739803314
native_dram_disk,1772730482.441116,7.2292,330.6728160381317
native_dram_disk,1772730482.550991,7.2292,330.7826910018921
native_dram_disk,1772730482.686183,7.2292,330.9178829193115
native_dram_disk,1772730482.848046,7.2292,331.0797460079193
native_dram_disk,1772730482.951097,7.2292,331.18279695510864
native_dram_disk,1772730483.080061,7.2292,331.3117609024048
native_dram_disk,1772730483.226919,7.2292,331.45861887931824
native_dram_disk,1772730483.336792,7.2292,331.56849193573
native_dram_disk,1772730483.464201,7.2292,331.6959009170532
native_dram_disk,1772730483.591141,7.2292,331.8228409290314
native_dram_disk,1772730483.72001,7.2292,331.95170998573303
native_dram_disk,1772730483.863997,7.2292,332.09569692611694
native_dram_disk,1772730484.206638,7.2292,332.43833804130554
native_dram_disk,1772730484.333702,7.2292,332.5654020309448
native_dram_disk,1772730484.46334,7.2292,332.6950399875641
native_dram_disk,1772730484.591166,7.2292,332.8228659629822
native_dram_disk,1772730484.718717,7.2292,332.95041704177856
native_dram_disk,1772730484.849458,7.2292,333.08115792274475
native_dram_disk,1772730484.995363,7.2292,333.22706294059753
native_dram_disk,1772730485.141983,7.2292,333.37368297576904
native_dram_disk,1772730485.250654,7.2292,333.48235392570496
native_dram_disk,1772730485.378968,7.2292,333.61066794395447
native_dram_disk,1772730485.50669,7.2292,333.73838996887207
native_dram_disk,1772730485.850183,7.2292,334.0818829536438
native_dram_disk,1772730485.977084,7.2292,334.208783864975
native_dram_disk,1772730486.128631,7.2292,334.3603310585022
native_dram_disk,1772730486.23414,7.2292,334.4658398628235
native_dram_disk,1772730486.361976,7.2292,334.5936758518219
native_dram_disk,1772730486.490794,7.2292,334.72249388694763
native_dram_disk,1772730486.618145,7.2292,334.84984493255615
native_dram_disk,1772730486.759515,7.2292,334.99121499061584
native_dram_disk,1772730486.904168,7.2292,335.1358678340912
native_dram_disk,1772730487.032668,7.2292,335.264368057251
native_dram_disk,1772730487.178701,7.2292,335.41040086746216
native_dram_disk,1772730487.28727,7.2292,335.5189700126648
native_dram_disk,1772730487.690178,7.2292,335.92187786102295
native_dram_disk,1772730487.794799,7.2292,336.02649903297424
native_dram_disk,1772730487.906992,7.2292,336.13869190216064
native_dram_disk,1772730488.03418,7.2292,336.26587986946106
native_dram_disk,1772730488.161545,7.2292,336.39324498176575
native_dram_disk,1772730488.309151,7.2292,336.54085087776184
native_dram_disk,1772730488.425447,7.2292,336.6571469306946
native_dram_disk,1772730488.555517,7.2292,336.7872169017792
native_dram_disk,1772730488.684541,7.2292,336.91624093055725
native_dram_disk,1772730488.813563,7.2292,337.0452630519867
native_dram_disk,1772730488.94187,7.2292,337.17356991767883
native_dram_disk,1772730489.29969,7.2292,337.53138995170593
native_dram_disk,1772730489.429454,7.2292,337.66115403175354
native_dram_disk,1772730489.557671,7.2292,337.78937101364136
native_dram_disk,1772730489.682894,7.2292,337.9145939350128
native_dram_disk,1772730489.81162,7.2292,338.043319940567
native_dram_disk,1772730489.943891,7.2292,338.1755909919739
native_dram_disk,1772730490.088964,7.2292,338.3206639289856
native_dram_disk,1772730490.219775,7.2292,338.45147490501404
native_dram_disk,1772730490.349075,7.2292,338.5807750225067
native_dram_disk,1772730490.477266,7.2292,338.7089660167694
native_dram_disk,1772730490.605658,7.2292,338.8373579978943
native_dram_disk,1772730491.110188,7.2292,339.3418879508972
native_dram_disk,1772730491.212665,7.2292,339.44436502456665
native_dram_disk,1772730491.319937,7.2292,339.5516369342804
native_dram_disk,1772730491.447104,7.2292,339.67880392074585
native_dram_disk,1772730491.576905,7.2292,339.8086049556732
native_dram_disk,1772730491.70255,7.2292,339.9342498779297
native_dram_disk,1772730491.837523,7.2292,340.0692229270935
native_dram_disk,1772730491.983144,7.2292,340.2148439884186
native_dram_disk,1772730492.107867,7.2292,340.33956694602966
native_dram_disk,1772730492.261823,7.2292,340.49352288246155
native_dram_disk,1772730492.390421,7.2292,340.62212085723877
native_dram_disk,1772730492.774224,7.2292,341.00592398643494
native_dram_disk,1772730492.884629,7.2292,341.11632895469666
native_dram_disk,1772730493.012824,7.2292,341.2445240020752
native_dram_disk,1772730493.140202,7.2292,341.37190198898315
native_dram_disk,1772730493.268981,7.2292,341.5006809234619
native_dram_disk,1772730493.431837,7.2292,341.66353702545166
native_dram_disk,1772730493.543845,7.2292,341.7755448818207
native_dram_disk,1772730493.654974,7.2292,341.88667392730713
native_dram_disk,1772730493.797827,7.2292,342.02952694892883
native_dram_disk,1772730493.939677,7.2292,342.17137694358826
native_dram_disk,1772730494.086467,7.2292,342.31816697120667
native_dram_disk,1772730494.215704,7.2292,342.4474039077759
native_dram_disk,1772730494.561788,7.2292,342.7934880256653
native_dram_disk,1772730494.689582,7.2292,342.9212820529938
native_dram_disk,1772730494.818225,7.2292,343.04992485046387
native_dram_disk,1772730494.948204,7.2292,343.1799039840698
native_dram_disk,1772730495.079811,7.2292,343.3115110397339
native_dram_disk,1772730495.206928,7.2292,343.43862795829773
native_dram_disk,1772730495.333717,7.2292,343.5654170513153
native_dram_disk,1772730495.462091,7.2292,343.6937909126282
native_dram_disk,1772730495.595775,7.2292,343.8274748325348
native_dram_disk,1772730495.757328,7.2292,343.98902797698975
native_dram_disk,1772730495.867416,7.2292,344.09911584854126
native_dram_disk,1772730496.306328,7.2292,344.5380280017853
native_dram_disk,1772730496.437764,7.2292,344.66946387290955
native_dram_disk,1772730496.565884,7.2292,344.79758405685425
native_dram_disk,1772730496.695688,7.2292,344.92738795280457
native_dram_disk,1772730496.824267,7.2292,345.05596685409546
native_dram_disk,1772730496.954197,7.2292,345.1858968734741
native_dram_disk,1772730497.085077,7.2292,345.3167769908905
native_dram_disk,1772730497.211657,7.2292,345.4433569908142
native_dram_disk,1772730497.341818,7.2292,345.573518037796
native_dram_disk,1772730497.472503,7.2292,345.7042028903961
native_dram_disk,1772730497.601663,7.2292,345.83336305618286
native_dram_disk,1772730498.025988,7.2292,346.2576880455017
native_dram_disk,1772730498.142455,7.2292,346.37415504455566
native_dram_disk,1772730498.271275,7.2292,346.50297498703003
native_dram_disk,1772730498.422334,7.2292,346.65403389930725
native_dram_disk,1772730498.543505,7.2292,346.7752048969269
native_dram_disk,1772730498.672722,7.2292,346.904422044754
native_dram_disk,1772730498.800872,7.2292,347.0325720310211
native_dram_disk,1772730498.93124,7.2292,347.1629400253296
native_dram_disk,1772730499.099252,7.2292,347.3309519290924
native_dram_disk,1772730499.207915,7.2292,347.4396150112152
native_dram_disk,1772730499.339054,7.2292,347.5707540512085
native_dram_disk,1772730499.744235,7.2292,347.9759349822998
native_dram_disk,1772730499.864197,7.2292,348.0958969593048
native_dram_disk,1772730499.991806,7.2292,348.2235059738159
native_dram_disk,1772730500.119992,7.2292,348.35169196128845
native_dram_disk,1772730500.249843,7.2292,348.48154282569885
native_dram_disk,1772730500.376211,7.2292,348.60791087150574
native_dram_disk,1772730500.510014,7.2292,348.7417140007019
native_dram_disk,1772730500.638281,7.2292,348.86998105049133
native_dram_disk,1772730500.776436,7.2292,349.00813603401184
native_dram_disk,1772730500.898998,7.2292,349.13069796562195
native_dram_disk,1772730501.02546,7.2292,349.257159948349
native_dram_disk,1772730501.636405,7.2292,349.8681049346924
native_dram_disk,1772730501.737744,7.2292,349.96944403648376
native_dram_disk,1772730501.843442,7.2292,350.0751419067383
native_dram_disk,1772730501.965028,7.2292,350.1967279911041
native_dram_disk,1772730502.095835,7.2292,350.3275349140167
native_dram_disk,1772730502.225353,7.2292,350.4570529460907
native_dram_disk,1772730502.387551,7.2292,350.6192510128021
native_dram_disk,1772730502.487882,7.2292,350.7195818424225
native_dram_disk,1772730502.617846,7.2292,350.84954595565796
native_dram_disk,1772730502.748409,7.2292,350.98010897636414
native_dram_disk,1772730502.87602,7.2292,351.1077198982239
native_dram_disk,1772730503.25279,7.2292,351.4844899177551
native_dram_disk,1772730503.379854,7.2292,351.6115539073944
native_dram_disk,1772730503.509797,7.2292,351.7414970397949
native_dram_disk,1772730503.640593,7.2292,351.8722929954529
native_dram_disk,1772730503.767303,7.2292,351.9990029335022
native_dram_disk,1772730503.896544,7.2292,352.12824392318726
native_dram_disk,1772730504.030291,7.2292,352.26199102401733
native_dram_disk,1772730504.157115,7.2292,352.38881492614746
native_dram_disk,1772730504.287037,7.2292,352.51873683929443
native_dram_disk,1772730504.414715,7.2292,352.6464149951935
native_dram_disk,1772730504.550935,7.2292,352.782634973526
native_dram_disk,1772730504.908092,7.2292,353.1397919654846
native_dram_disk,1772730505.051138,7.2292,353.2828378677368
native_dram_disk,1772730505.165424,7.2292,353.39712405204773
native_dram_disk,1772730505.293143,7.2292,353.5248429775238
native_dram_disk,1772730505.436245,7.2292,353.6679449081421
native_dram_disk,1772730505.566296,7.2292,353.79799604415894
native_dram_disk,1772730505.728875,7.2292,353.9605748653412
native_dram_disk,1772730505.8378,7.2292,354.0694999694824
native_dram_disk,1772730505.981298,7.2292,354.2129979133606
native_dram_disk,1772730506.094285,7.2292,354.325984954834
native_dram_disk,1772730506.227215,7.2292,354.4589149951935
native_dram_disk,1772730506.357507,7.2292,354.5892069339752
native_dram_disk,1772730506.734565,7.2292,354.96626496315
native_dram_disk,1772730506.868269,7.2292,355.0999689102173
native_dram_disk,1772730506.997864,7.2292,355.2295639514923
native_dram_disk,1772730507.125912,7.2292,355.35761189460754
native_dram_disk,1772730507.254615,7.2292,355.48631501197815
native_dram_disk,1772730507.385147,7.2292,355.61684703826904
native_dram_disk,1772730507.514313,7.2292,355.7460129261017
native_dram_disk,1772730507.652559,7.2292,355.8842589855194
native_dram_disk,1772730507.779681,7.2292,356.0113809108734
native_dram_disk,1772730507.909983,7.2292,356.1416828632355
native_dram_disk,1772730508.256999,7.2292,356.4886989593506
native_dram_disk,1772730508.384733,7.2292,356.61643290519714
native_dram_disk,1772730508.514502,7.2292,356.7462019920349
native_dram_disk,1772730508.662609,7.2292,356.8943090438843
native_dram_disk,1772730508.778256,7.2292,357.0099558830261
native_dram_disk,1772730508.907367,7.2292,357.13906693458557
native_dram_disk,1772730509.041978,7.2292,357.27367782592773
native_dram_disk,1772730509.171119,7.2292,357.40281891822815
native_dram_disk,1772730509.349332,7.2292,357.581032037735
native_dram_disk,1772730509.528314,7.2292,357.7600140571594
native_dram_disk,1772730509.641329,7.2292,357.87302899360657
native_dram_disk,1772730509.755265,7.2292,357.9869649410248
native_dram_disk,1772730510.124981,7.2292,358.35668087005615
native_dram_disk,1772730510.236701,7.2292,358.4684009552002
native_dram_disk,1772730510.368773,7.2292,358.6004729270935
native_dram_disk,1772730510.499148,7.2292,358.73084783554077
native_dram_disk,1772730510.629862,7.2292,358.8615620136261
native_dram_disk,1772730510.757226,7.2292,358.9889259338379
native_dram_disk,1772730510.887803,7.2292,359.11950302124023
native_dram_disk,1772730511.032396,7.2292,359.2640960216522
native_dram_disk,1772730511.152967,7.2292,359.38466691970825
native_dram_disk,1772730511.286902,7.2292,359.51860189437866
native_dram_disk,1772730511.638842,7.2292,359.87054204940796
native_dram_disk,1772730511.766798,7.2292,359.99849796295166
native_dram_disk,1772730511.895085,7.2292,360.12678503990173
native_dram_disk,1772730512.027716,7.2292,360.25941586494446
native_dram_disk,1772730512.158062,7.2292,360.38976192474365
native_dram_disk,1772730512.288796,7.2292,360.52049589157104
native_dram_disk,1772730512.419223,7.2292,360.65092301368713
native_dram_disk,1772730512.55081,7.2292,360.78251004219055
native_dram_disk,1772730512.679245,7.2292,360.91094493865967
native_dram_disk,1772730512.809546,7.2292,361.0412459373474
native_dram_disk,1772730512.949196,7.2292,361.18089604377747
native_dram_disk,1772730513.359575,7.2292,361.59127497673035
native_dram_disk,1772730513.464233,7.2292,361.6959328651428
native_dram_disk,1772730513.57576,7.2292,361.8074598312378
native_dram_disk,1772730513.706201,7.2292,361.93790102005005
native_dram_disk,1772730513.834455,7.2292,362.0661549568176
native_dram_disk,1772730513.963366,7.2292,362.1950659751892
native_dram_disk,1772730514.095168,7.2292,362.326868057251
native_dram_disk,1772730514.224492,7.2292,362.45619201660156
native_dram_disk,1772730514.355608,7.2292,362.5873079299927
native_dram_disk,1772730514.486801,7.2292,362.71850085258484
native_dram_disk,1772730514.61676,7.2292,362.84845995903015
native_dram_disk,1772730515.020689,7.2292,363.2523889541626
native_dram_disk,1772730515.142926,7.2292,363.3746259212494
native_dram_disk,1772730515.288071,7.2292,363.519770860672
native_dram_disk,1772730515.402626,7.2292,363.63432598114014
native_dram_disk,1772730515.533889,7.2292,363.76558899879456
native_dram_disk,1772730515.662511,7.2292,363.89421105384827
native_dram_disk,1772730515.790453,7.2292,364.0221529006958
native_dram_disk,1772730516.002423,7.2292,364.2341229915619
native_dram_disk,1772730516.135245,7.2292,364.36694502830505
native_dram_disk,1772730516.241381,7.2292,364.4730808734894
native_dram_disk,1772730516.612034,7.2292,364.8437340259552
native_dram_disk,1772730516.740726,7.2292,364.9724259376526
native_dram_disk,1772730516.870628,7.2292,365.1023280620575
native_dram_disk,1772730517.000706,7.2292,365.2324059009552
native_dram_disk,1772730517.131855,7.2292,365.3635549545288
native_dram_disk,1772730517.260685,7.2292,365.4923849105835
native_dram_disk,1772730517.390266,7.2292,365.62196588516235
native_dram_disk,1772730517.523348,7.2292,365.7550480365753
native_dram_disk,1772730517.651946,7.2292,365.88364601135254
native_dram_disk,1772730517.791285,7.2292,366.02298498153687
native_dram_disk,1772730518.180011,7.2292,366.4117109775543
native_dram_disk,1772730518.329357,7.2292,366.5610568523407
native_dram_disk,1772730518.442656,7.2292,366.67435598373413
native_dram_disk,1772730518.573645,7.2292,366.80534505844116
native_dram_disk,1772730518.720714,7.2292,366.9524140357971
native_dram_disk,1772730518.835026,7.2292,367.0667259693146
native_dram_disk,1772730518.983329,7.2292,367.21502900123596
native_dram_disk,1772730519.115543,7.2292,367.34724283218384
native_dram_disk,1772730519.23309,7.2292,367.4647898674011
native_dram_disk,1772730519.387105,7.2292,367.6188049316406
native_dram_disk,1772730519.567976,7.2292,367.7996759414673
native_dram_disk,1772730519.930138,7.2292,368.161838054657
native_dram_disk,1772730520.030682,7.2292,368.26238203048706
native_dram_disk,1772730520.159423,7.2292,368.39112305641174
native_dram_disk,1772730520.288332,7.2292,368.5200319290161
native_dram_disk,1772730520.417979,7.2292,368.6496789455414
native_dram_disk,1772730520.550023,7.2292,368.78172302246094
native_dram_disk,1772730520.685124,7.2292,368.91682386398315
native_dram_disk,1772730520.813794,7.2292,369.04549384117126
native_dram_disk,1772730520.944034,7.2292,369.17573404312134
native_dram_disk,1772730521.092354,7.2292,369.32405400276184
native_dram_disk,1772730521.211537,7.2292,369.44323682785034
native_dram_disk,1772730521.699141,7.2292,369.9308409690857
native_dram_disk,1772730521.7995,7.2292,370.0311999320984
native_dram_disk,1772730521.900442,7.2292,370.132141828537
native_dram_disk,1772730522.013818,7.2292,370.24551796913147
native_dram_disk,1772730522.135277,7.2292,370.36697697639465
native_dram_disk,1772730522.265859,7.2292,370.4975588321686
native_dram_disk,1772730522.458358,7.2292,370.6900579929352
native_dram_disk,1772730522.56083,7.2292,370.79253005981445
native_dram_disk,1772730522.689757,7.2292,370.92145705223083
native_dram_disk,1772730522.820443,7.2292,371.05214285850525
native_dram_disk,1772730522.968052,7.2292,371.19975185394287
native_dram_disk,1772730523.354822,7.2292,371.5865218639374
native_dram_disk,1772730523.45581,7.2292,371.6875100135803
native_dram_disk,1772730523.562384,7.2292,371.79408383369446
native_dram_disk,1772730523.711818,7.2292,371.9435179233551
native_dram_disk,1772730523.824988,7.2292,372.05668783187866
native_dram_disk,1772730523.972622,7.2292,372.2043218612671
native_dram_disk,1772730524.085759,7.2292,372.31745886802673
native_dram_disk,1772730524.220871,7.2292,372.45257091522217
native_dram_disk,1772730524.352583,7.2292,372.58428287506104
native_dram_disk,1772730524.483705,7.2292,372.7154049873352
native_dram_disk,1772730524.614014,7.2292,372.84571385383606
native_dram_disk,1772730525.018439,7.2292,373.2501389980316
native_dram_disk,1772730525.166929,7.2292,373.398628950119
native_dram_disk,1772730525.278892,7.2292,373.51059198379517
native_dram_disk,1772730525.409652,7.2292,373.6413519382477
native_dram_disk,1772730525.539583,7.2292,373.77128291130066
native_dram_disk,1772730525.671147,7.2292,373.9028470516205
native_dram_disk,1772730525.805924,7.2292,374.0376238822937
native_dram_disk,1772730525.933717,7.2292,374.1654169559479
native_dram_disk,1772730526.066547,7.2292,374.29824686050415
native_dram_disk,1772730526.217811,7.2292,374.449511051178
native_dram_disk,1772730526.326492,7.2292,374.5581920146942
native_dram_disk,1772730526.728086,7.2292,374.95978593826294
native_dram_disk,1772730526.862114,7.2292,375.0938138961792
native_dram_disk,1772730526.996092,7.2292,375.2277920246124
native_dram_disk,1772730527.128823,7.2292,375.3605229854584
native_dram_disk,1772730527.26247,7.2292,375.49416995048523
native_dram_disk,1772730527.392721,7.2292,375.62442088127136
native_dram_disk,1772730527.521549,7.2292,375.7532489299774
native_dram_disk,1772730527.665105,7.2292,375.8968050479889
native_dram_disk,1772730527.828571,7.2292,376.060271024704
native_dram_disk,1772730528.157489,7.2292,376.38918900489807
native_dram_disk,1772730528.28785,7.2292,376.51954984664917
native_dram_disk,1772730528.419788,7.2292,376.651487827301
native_dram_disk,1772730528.549957,7.2292,376.7816569805145
native_dram_disk,1772730528.686086,7.2292,376.91778588294983
native_dram_disk,1772730528.807719,7.2292,377.03941893577576
native_dram_disk,1772730528.953908,7.2292,377.18560791015625
native_dram_disk,1772730529.073108,7.2292,377.30480790138245
native_dram_disk,1772730529.201153,7.2292,377.43285298347473
native_dram_disk,1772730529.332007,7.2292,377.5637068748474
native_dram_disk,1772730529.8776,7.2292,378.1092998981476
native_dram_disk,1772730529.978203,7.2292,378.2099030017853
native_dram_disk,1772730530.080283,7.2292,378.31198287010193
native_dram_disk,1772730530.2117,7.2292,378.44339990615845
native_dram_disk,1772730530.3295,7.2292,378.56119990348816
native_dram_disk,1772730530.466414,7.2292,378.69811391830444
native_dram_disk,1772730530.607869,7.2292,378.8395688533783
native_dram_disk,1772730530.719749,7.2292,378.9514489173889
native_dram_disk,1772730530.854055,7.2292,379.0857548713684
native_dram_disk,1772730530.983103,7.2292,379.214802980423
native_dram_disk,1772730531.426008,7.2292,379.6577079296112
native_dram_disk,1772730531.538743,7.2292,379.7704429626465
native_dram_disk,1772730531.668607,7.2292,379.90030694007874
native_dram_disk,1772730531.799405,7.2292,380.0311050415039
native_dram_disk,1772730531.954047,7.2292,380.18574690818787
native_dram_disk,1772730532.078291,7.2292,380.30999088287354
native_dram_disk,1772730532.207403,7.2292,380.4391028881073
native_dram_disk,1772730532.336884,7.2292,380.5685839653015
native_dram_disk,1772730532.467222,7.2292,380.698921918869
native_dram_disk,1772730533.008624,7.2292,381.24032402038574
native_dram_disk,1772730533.108992,7.2292,381.34069204330444
native_dram_disk,1772730533.218008,7.2292,381.4497079849243
native_dram_disk,1772730533.334756,7.2292,381.56645584106445
native_dram_disk,1772730533.463483,7.2292,381.69518303871155
native_dram_disk,1772730533.597298,7.2292,381.8289978504181
native_dram_disk,1772730533.725651,7.2292,381.9573509693146
native_dram_disk,1772730533.871053,7.2292,382.10275292396545
native_dram_disk,1772730533.995202,7.2292,382.22690200805664
native_dram_disk,1772730534.125087,7.2292,382.35678696632385
native_dram_disk,1772730534.519103,7.2292,382.7508029937744
native_dram_disk,1772730534.657401,7.2292,382.8891010284424
native_dram_disk,1772730534.772554,7.2292,383.00425386428833
native_dram_disk,1772730534.906083,7.2292,383.1377830505371
native_dram_disk,1772730535.043053,7.2292,383.2747528553009
native_dram_disk,1772730535.179257,7.2292,383.4109568595886
native_dram_disk,1772730535.309854,7.2292,383.5415539741516
native_dram_disk,1772730535.441477,7.2292,383.6731770038605
native_dram_disk,1772730535.574826,7.2292,383.80652594566345
native_dram_disk,1772730536.000367,7.2292,384.2320668697357
native_dram_disk,1772730536.10293,7.2292,384.3346300125122
native_dram_disk,1772730536.217365,7.2292,384.4490649700165
native_dram_disk,1772730536.348689,7.2292,384.58038902282715
native_dram_disk,1772730536.480277,7.2292,384.7119770050049
native_dram_disk,1772730536.609838,7.2292,384.8415379524231
native_dram_disk,1772730536.741487,7.2292,384.9731869697571
native_dram_disk,1772730536.875833,7.2292,385.10753297805786
native_dram_disk,1772730537.00431,7.2292,385.2360098361969
native_dram_disk,1772730537.137945,7.2292,385.3696448802948
native_dram_disk,1772730537.519328,7.2292,385.7510280609131
native_dram_disk,1772730537.651711,7.2292,385.88341093063354
native_dram_disk,1772730537.789082,7.2292,386.02078199386597
native_dram_disk,1772730537.921378,7.2292,386.15307784080505
native_dram_disk,1772730538.0685,7.2292,386.30019998550415
native_dram_disk,1772730538.244067,7.2292,386.47576689720154
native_dram_disk,1772730538.348978,7.2292,386.580677986145
native_dram_disk,1772730538.461747,7.2292,386.69344687461853
native_dram_disk,1772730538.590805,7.2292,386.8225049972534
native_dram_disk,1772730538.742593,7.2292,386.97429299354553
native_dram_disk,1772730539.11981,7.2292,387.3515100479126
native_dram_disk,1772730539.253944,7.2292,387.485643863678
native_dram_disk,1772730539.386134,7.2292,387.61783385276794
native_dram_disk,1772730539.51673,7.2292,387.7484300136566
native_dram_disk,1772730539.652096,7.2292,387.8837959766388
native_dram_disk,1772730539.785467,7.2292,388.01716685295105
native_dram_disk,1772730539.916224,7.2292,388.1479239463806
native_dram_disk,1772730540.051761,7.2292,388.283460855484
native_dram_disk,1772730540.183306,7.2292,388.4150059223175
native_dram_disk,1772730540.312691,7.2292,388.54439091682434
native_dram_disk,1772730540.706149,7.2292,388.9378490447998
native_dram_disk,1772730540.809739,7.2292,389.0414390563965
native_dram_disk,1772730540.941364,7.2292,389.173063993454
native_dram_disk,1772730541.071416,7.2292,389.30311584472656
native_dram_disk,1772730541.204615,7.2292,389.43631505966187
native_dram_disk,1772730541.349991,7.2292,389.5816910266876
native_dram_disk,1772730541.485638,7.2292,389.717337846756
native_dram_disk,1772730541.622746,7.2292,389.85444593429565
native_dram_disk,1772730541.753267,7.2292,389.9849669933319
native_dram_disk,1772730541.903875,7.2292,390.13557505607605
native_dram_disk,1772730542.033748,7.2292,390.2654478549957
native_dram_disk,1772730542.397894,7.2292,390.62959384918213
native_dram_disk,1772730542.515383,7.2292,390.7470829486847
native_dram_disk,1772730542.667835,7.2292,390.8995349407196
native_dram_disk,1772730542.782957,7.2292,391.01465702056885
native_dram_disk,1772730542.912625,7.2292,391.1443250179291
native_dram_disk,1772730543.044878,7.2292,391.2765779495239
native_dram_disk,1772730543.17718,7.2292,391.40887999534607
native_dram_disk,1772730543.324158,7.2292,391.5558578968048
native_dram_disk,1772730543.470284,7.2292,391.7019839286804
native_dram_disk,1772730543.608457,7.2292,391.84015703201294
native_dram_disk,1772730543.940974,7.2292,392.17267394065857
native_dram_disk,1772730544.073088,7.2292,392.3047878742218
native_dram_disk,1772730544.219043,7.2292,392.4507429599762
native_dram_disk,1772730544.334698,7.2292,392.56639790534973
native_dram_disk,1772730544.467384,7.2292,392.6990840435028
native_dram_disk,1772730544.598736,7.2292,392.83043599128723
native_dram_disk,1772730544.728944,7.2292,392.9606440067291
native_dram_disk,1772730544.86064,7.2292,393.0923399925232
native_dram_disk,1772730544.992431,7.2292,393.22413086891174
native_dram_disk,1772730545.126075,7.2292,393.35777497291565
native_dram_disk,1772730545.499144,7.2292,393.7308440208435
native_dram_disk,1772730545.61195,7.2292,393.8436498641968
native_dram_disk,1772730545.742635,7.2292,393.97433495521545
native_dram_disk,1772730545.892084,7.2292,394.123783826828
native_dram_disk,1772730546.023879,7.2292,394.255578994751
native_dram_disk,1772730546.155077,7.2292,394.3867769241333
native_dram_disk,1772730546.288827,7.2292,394.5205268859863
native_dram_disk,1772730546.422618,7.2292,394.65431785583496
native_dram_disk,1772730546.553385,7.2292,394.78508496284485
native_dram_disk,1772730546.706258,7.2292,394.93795800209045
native_dram_disk,1772730546.818689,7.2292,395.0503890514374
native_dram_disk,1772730547.191434,7.2292,395.42313385009766
native_dram_disk,1772730547.324512,7.2292,395.5562119483948
native_dram_disk,1772730547.454544,7.2292,395.6862440109253
native_dram_disk,1772730547.584686,7.2292,395.8163859844208
native_dram_disk,1772730547.735774,7.2292,395.96747398376465
native_dram_disk,1772730547.852355,7.2292,396.0840549468994
native_dram_disk,1772730547.981511,7.2292,396.2132110595703
native_dram_disk,1772730548.12098,7.2292,396.35267996788025
native_dram_disk,1772730548.250989,7.2292,396.4826889038086
native_dram_disk,1772730548.654606,7.2292,396.8863060474396
native_dram_disk,1772730548.774275,7.2292,397.00597500801086
native_dram_disk,1772730548.905295,7.2292,397.1369948387146
native_dram_disk,1772730549.042385,7.2292,397.27408504486084
native_dram_disk,1772730549.165684,7.2292,397.39738392829895
native_dram_disk,1772730549.331036,7.2292,397.5627360343933
native_dram_disk,1772730549.445871,7.2292,397.6775710582733
native_dram_disk,1772730549.613089,7.2292,397.8447890281677
native_dram_disk,1772730549.714699,7.2292,397.94639897346497
native_dram_disk,1772730549.84557,7.2292,398.07727003097534
native_dram_disk,1772730550.21531,7.2292,398.4470100402832
native_dram_disk,1772730550.33597,7.2292,398.56766986846924
native_dram_disk,1772730550.467804,7.2292,398.6995038986206
native_dram_disk,1772730550.59901,7.2292,398.8307099342346
native_dram_disk,1772730550.729238,7.2292,398.96093797683716
native_dram_disk,1772730550.860044,7.2292,399.09174394607544
native_dram_disk,1772730550.994327,7.2292,399.22602701187134
native_dram_disk,1772730551.159406,7.2292,399.39110589027405
native_dram_disk,1772730551.269605,7.2292,399.5013048648834
native_dram_disk,1772730551.399588,7.2292,399.6312880516052
native_dram_disk,1772730551.774618,7.2292,400.0063178539276
native_dram_disk,1772730551.884142,7.2292,400.11584186553955
native_dram_disk,1772730552.033726,7.2292,400.26542592048645
native_dram_disk,1772730552.150049,7.2292,400.3817489147186
native_dram_disk,1772730552.283019,7.2292,400.5147190093994
native_dram_disk,1772730552.431942,7.2292,400.66364192962646
native_dram_disk,1772730552.564965,7.2292,400.7966649532318
native_dram_disk,1772730552.696525,7.2292,400.9282250404358
native_dram_disk,1772730552.82892,7.2292,401.0606198310852
native_dram_disk,1772730552.96683,7.2292,401.198529958725
native_dram_disk,1772730553.38894,7.2292,401.62064003944397
native_dram_disk,1772730553.50323,7.2292,401.73493003845215
native_dram_disk,1772730553.635717,7.2292,401.8674168586731
native_dram_disk,1772730553.766651,7.2292,401.99835085868835
native_dram_disk,1772730553.898144,7.2292,402.1298439502716
native_dram_disk,1772730554.031041,7.2292,402.2627408504486
native_dram_disk,1772730554.193157,7.2292,402.4248569011688
native_dram_disk,1772730554.322856,7.2292,402.55455589294434
native_dram_disk,1772730554.432718,7.2292,402.66441798210144
native_dram_disk,1772730554.563842,7.2292,402.79554200172424
native_dram_disk,1772730554.966731,7.2292,403.19843101501465
native_dram_disk,1772730555.085824,7.2292,403.3175239562988
native_dram_disk,1772730555.234664,7.2292,403.46636390686035
native_dram_disk,1772730555.351399,7.2292,403.5830988883972
native_dram_disk,1772730555.483491,7.2292,403.7151908874512
native_dram_disk,1772730555.614148,7.2292,403.8458478450775
native_dram_disk,1772730555.745029,7.2292,403.9767289161682
native_dram_disk,1772730555.874128,7.2292,404.1058280467987
native_dram_disk,1772730556.011057,7.2292,404.2427568435669
native_dram_disk,1772730556.183313,7.2292,404.4150128364563
native_dram_disk,1772730556.580279,7.2292,404.81197905540466
native_dram_disk,1772730556.691406,7.2292,404.9231059551239
native_dram_disk,1772730556.812281,7.2292,405.0439808368683
native_dram_disk,1772730556.942268,7.2292,405.17396783828735
native_dram_disk,1772730557.075735,7.2292,405.30743503570557
native_dram_disk,1772730557.208529,7.2292,405.4402289390564
native_dram_disk,1772730557.361397,7.2292,405.59309697151184
native_dram_disk,1772730557.476012,7.2292,405.70771193504333
native_dram_disk,1772730557.647878,7.2292,405.87957787513733
native_dram_disk,1772730557.760735,7.2292,405.9924349784851
native_dram_disk,1772730558.147511,7.2292,406.3792109489441
native_dram_disk,1772730558.248383,7.2292,406.480082988739
native_dram_disk,1772730558.380141,7.2292,406.61184096336365
native_dram_disk,1772730558.510429,7.2292,406.74212884902954
native_dram_disk,1772730558.641013,7.2292,406.8727128505707
native_dram_disk,1772730558.771006,7.2292,407.0027060508728
native_dram_disk,1772730558.902795,7.2292,407.1344950199127
native_dram_disk,1772730559.032368,7.2292,407.2640678882599
native_dram_disk,1772730559.165061,7.2292,407.39676094055176
native_dram_disk,1772730559.294134,7.2292,407.52583384513855
native_dram_disk,1772730559.707087,7.2292,407.93878698349
native_dram_disk,1772730559.831319,7.2292,408.0630190372467
native_dram_disk,1772730559.945907,7.2292,408.17760705947876
native_dram_disk,1772730560.075767,7.2292,408.30746698379517
native_dram_disk,1772730560.20776,7.2292,408.4394600391388
native_dram_disk,1772730560.360245,7.2292,408.5919449329376
native_dram_disk,1772730560.471942,7.2292,408.7036418914795
native_dram_disk,1772730560.604227,7.2292,408.8359270095825
native_dram_disk,1772730560.776718,7.2292,409.00841784477234
native_dram_disk,1772730561.113742,7.2292,409.3454420566559
native_dram_disk,1772730561.245423,7.2292,409.47712302207947
native_dram_disk,1772730561.398656,7.2292,409.63035583496094
native_dram_disk,1772730561.51111,7.2292,409.74281001091003
native_dram_disk,1772730561.643389,7.2292,409.87508893013
native_dram_disk,1772730561.777995,7.2292,410.0096950531006
native_dram_disk,1772730561.911028,7.2292,410.1427278518677
native_dram_disk,1772730562.044202,7.2292,410.2759020328522
native_dram_disk,1772730562.175398,7.2292,410.40709805488586
native_dram_disk,1772730562.307283,7.2292,410.5389828681946
native_dram_disk,1772730562.675485,7.2292,410.90718483924866
native_dram_disk,1772730562.810167,7.2292,411.041867017746
native_dram_disk,1772730562.941961,7.2292,411.17366099357605
native_dram_disk,1772730563.094787,7.2292,411.326486825943
native_dram_disk,1772730563.207383,7.2292,411.43908286094666
native_dram_disk,1772730563.342932,7.2292,411.5746319293976
native_dram_disk,1772730563.482029,7.2292,411.7137289047241
native_dram_disk,1772730563.606866,7.2292,411.838565826416
native_dram_disk,1772730563.749925,7.2292,411.98162484169006
native_dram_disk,1772730563.90908,7.2292,412.1407799720764
native_dram_disk,1772730564.272067,7.2292,412.5037670135498
native_dram_disk,1772730564.388091,7.2292,412.6197910308838
native_dram_disk,1772730564.523263,7.2292,412.7549629211426
native_dram_disk,1772730564.655438,7.2292,412.88713788986206
native_dram_disk,1772730564.787409,7.2292,413.0191090106964
native_dram_disk,1772730564.920658,7.2292,413.15235805511475
native_dram_disk,1772730565.057387,7.2292,413.28908705711365
native_dram_disk,1772730565.18911,7.2292,413.42080998420715
native_dram_disk,1772730565.319762,7.2292,413.55146193504333
native_dram_disk,1772730565.697687,7.2292,413.92938685417175
native_dram_disk,1772730565.832896,7.2292,414.0645959377289
native_dram_disk,1772730565.963368,7.2292,414.19506788253784
native_dram_disk,1772730566.095818,7.2292,414.3275179862976
native_dram_disk,1772730566.2266,7.2292,414.4582998752594
native_dram_disk,1772730566.358293,7.2292,414.5899930000305
native_dram_disk,1772730566.494142,7.2292,414.72584199905396
native_dram_disk,1772730566.625047,7.2292,414.85674691200256
native_dram_disk,1772730566.758053,7.2292,414.9897530078888
native_dram_disk,1772730566.90426,7.2292,415.1359598636627
native_dram_disk,1772730567.287239,7.2292,415.5189390182495
native_dram_disk,1772730567.417556,7.2292,415.64925599098206
native_dram_disk,1772730567.551716,7.2292,415.78341603279114
native_dram_disk,1772730567.685761,7.2292,415.9174609184265
native_dram_disk,1772730567.82005,7.2292,416.0517499446869
native_dram_disk,1772730567.9512,7.2292,416.1828999519348
native_dram_disk,1772730568.084846,7.2292,416.31654596328735
native_dram_disk,1772730568.216866,7.2292,416.4485659599304
native_dram_disk,1772730568.375756,7.2292,416.6074559688568
native_dram_disk,1772730568.508959,7.2292,416.7406589984894
native_dram_disk,1772730568.867656,7.2292,417.0993559360504
native_dram_disk,1772730569.005344,7.2292,417.23704385757446
native_dram_disk,1772730569.153891,7.2292,417.38559103012085
native_dram_disk,1772730569.276997,7.2292,417.50869703292847
native_dram_disk,1772730569.418903,7.2292,417.650603055954
native_dram_disk,1772730569.551573,7.2292,417.7832729816437
native_dram_disk,1772730569.685535,7.2292,417.9172348976135
native_dram_disk,1772730569.816846,7.2292,418.04854583740234
native_dram_disk,1772730569.949498,7.2292,418.1811978816986
native_dram_disk,1772730570.08319,7.2292,418.3148899078369
native_dram_disk,1772730570.457165,7.2292,418.68886494636536
native_dram_disk,1772730570.592792,7.2292,418.82449197769165
native_dram_disk,1772730570.72579,7.2292,418.9574899673462
native_dram_disk,1772730570.875325,7.2292,419.1070249080658
native_dram_disk,1772730570.989384,7.2292,419.2210838794708
native_dram_disk,1772730571.142949,7.2292,419.37464904785156
native_dram_disk,1772730571.295824,7.2292,419.5275239944458
native_dram_disk,1772730571.428373,7.2292,419.6600730419159
native_dram_disk,1772730571.560743,7.2292,419.7924430370331
native_dram_disk,1772730571.961622,7.2292,420.1933219432831
native_dram_disk,1772730572.087609,7.2292,420.31930899620056
native_dram_disk,1772730572.221583,7.2292,420.45328283309937
native_dram_disk,1772730572.352716,7.2292,420.5844159126282
native_dram_disk,1772730572.501798,7.2292,420.7334978580475
native_dram_disk,1772730572.637349,7.2292,420.86904883384705
native_dram_disk,1772730572.769794,7.2292,421.00149393081665
native_dram_disk,1772730572.902782,7.2292,421.13448190689087
native_dram_disk,1772730573.033711,7.2292,421.26541090011597
native_dram_disk,1772730573.453603,7.2292,421.6853029727936
native_dram_disk,1772730573.559349,7.2292,421.7910490036011
native_dram_disk,1772730573.690892,7.2292,421.92259192466736
native_dram_disk,1772730573.826004,7.2292,422.0577039718628
native_dram_disk,1772730573.956955,7.2292,422.18865489959717
native_dram_disk,1772730574.08984,7.2292,422.3215398788452
native_dram_disk,1772730574.222058,7.2292,422.4537580013275
native_dram_disk,1772730574.362245,7.2292,422.5939450263977
native_dram_disk,1772730574.536958,7.2292,422.76865792274475
native_dram_disk,1772730574.67105,7.2292,422.9027500152588
native_dram_disk,1772730575.033739,7.2292,423.2654390335083
native_dram_disk,1772730575.168524,7.2292,423.4002239704132
native_dram_disk,1772730575.300931,7.2292,423.53263092041016
native_dram_disk,1772730575.435052,7.2292,423.66675186157227
native_dram_disk,1772730575.567235,7.2292,423.79893493652344
native_dram_disk,1772730575.699639,7.2292,423.93133902549744
native_dram_disk,1772730575.849334,7.2292,424.0810339450836
native_dram_disk,1772730575.968343,7.2292,424.20004296302795
native_dram_disk,1772730576.102142,7.2292,424.3338420391083
native_dram_disk,1772730576.233738,7.2292,424.4654378890991
native_dram_disk,1772730576.677864,7.2292,424.9095640182495
native_dram_disk,1772730576.807758,7.2292,425.03945803642273
native_dram_disk,1772730576.945853,7.2292,425.1775529384613
native_dram_disk,1772730577.071621,7.2292,425.3033208847046
native_dram_disk,1772730577.203765,7.2292,425.4354648590088
native_dram_disk,1772730577.344799,7.2292,425.5764989852905
native_dram_disk,1772730577.469055,7.2292,425.70075488090515
native_dram_disk,1772730577.63399,7.2292,425.86568999290466
native_dram_disk,1772730577.73889,7.2292,425.9705898761749
native_dram_disk,1772730578.131785,7.2292,426.36348485946655
native_dram_disk,1772730578.286427,7.2292,426.5181269645691
native_dram_disk,1772730578.398818,7.2292,426.6305179595947
native_dram_disk,1772730578.531528,7.2292,426.7632279396057
native_dram_disk,1772730578.682575,7.2292,426.914274930954
native_dram_disk,1772730578.801385,7.2292,427.03308486938477
native_dram_disk,1772730578.933592,7.2292,427.1652920246124
native_dram_disk,1772730579.066623,7.2292,427.2983229160309
native_dram_disk,1772730579.205813,7.2292,427.43751287460327
native_dram_disk,1772730579.332697,7.2292,427.56439685821533
native_dram_disk,1772730579.825951,7.2292,428.05765104293823
native_dram_disk,1772730579.926683,7.2292,428.15838289260864
native_dram_disk,1772730580.027356,7.2292,428.25905585289
native_dram_disk,1772730580.174447,7.2292,428.4061470031738
native_dram_disk,1772730580.292961,7.2292,428.52466082572937
native_dram_disk,1772730580.429623,7.2292,428.66132283210754
native_dram_disk,1772730580.57742,7.2292,428.8091199398041
native_dram_disk,1772730580.732537,7.2292,428.9642369747162
native_dram_disk,1772730580.856632,7.2292,429.0883319377899
native_dram_disk,1772730581.199843,7.2292,429.43154287338257
native_dram_disk,1772730581.332631,7.2292,429.5643310546875
native_dram_disk,1772730581.490151,7.2292,429.7218508720398
native_dram_disk,1772730581.61898,7.2292,429.85067987442017
native_dram_disk,1772730581.748569,7.2292,429.9802689552307
native_dram_disk,1772730581.874099,7.2292,430.10579895973206
native_dram_disk,1772730582.008548,7.2292,430.240247964859
native_dram_disk,1772730582.140028,7.2292,430.3717279434204
native_dram_disk,1772730582.274322,7.2292,430.50602197647095
native_dram_disk,1772730582.737883,7.2292,430.9695830345154
native_dram_disk,1772730582.84699,7.2292,431.07869005203247
native_dram_disk,1772730582.973028,7.2292,431.2047278881073
native_dram_disk,1772730583.105437,7.2292,431.33713698387146
native_dram_disk,1772730583.23591,7.2292,431.46760988235474
native_dram_disk,1772730583.368511,7.2292,431.6002109050751
native_dram_disk,1772730583.499331,7.2292,431.7310309410095
native_dram_disk,1772730583.632407,7.2292,431.86410689353943
native_dram_disk,1772730583.780922,7.2292,432.01262187957764
native_dram_disk,1772730584.178261,7.2292,432.4099609851837
native_dram_disk,1772730584.292185,7.2292,432.523885011673
native_dram_disk,1772730584.424337,7.2292,432.6560368537903
native_dram_disk,1772730584.559151,7.2292,432.79085087776184
native_dram_disk,1772730584.694177,7.2292,432.9258768558502
native_dram_disk,1772730584.82551,7.2292,433.0572099685669
native_dram_disk,1772730584.957985,7.2292,433.1896848678589
native_dram_disk,1772730585.106719,7.2292,433.3384189605713
native_dram_disk,1772730585.226191,7.2292,433.45789098739624
native_dram_disk,1772730585.75627,7.2292,433.9879698753357
native_dram_disk,1772730585.857383,7.2292,434.0890829563141
native_dram_disk,1772730585.959697,7.2292,434.1913969516754
native_dram_disk,1772730586.107946,7.2292,434.33964586257935
native_dram_disk,1772730586.225841,7.2292,434.4575409889221
native_dram_disk,1772730586.393641,7.2292,434.6253409385681
native_dram_disk,1772730586.548533,7.2292,434.78023290634155
native_dram_disk,1772730586.649685,7.2292,434.88138484954834
native_dram_disk,1772730586.78309,7.2292,435.014790058136
native_dram_disk,1772730586.915737,7.2292,435.1474368572235
native_dram_disk,1772730587.291837,7.2292,435.5235369205475
native_dram_disk,1772730587.420794,7.2292,435.65249395370483
native_dram_disk,1772730587.553684,7.2292,435.78538393974304
native_dram_disk,1772730587.687743,7.2292,435.9194428920746
native_dram_disk,1772730587.820399,7.2292,436.0520989894867
native_dram_disk,1772730587.968587,7.2292,436.2002868652344
native_dram_disk,1772730588.106882,7.2292,436.3385820388794
native_dram_disk,1772730588.253082,7.2292,436.4847819805145
native_dram_disk,1772730588.398849,7.2292,436.63054895401
native_dram_disk,1772730588.741907,7.2292,436.9736068248749
native_dram_disk,1772730588.874801,7.2292,437.10650086402893
native_dram_disk,1772730589.01385,7.2292,437.24554991722107
native_dram_disk,1772730589.148068,7.2292,437.3797678947449
native_dram_disk,1772730589.298749,7.2292,437.5304489135742
native_dram_disk,1772730589.413759,7.2292,437.6454589366913
native_dram_disk,1772730589.579969,7.2292,437.81166887283325
native_dram_disk,1772730589.754199,7.2292,437.9858989715576
native_dram_disk,1772730589.854716,7.2292,438.08641600608826
native_dram_disk,1772730589.98634,7.2292,438.21803998947144
native_dram_disk,1772730590.389407,7.2292,438.62110686302185
native_dram_disk,1772730590.525505,7.2292,438.75720500946045
native_dram_disk,1772730590.65764,7.2292,438.88933992385864
native_dram_disk,1772730590.832689,7.2292,439.0643889904022
native_dram_disk,1772730590.948517,7.2292,439.1802170276642
native_dram_disk,1772730591.059824,7.2292,439.29152393341064
native_dram_disk,1772730591.193929,7.2292,439.42562890052795
native_dram_disk,1772730591.332595,7.2292,439.56429505348206
native_dram_disk,1772730591.463508,7.2292,439.6952078342438
native_dram_disk,1772730591.866629,7.2292,440.09832882881165
native_dram_disk,1772730591.997711,7.2292,440.2294108867645
native_dram_disk,1772730592.113275,7.2292,440.3449749946594
native_dram_disk,1772730592.262354,7.2292,440.4940538406372
native_dram_disk,1772730592.380478,7.2292,440.6121778488159
native_dram_disk,1772730592.513576,7.2292,440.7452759742737
native_dram_disk,1772730592.645283,7.2292,440.8769829273224
native_dram_disk,1772730592.782381,7.2292,441.01408100128174
native_dram_disk,1772730592.944902,7.2292,441.17660188674927
native_dram_disk,1772730593.323173,7.2292,441.55487298965454
native_dram_disk,1772730593.47386,7.2292,441.70555996894836
native_dram_disk,1772730593.593345,7.2292,441.8250448703766
native_dram_disk,1772730593.726789,7.2292,441.9584889411926
native_dram_disk,1772730593.858182,7.2292,442.08988189697266
native_dram_disk,1772730594.021488,7.2292,442.25318789482117
native_dram_disk,1772730594.136736,7.2292,442.3684358596802
native_dram_disk,1772730594.27108,7.2292,442.5027799606323
native_dram_disk,1772730594.404793,7.2292,442.6364929676056
native_dram_disk,1772730594.783228,7.2292,443.0149278640747
native_dram_disk,1772730594.913178,7.2292,443.144877910614
native_dram_disk,1772730595.045112,7.2292,443.27681183815
native_dram_disk,1772730595.178195,7.2292,443.4098949432373
native_dram_disk,1772730595.312951,7.2292,443.54465103149414
native_dram_disk,1772730595.446259,7.2292,443.6779589653015
native_dram_disk,1772730595.611544,7.2292,443.84324383735657
native_dram_disk,1772730595.718765,7.2292,443.95046496391296
native_dram_disk,1772730595.85151,7.2292,444.0832099914551
native_dram_disk,1772730596.226711,7.2292,444.45841097831726
native_dram_disk,1772730596.360634,7.2292,444.5923340320587
native_dram_disk,1772730596.495921,7.2292,444.72762084007263
native_dram_disk,1772730596.629791,7.2292,444.8614909648895
native_dram_disk,1772730596.760504,7.2292,444.99220395088196
native_dram_disk,1772730596.893178,7.2292,445.1248779296875
native_dram_disk,1772730597.027001,7.2292,445.25870084762573
native_dram_disk,1772730597.171703,7.2292,445.40340304374695
native_dram_disk,1772730597.306593,7.2292,445.53829288482666
native_dram_disk,1772730597.728715,7.2292,445.9604148864746
native_dram_disk,1772730597.881641,7.2292,446.1133408546448
native_dram_disk,1772730598.016465,7.2292,446.24816489219666
native_dram_disk,1772730598.148935,7.2292,446.38063502311707
native_dram_disk,1772730598.282561,7.2292,446.51426100730896
native_dram_disk,1772730598.418165,7.2292,446.6498649120331
native_dram_disk,1772730598.555191,7.2292,446.78689098358154
native_dram_disk,1772730598.705135,7.2292,446.9368350505829
native_dram_disk,1772730598.840595,7.2292,447.07229495048523
native_dram_disk,1772730598.974485,7.2292,447.2061848640442
native_dram_disk,1772730599.384917,7.2292,447.6166169643402
native_dram_disk,1772730599.520329,7.2292,447.75202894210815
native_dram_disk,1772730599.655124,7.2292,447.8868238925934
native_dram_disk,1772730599.787866,7.2292,448.01956605911255
native_dram_disk,1772730599.923184,7.2292,448.15488386154175
native_dram_disk,1772730600.064332,7.2292,448.2960319519043
native_dram_disk,1772730600.201892,7.2292,448.43359184265137
native_dram_disk,1772730600.353987,7.2292,448.58568692207336
native_dram_disk,1772730600.747157,7.2292,448.9788570404053
native_dram_disk,1772730600.882252,7.2292,449.113951921463
native_dram_disk,1772730601.017771,7.2292,449.249470949173
native_dram_disk,1772730601.150904,7.2292,449.3826038837433
native_dram_disk,1772730601.295029,7.2292,449.5267288684845
native_dram_disk,1772730601.427285,7.2292,449.6589848995209
native_dram_disk,1772730601.559932,7.2292,449.791631937027
native_dram_disk,1772730601.70864,7.2292,449.94034004211426
native_dram_disk,1772730601.836299,7.2292,450.0679988861084
native_dram_disk,1772730601.970033,7.2292,450.2017328739166
native_dram_disk,1772730602.414835,7.2292,450.64653491973877
native_dram_disk,1772730602.526093,7.2292,450.7577929496765
native_dram_disk,1772730602.658614,7.2292,450.8903138637543
native_dram_disk,1772730602.791375,7.2292,451.0230748653412
native_dram_disk,1772730602.92433,7.2292,451.1560299396515
native_dram_disk,1772730603.060056,7.2292,451.2917559146881
native_dram_disk,1772730603.194224,7.2292,451.4259240627289
native_dram_disk,1772730603.334198,7.2292,451.56589794158936
native_dram_disk,1772730603.828825,7.2292,452.0605249404907
native_dram_disk,1772730603.962998,7.2292,452.1946978569031
native_dram_disk,1772730604.095552,7.2292,452.32725191116333
native_dram_disk,1772730604.246764,7.2292,452.47846388816833
native_dram_disk,1772730604.363494,7.2292,452.59519386291504
native_dram_disk,1772730604.496238,7.2292,452.72793793678284
native_dram_disk,1772730604.630374,7.2292,452.86207389831543
native_dram_disk,1772730604.764578,7.2292,452.99627804756165
native_dram_disk,1772730604.943261,7.2292,453.1749608516693
native_dram_disk,1772730605.063084,7.2292,453.2947838306427
native_dram_disk,1772730605.519313,7.2292,453.7510130405426
native_dram_disk,1772730605.620464,7.2292,453.8521640300751
native_dram_disk,1772730605.725299,7.2292,453.95699882507324
native_dram_disk,1772730605.843615,7.2292,454.0753149986267
native_dram_disk,1772730605.98066,7.2292,454.2123599052429
native_dram_disk,1772730606.134187,7.2292,454.365886926651
native_dram_disk,1772730606.250297,7.2292,454.48199701309204
native_dram_disk,1772730606.383765,7.2292,454.615464925766
native_dram_disk,1772730606.537994,7.2292,454.76969385147095
native_dram_disk,1772730607.00891,7.2292,455.2406098842621
native_dram_disk,1772730607.111483,7.2292,455.3431830406189
native_dram_disk,1772730607.232252,7.2292,455.4639518260956
native_dram_disk,1772730607.3658,7.2292,455.5974998474121
native_dram_disk,1772730607.538802,7.2292,455.7705018520355
native_dram_disk,1772730607.650058,7.2292,455.88175797462463
native_dram_disk,1772730607.785719,7.2292,456.01741886138916
native_dram_disk,1772730607.956845,7.2292,456.1885449886322
native_dram_disk,1772730608.069111,7.2292,456.3008110523224
native_dram_disk,1772730608.443649,7.2292,456.6753489971161
native_dram_disk,1772730608.564102,7.2292,456.79580187797546
native_dram_disk,1772730608.702803,7.2292,456.9345028400421
native_dram_disk,1772730608.836076,7.2292,457.06777596473694
native_dram_disk,1772730608.986127,7.2292,457.2178268432617
native_dram_disk,1772730609.11922,7.2292,457.3509199619293
native_dram_disk,1772730609.254663,7.2292,457.48636293411255
native_dram_disk,1772730609.389901,7.2292,457.62160086631775
native_dram_disk,1772730609.806317,7.2292,458.03801703453064
native_dram_disk,1772730609.955387,7.2292,458.187087059021
native_dram_disk,1772730610.076056,7.2292,458.30775594711304
native_dram_disk,1772730610.228821,7.2292,458.4605209827423
native_dram_disk,1772730610.343512,7.2292,458.57521200180054
native_dram_disk,1772730610.476494,7.2292,458.7081940174103
native_dram_disk,1772730610.61168,7.2292,458.84337997436523
native_dram_disk,1772730610.76815,7.2292,458.99985003471375
native_dram_disk,1772730610.882325,7.2292,459.1140248775482
native_dram_disk,1772730611.341083,7.2292,459.57278299331665
native_dram_disk,1772730611.4737,7.2292,459.7053999900818
native_dram_disk,1772730611.605809,7.2292,459.83750891685486
native_dram_disk,1772730611.741412,7.2292,459.97311186790466
native_dram_disk,1772730611.892593,7.2292,460.1242928504944
native_dram_disk,1772730612.011536,7.2292,460.2432358264923
native_dram_disk,1772730612.171119,7.2292,460.40281891822815
native_dram_disk,1772730612.305954,7.2292,460.53765392303467
native_dram_disk,1772730612.439792,7.2292,460.6714918613434
native_dram_disk,1772730612.930864,7.2292,461.16256403923035
native_dram_disk,1772730613.072543,7.2292,461.30424284935
native_dram_disk,1772730613.206872,7.2292,461.43857192993164
native_dram_disk,1772730613.357288,7.2292,461.588987827301
native_dram_disk,1772730613.490144,7.2292,461.721843957901
native_dram_disk,1772730613.639352,7.2292,461.87105202674866
native_dram_disk,1772730613.766641,7.2292,461.99834084510803
native_dram_disk,1772730613.900863,7.2292,462.1325628757477
native_dram_disk,1772730614.035261,7.2292,462.2669608592987
native_dram_disk,1772730614.468815,7.2292,462.7005150318146
native_dram_disk,1772730614.574667,7.2292,462.8063669204712
native_dram_disk,1772730614.726912,7.2292,462.95861196517944
native_dram_disk,1772730614.842927,7.2292,463.0746269226074
native_dram_disk,1772730615.009139,7.2292,463.2408390045166
native_dram_disk,1772730615.137313,7.2292,463.3690128326416
native_dram_disk,1772730615.272656,7.2292,463.5043559074402
native_dram_disk,1772730615.405461,7.2292,463.63716101646423
native_dram_disk,1772730615.540432,7.2292,463.77213191986084
native_dram_disk,1772730615.951705,7.2292,464.18340492248535
native_dram_disk,1772730616.0606,7.2292,464.2922999858856
native_dram_disk,1772730616.195398,7.2292,464.4270980358124
native_dram_disk,1772730616.328011,7.2292,464.55971097946167
native_dram_disk,1772730616.469611,7.2292,464.7013108730316
native_dram_disk,1772730616.597011,7.2292,464.82871103286743
native_dram_disk,1772730616.730885,7.2292,464.9625849723816
native_dram_disk,1772730616.902181,7.2292,465.13388085365295
native_dram_disk,1772730617.021396,7.2292,465.25309586524963
native_dram_disk,1772730617.41696,7.2292,465.6486599445343
native_dram_disk,1772730617.551639,7.2292,465.7833390235901
native_dram_disk,1772730617.685653,7.2292,465.9173529148102
native_dram_disk,1772730617.819317,7.2292,466.05101704597473
native_dram_disk,1772730617.951708,7.2292,466.1834080219269
native_dram_disk,1772730618.096495,7.2292,466.3281948566437
native_dram_disk,1772730618.240477,7.2292,466.472177028656
native_dram_disk,1772730618.373055,7.2292,466.60475492477417
native_dram_disk,1772730618.507204,7.2292,466.7389039993286
native_dram_disk,1772730618.898396,7.2292,467.1300959587097
native_dram_disk,1772730619.033128,7.2292,467.26482796669006
native_dram_disk,1772730619.16612,7.2292,467.3978199958801
native_dram_disk,1772730619.30154,7.2292,467.5332398414612
native_dram_disk,1772730619.453324,7.2292,467.68502402305603
native_dram_disk,1772730619.570627,7.2292,467.8023269176483
native_dram_disk,1772730619.705427,7.2292,467.9371268749237
native_dram_disk,1772730619.838776,7.2292,468.07047605514526
native_dram_disk,1772730619.974871,7.2292,468.20657086372375
native_dram_disk,1772730620.447069,7.2292,468.6787688732147
native_dram_disk,1772730620.559473,7.2292,468.7911729812622
native_dram_disk,1772730620.680277,7.2292,468.9119770526886
native_dram_disk,1772730620.817766,7.2292,469.0494658946991
native_dram_disk,1772730620.954034,7.2292,469.1857340335846
native_dram_disk,1772730621.088475,7.2292,469.32017493247986
native_dram_disk,1772730621.246753,7.2292,469.4784529209137
native_dram_disk,1772730621.394157,7.2292,469.6258568763733
native_dram_disk,1772730621.545129,7.2292,469.7768290042877
native_dram_disk,1772730621.926216,7.2292,470.1579158306122
native_dram_disk,1772730622.062018,7.2292,470.29371786117554
native_dram_disk,1772730622.213485,7.2292,470.4451849460602
native_dram_disk,1772730622.334363,7.2292,470.5660629272461
native_dram_disk,1772730622.472232,7.2292,470.70393204689026
native_dram_disk,1772730622.644294,7.2292,470.8759939670563
native_dram_disk,1772730622.777565,7.2292,471.0092649459839
native_dram_disk,1772730622.914635,7.2292,471.1463348865509
native_dram_disk,1772730623.30178,7.2292,471.53347992897034
native_dram_disk,1772730623.454032,7.2292,471.6857318878174
native_dram_disk,1772730623.574656,7.2292,471.80635595321655
native_dram_disk,1772730623.709064,7.2292,471.9407639503479
native_dram_disk,1772730623.841692,7.2292,472.0733919143677
native_dram_disk,1772730623.980424,7.2292,472.2121238708496
native_dram_disk,1772730624.11535,7.2292,472.34704995155334
native_dram_disk,1772730624.249982,7.2292,472.48168206214905
native_dram_disk,1772730624.400322,7.2292,472.6320219039917
native_dram_disk,1772730624.822117,7.2292,473.0538170337677
native_dram_disk,1772730624.931249,7.2292,473.162948846817
native_dram_disk,1772730625.054376,7.2292,473.2860758304596
native_dram_disk,1772730625.201643,7.2292,473.4333429336548
native_dram_disk,1772730625.335123,7.2292,473.56682300567627
native_dram_disk,1772730625.502274,7.2292,473.73397397994995
native_dram_disk,1772730625.622501,7.2292,473.85420083999634
native_dram_disk,1772730625.787318,7.2292,474.0190179347992
native_dram_disk,1772730625.897136,7.2292,474.12883591651917
native_dram_disk,1772730626.305725,7.2292,474.53742504119873
native_dram_disk,1772730626.427447,7.2292,474.65914702415466
native_dram_disk,1772730626.560823,7.2292,474.7925229072571
native_dram_disk,1772730626.694289,7.2292,474.9259889125824
native_dram_disk,1772730626.829745,7.2292,475.0614449977875
native_dram_disk,1772730626.964195,7.2292,475.19589495658875
native_dram_disk,1772730627.102846,7.2292,475.3345458507538
native_dram_disk,1772730627.23723,7.2292,475.4689300060272
native_dram_disk,1772730627.371418,7.2292,475.60311794281006
native_dram_disk,1772730627.885516,7.2292,476.1172158718109
native_dram_disk,1772730628.021129,7.2292,476.25282883644104
native_dram_disk,1772730628.157451,7.2292,476.3891508579254
native_dram_disk,1772730628.305523,7.2292,476.53722286224365
native_dram_disk,1772730628.433002,7.2292,476.66470193862915
native_dram_disk,1772730628.576901,7.2292,476.8086009025574
native_dram_disk,1772730628.695355,7.2292,476.92705488204956
native_dram_disk,1772730628.839043,7.2292,477.0707428455353
native_dram_disk,1772730629.221783,7.2292,477.45348286628723
native_dram_disk,1772730629.325249,7.2292,477.5569489002228
native_dram_disk,1772730629.458576,7.2292,477.6902759075165
native_dram_disk,1772730629.594763,7.2292,477.8264629840851
native_dram_disk,1772730629.743803,7.2292,477.9755029678345
native_dram_disk,1772730629.879262,7.2292,478.1109619140625
native_dram_disk,1772730630.015105,7.2292,478.24680495262146
native_dram_disk,1772730630.180086,7.2292,478.41178584098816
native_dram_disk,1772730630.330868,7.2292,478.56256794929504
native_dram_disk,1772730630.711637,7.2292,478.94333696365356
native_dram_disk,1772730630.847354,7.2292,479.0790538787842
native_dram_disk,1772730630.983587,7.2292,479.21528697013855
native_dram_disk,1772730631.116892,7.2292,479.348592042923
native_dram_disk,1772730631.251988,7.2292,479.48368787765503
native_dram_disk,1772730631.417999,7.2292,479.649698972702
native_dram_disk,1772730631.582042,7.2292,479.81374192237854
native_dram_disk,1772730631.684597,7.2292,479.91629695892334
native_dram_disk,1772730632.110937,7.2292,480.34263706207275
native_dram_disk,1772730632.228697,7.2292,480.4603970050812
native_dram_disk,1772730632.366165,7.2292,480.5978648662567
native_dram_disk,1772730632.504298,7.2292,480.73599791526794
native_dram_disk,1772730632.645135,7.2292,480.87683486938477
native_dram_disk,1772730632.794136,7.2292,481.02583599090576
native_dram_disk,1772730632.929101,7.2292,481.1608009338379
native_dram_disk,1772730633.063743,7.2292,481.2954430580139
native_dram_disk,1772730633.199978,7.2292,481.4316780567169
native_dram_disk,1772730633.655015,7.2292,481.88671493530273
native_dram_disk,1772730633.787555,7.2292,482.0192549228668
native_dram_disk,1772730633.928456,7.2292,482.1601560115814
native_dram_disk,1772730634.096188,7.2292,482.3278880119324
native_dram_disk,1772730634.199541,7.2292,482.4312410354614
native_dram_disk,1772730634.356111,7.2292,482.5878109931946
native_dram_disk,1772730634.474052,7.2292,482.70575189590454
native_dram_disk,1772730634.609246,7.2292,482.8409459590912
native_dram_disk,1772730635.058997,7.2292,483.29069685935974
native_dram_disk,1772730635.168284,7.2292,483.39998388290405
native_dram_disk,1772730635.288239,7.2292,483.51993894577026
native_dram_disk,1772730635.457509,7.2292,483.689208984375
native_dram_disk,1772730635.593951,7.2292,483.82565093040466
native_dram_disk,1772730635.747751,7.2292,483.9794509410858
native_dram_disk,1772730635.866511,7.2292,484.09821105003357
native_dram_disk,1772730636.002113,7.2292,484.23381304740906
native_dram_disk,1772730636.139754,7.2292,484.371454000473
native_dram_disk,1772730636.555363,7.2292,484.7870628833771
native_dram_disk,1772730636.659867,7.2292,484.89156699180603
native_dram_disk,1772730636.795934,7.2292,485.02763390541077
native_dram_disk,1772730636.931026,7.2292,485.16272592544556
native_dram_disk,1772730637.066797,7.2292,485.2984969615936
native_dram_disk,1772730637.203253,7.2292,485.43495297431946
native_dram_disk,1772730637.352227,7.2292,485.58392691612244
native_dram_disk,1772730637.51957,7.2292,485.7512700557709
native_dram_disk,1772730637.621922,7.2292,485.8536219596863
native_dram_disk,1772730638.012599,7.2292,486.2442989349365
native_dram_disk,1772730638.121303,7.2292,486.35300302505493
native_dram_disk,1772730638.257698,7.2292,486.4893980026245
native_dram_disk,1772730638.393612,7.2292,486.62531185150146
native_dram_disk,1772730638.52803,7.2292,486.75972986221313
native_dram_disk,1772730638.660363,7.2292,486.89206290245056
native_dram_disk,1772730638.797173,7.2292,487.02887296676636
native_dram_disk,1772730638.937209,7.2292,487.1689088344574
native_dram_disk,1772730639.382052,7.2292,487.61375188827515
native_dram_disk,1772730639.510315,7.2292,487.74201488494873
native_dram_disk,1772730639.646895,7.2292,487.8785948753357
native_dram_disk,1772730639.780622,7.2292,488.0123219490051
native_dram_disk,1772730639.931821,7.2292,488.16352105140686
native_dram_disk,1772730640.050432,7.2292,488.2821319103241
native_dram_disk,1772730640.216266,7.2292,488.4479658603668
native_dram_disk,1772730640.336052,7.2292,488.56775188446045
native_dram_disk,1772730640.470536,7.2292,488.70223593711853
native_dram_disk,1772730640.903401,7.2292,489.1351008415222
native_dram_disk,1772730641.028836,7.2292,489.2605359554291
native_dram_disk,1772730641.165481,7.2292,489.39718103408813
native_dram_disk,1772730641.30408,7.2292,489.53577995300293
native_dram_disk,1772730641.439615,7.2292,489.6713149547577
native_dram_disk,1772730641.574627,7.2292,489.8063268661499
native_dram_disk,1772730641.710196,7.2292,489.9418959617615
native_dram_disk,1772730641.880832,7.2292,490.1125319004059
native_dram_disk,1772730641.986271,7.2292,490.2179708480835
native_dram_disk,1772730642.472694,7.2292,490.704393863678
native_dram_disk,1772730642.605929,7.2292,490.83762884140015
native_dram_disk,1772730642.742162,7.2292,490.9738619327545
native_dram_disk,1772730642.88231,7.2292,491.11400985717773
native_dram_disk,1772730643.013938,7.2292,491.24563789367676
native_dram_disk,1772730643.153543,7.2292,491.38524293899536
native_dram_disk,1772730643.309639,7.2292,491.54133892059326
native_dram_disk,1772730643.427943,7.2292,491.6596429347992
native_dram_disk,1772730643.831172,7.2292,492.0628719329834
native_dram_disk,1772730643.931796,7.2292,492.16349601745605
native_dram_disk,1772730644.068891,7.2292,492.3005909919739
native_dram_disk,1772730644.206601,7.2292,492.4383008480072
native_dram_disk,1772730644.341944,7.2292,492.5736439228058
native_dram_disk,1772730644.476889,7.2292,492.70858883857727
native_dram_disk,1772730644.611499,7.2292,492.8431990146637
native_dram_disk,1772730644.783387,7.2292,493.01508688926697
native_dram_disk,1772730644.888068,7.2292,493.1197679042816
native_dram_disk,1772730645.269999,7.2292,493.5016989707947
native_dram_disk,1772730645.405541,7.2292,493.63724088668823
native_dram_disk,1772730645.557703,7.2292,493.78940296173096
native_dram_disk,1772730645.708544,7.2292,493.9402439594269
native_dram_disk,1772730645.814385,7.2292,494.04608488082886
native_dram_disk,1772730646.002457,7.2292,494.2341568470001
native_dram_disk,1772730646.108418,7.2292,494.34011793136597
native_dram_disk,1772730646.237283,7.2292,494.4689829349518
native_dram_disk,1772730646.786367,7.2292,495.01806688308716
native_dram_disk,1772730646.928144,7.2292,495.1598439216614
native_dram_disk,1772730647.065694,7.2292,495.2973940372467
native_dram_disk,1772730647.20206,7.2292,495.43375992774963
native_dram_disk,1772730647.337371,7.2292,495.5690710544586
native_dram_disk,1772730647.505405,7.2292,495.7371048927307
native_dram_disk,1772730647.645709,7.2292,495.87740898132324
native_dram_disk,1772730647.753342,7.2292,495.98504185676575
native_dram_disk,1772730648.118612,7.2292,496.3503119945526
native_dram_disk,1772730648.252563,7.2292,496.4842629432678
native_dram_disk,1772730648.396927,7.2292,496.6286270618439
native_dram_disk,1772730648.537518,7.2292,496.76921796798706
native_dram_disk,1772730648.672197,7.2292,496.90389704704285
native_dram_disk,1772730648.8238,7.2292,497.0555000305176
native_dram_disk,1772730648.9609,7.2292,497.19260001182556
native_dram_disk,1772730649.11317,7.2292,497.34486985206604
native_dram_disk,1772730649.508361,7.2292,497.740061044693
native_dram_disk,1772730649.645417,7.2292,497.87711691856384
native_dram_disk,1772730649.781464,7.2292,498.0131640434265
native_dram_disk,1772730649.917786,7.2292,498.1494858264923
native_dram_disk,1772730650.053464,7.2292,498.28516387939453
native_dram_disk,1772730650.233911,7.2292,498.46561098098755
native_dram_disk,1772730650.370856,7.2292,498.6025559902191
native_dram_disk,1772730650.506329,7.2292,498.7380290031433
native_dram_disk,1772730650.641381,7.2292,498.8730809688568
native_dram_disk,1772730651.067234,7.2292,499.2989339828491
native_dram_disk,1772730651.221778,7.2292,499.45347785949707
native_dram_disk,1772730651.34067,7.2292,499.57237005233765
native_dram_disk,1772730651.492983,7.2292,499.72468304634094
native_dram_disk,1772730651.611336,7.2292,499.8430359363556
native_dram_disk,1772730651.785512,7.2292,500.0172119140625
native_dram_disk,1772730651.941437,7.2292,500.1731369495392
native_dram_disk,1772730652.108556,7.2292,500.34025597572327
native_dram_disk,1772730652.434612,7.2292,500.6663119792938
native_dram_disk,1772730652.571256,7.2292,500.80295586586
native_dram_disk,1772730652.726197,7.2292,500.9578969478607
native_dram_disk,1772730652.844193,7.2292,501.07589292526245
native_dram_disk,1772730652.999637,7.2292,501.2313368320465
native_dram_disk,1772730653.18377,7.2292,501.41546988487244
native_dram_disk,1772730653.318729,7.2292,501.5504288673401
native_dram_disk,1772730653.452343,7.2292,501.684042930603
native_dram_disk,1772730653.588184,7.2292,501.81988406181335
native_dram_disk,1772730653.977292,7.2292,502.20899200439453
native_dram_disk,1772730654.086103,7.2292,502.3178029060364
native_dram_disk,1772730654.24131,7.2292,502.4730098247528
native_dram_disk,1772730654.358963,7.2292,502.5906629562378
native_dram_disk,1772730654.526239,7.2292,502.7579388618469
native_dram_disk,1772730654.64611,7.2292,502.8778100013733
native_dram_disk,1772730654.780394,7.2292,503.0120940208435
native_dram_disk,1772730654.917195,7.2292,503.1488950252533
native_dram_disk,1772730655.350943,7.2292,503.582643032074
native_dram_disk,1772730655.482908,7.2292,503.71460795402527
native_dram_disk,1772730655.604491,7.2292,503.8361909389496
native_dram_disk,1772730655.759802,7.2292,503.9915020465851
native_dram_disk,1772730655.881335,7.2292,504.1130349636078
native_dram_disk,1772730656.036589,7.2292,504.2682888507843
native_dram_disk,1772730656.155505,7.2292,504.3872048854828
native_dram_disk,1772730656.324876,7.2292,504.55657601356506
native_dram_disk,1772730656.446691,7.2292,504.67839097976685
native_dram_disk,1772730656.861525,7.2292,505.0932250022888
native_dram_disk,1772730656.981388,7.2292,505.2130880355835
native_dram_disk,1772730657.117218,7.2292,505.3489179611206
native_dram_disk,1772730657.252695,7.2292,505.48439502716064
native_dram_disk,1772730657.386794,7.2292,505.6184940338135
native_dram_disk,1772730657.561329,7.2292,505.79302883148193
native_dram_disk,1772730657.683282,7.2292,505.914981842041
native_dram_disk,1772730657.821487,7.2292,506.05318689346313
native_dram_disk,1772730658.204195,7.2292,506.4358949661255
native_dram_disk,1772730658.32878,7.2292,506.5604798793793
native_dram_disk,1772730658.464182,7.2292,506.6958818435669
native_dram_disk,1772730658.620305,7.2292,506.8520050048828
native_dram_disk,1772730658.739185,7.2292,506.97088503837585
native_dram_disk,1772730658.926968,7.2292,507.15866804122925
native_dram_disk,1772730659.067176,7.2292,507.2988760471344
native_dram_disk,1772730659.406223,7.2292,507.63792300224304
native_dram_disk,1772730659.542229,7.2292,507.7739288806915
native_dram_disk,1772730659.702307,7.2292,507.9340069293976
native_dram_disk,1772730659.835225,7.2292,508.0669250488281
native_dram_disk,1772730659.982386,7.2292,508.2140860557556
native_dram_disk,1772730660.101603,7.2292,508.3333029747009
native_dram_disk,1772730660.254995,7.2292,508.48669505119324
native_dram_disk,1772730660.408944,7.2292,508.64064383506775
native_dram_disk,1772730660.534913,7.2292,508.7666130065918
native_dram_disk,1772730660.931389,7.2292,509.1630890369415
native_dram_disk,1772730661.070139,7.2292,509.3018388748169
native_dram_disk,1772730661.205744,7.2292,509.4374439716339
native_dram_disk,1772730661.341097,7.2292,509.5727970600128
native_dram_disk,1772730661.486788,7.2292,509.71848797798157
native_dram_disk,1772730661.616019,7.2292,509.8477189540863
native_dram_disk,1772730661.752722,7.2292,509.9844219684601
native_dram_disk,1772730661.889053,7.2292,510.12075304985046
native_dram_disk,1772730662.024947,7.2292,510.2566468715668
native_dram_disk,1772730662.476957,7.2292,510.7086570262909
native_dram_disk,1772730662.599688,7.2292,510.8313879966736
native_dram_disk,1772730662.734953,7.2292,510.9666528701782
native_dram_disk,1772730662.871403,7.2292,511.1031029224396
native_dram_disk,1772730663.008895,7.2292,511.2405948638916
native_dram_disk,1772730663.142751,7.2292,511.37445092201233
native_dram_disk,1772730663.285733,7.2292,511.5174329280853
native_dram_disk,1772730663.432811,7.2292,511.6645109653473
native_dram_disk,1772730663.807863,7.2292,512.0395629405975
native_dram_disk,1772730663.947524,7.2292,512.1792240142822
native_dram_disk,1772730664.08281,7.2292,512.3145098686218
native_dram_disk,1772730664.237766,7.2292,512.469465970993
native_dram_disk,1772730664.373503,7.2292,512.6052029132843
native_dram_disk,1772730664.518172,7.2292,512.749871969223
native_dram_disk,1772730664.657728,7.2292,512.8894279003143
native_dram_disk,1772730664.793399,7.2292,513.0250990390778
native_dram_disk,1772730665.192756,7.2292,513.4244558811188
native_dram_disk,1772730665.344726,7.2292,513.5764260292053
native_dram_disk,1772730665.46423,7.2292,513.6959300041199
native_dram_disk,1772730665.600155,7.2292,513.83185505867
native_dram_disk,1772730665.735652,7.2292,513.9673519134521
native_dram_disk,1772730665.870811,7.2292,514.1025109291077
native_dram_disk,1772730666.005636,7.2292,514.2373359203339
native_dram_disk,1772730666.17926,7.2292,514.4109599590302
native_dram_disk,1772730666.560398,7.2292,514.7920980453491
native_dram_disk,1772730666.685298,7.2292,514.9169979095459
native_dram_disk,1772730666.82334,7.2292,515.0550398826599
native_dram_disk,1772730666.958401,7.2292,515.1901009082794
native_dram_disk,1772730667.102145,7.2292,515.3338449001312
native_dram_disk,1772730667.229078,7.2292,515.4607779979706
native_dram_disk,1772730667.393746,7.2292,515.6254458427429
native_dram_disk,1772730667.528531,7.2292,515.7602310180664
native_dram_disk,1772730667.930221,7.2292,516.1619210243225
native_dram_disk,1772730668.06204,7.2292,516.2937400341034
native_dram_disk,1772730668.200915,7.2292,516.4326150417328
native_dram_disk,1772730668.338223,7.2292,516.5699229240417
native_dram_disk,1772730668.511902,7.2292,516.7436020374298
native_dram_disk,1772730668.687302,7.2292,516.9190020561218
native_dram_disk,1772730668.802986,7.2292,517.0346858501434
native_dram_disk,1772730668.941987,7.2292,517.1736869812012
native_dram_disk,1772730669.323482,7.2292,517.555181980133
native_dram_disk,1772730669.455642,7.2292,517.687341928482
native_dram_disk,1772730669.59448,7.2292,517.8261799812317
native_dram_disk,1772730669.729172,7.2292,517.9608719348907
native_dram_disk,1772730669.865088,7.2292,518.0967879295349
native_dram_disk,1772730670.001992,7.2292,518.2336919307709
native_dram_disk,1772730670.148685,7.2292,518.3803849220276
native_dram_disk,1772730670.58541,7.2292,518.8171100616455
native_dram_disk,1772730670.696065,7.2292,518.9277648925781
native_dram_disk,1772730670.834874,7.2292,519.0665738582611
native_dram_disk,1772730670.984188,7.2292,519.2158880233765
native_dram_disk,1772730671.124708,7.2292,519.3564078807831
native_dram_disk,1772730671.245272,7.2292,519.4769718647003
native_dram_disk,1772730671.397851,7.2292,519.6295509338379
native_dram_disk,1772730671.569449,7.2292,519.801148891449
native_dram_disk,1772730671.673079,7.2292,519.904778957367
native_dram_disk,1772730672.081326,7.2292,520.3130259513855
native_dram_disk,1772730672.21944,7.2292,520.4511399269104
native_dram_disk,1772730672.354783,7.2292,520.586483001709
native_dram_disk,1772730672.495373,7.2292,520.7270729541779
native_dram_disk,1772730672.632202,7.2292,520.8639018535614
native_dram_disk,1772730672.802145,7.2292,521.0338449478149
native_dram_disk,1772730672.90873,7.2292,521.1404299736023
native_dram_disk,1772730673.048189,7.2292,521.2798888683319
native_dram_disk,1772730673.189021,7.2292,521.4207210540771
native_dram_disk,1772730673.620983,7.2292,521.8526828289032
native_dram_disk,1772730673.771843,7.2292,522.0035429000854
native_dram_disk,1772730673.891783,7.2292,522.1234829425812
native_dram_disk,1772730674.050329,7.2292,522.2820289134979
native_dram_disk,1772730674.185802,7.2292,522.4175019264221
native_dram_disk,1772730674.320659,7.2292,522.5523588657379
native_dram_disk,1772730674.456748,7.2292,522.6884479522705
native_dram_disk,1772730674.602293,7.2292,522.8339929580688
native_dram_disk,1772730674.732386,7.2292,522.9640860557556
native_dram_disk,1772730675.214182,7.2292,523.4458818435669
native_dram_disk,1772730675.352627,7.2292,523.5843269824982
native_dram_disk,1772730675.487468,7.2292,523.7191679477692
native_dram_disk,1772730675.656622,7.2292,523.8883218765259
native_dram_disk,1772730675.763089,7.2292,523.9947888851166
native_dram_disk,1772730675.916699,7.2292,524.1483988761902
native_dram_disk,1772730676.071599,7.2292,524.3032989501953
native_dram_disk,1772730676.191337,7.2292,524.4230370521545
native_dram_disk,1772730676.346606,7.2292,524.5783059597015
native_dram_disk,1772730676.70257,7.2292,524.9342699050903
native_dram_disk,1772730676.840671,7.2292,525.072371006012
native_dram_disk,1772730676.979295,7.2292,525.2109949588776
native_dram_disk,1772730677.135823,7.2292,525.3675229549408
native_dram_disk,1772730677.254626,7.2292,525.4863259792328
native_dram_disk,1772730677.403735,7.2292,525.6354348659515
native_dram_disk,1772730677.538364,7.2292,525.7700638771057
native_dram_disk,1772730677.677915,7.2292,525.9096150398254
native_dram_disk,1772730677.814875,7.2292,526.0465748310089
native_dram_disk,1772730678.245115,7.2292,526.4768149852753
native_dram_disk,1772730678.366331,7.2292,526.5980310440063
native_dram_disk,1772730678.486532,7.2292,526.7182319164276
native_dram_disk,1772730678.639835,7.2292,526.8715348243713
native_dram_disk,1772730678.758817,7.2292,526.9905169010162
native_dram_disk,1772730678.895495,7.2292,527.1271948814392
native_dram_disk,1772730679.031522,7.2292,527.2632219791412
native_dram_disk,1772730679.202281,7.2292,527.4339809417725
native_dram_disk,1772730679.311057,7.2292,527.5427570343018
native_dram_disk,1772730679.742122,7.2292,527.9738218784332
native_dram_disk,1772730679.878776,7.2292,528.1104760169983
native_dram_disk,1772730680.015692,7.2292,528.2473919391632
native_dram_disk,1772730680.170121,7.2292,528.401820898056
native_dram_disk,1772730680.288583,7.2292,528.5202829837799
native_dram_disk,1772730680.424968,7.2292,528.6566679477692
native_dram_disk,1772730680.598134,7.2292,528.829833984375
native_dram_disk,1772730680.718988,7.2292,528.9506878852844
native_dram_disk,1772730681.115607,7.2292,529.3473069667816
native_dram_disk,1772730681.252251,7.2292,529.4839508533478
native_dram_disk,1772730681.390393,7.2292,529.622092962265
native_dram_disk,1772730681.528144,7.2292,529.759843826294
native_dram_disk,1772730681.664432,7.2292,529.8961319923401
native_dram_disk,1772730681.804498,7.2292,530.0361979007721
native_dram_disk,1772730681.959342,7.2292,530.1910419464111
native_dram_disk,1772730682.096229,7.2292,530.327929019928
native_dram_disk,1772730682.459132,7.2292,530.690831899643
native_dram_disk,1772730682.613403,7.2292,530.8451030254364
native_dram_disk,1772730682.732361,7.2292,530.9640610218048
native_dram_disk,1772730682.873991,7.2292,531.1056909561157
native_dram_disk,1772730683.010266,7.2292,531.24196600914
native_dram_disk,1772730683.146455,7.2292,531.3781549930573
native_dram_disk,1772730683.328633,7.2292,531.5603330135345
native_dram_disk,1772730683.436029,7.2292,531.6677289009094
native_dram_disk,1772730683.829309,7.2292,532.0610089302063
native_dram_disk,1772730683.966176,7.2292,532.1978759765625
native_dram_disk,1772730684.103607,7.2292,532.3353068828583
native_dram_disk,1772730684.257277,7.2292,532.4889769554138
native_dram_disk,1772730684.394097,7.2292,532.6257970333099
native_dram_disk,1772730684.539859,7.2292,532.7715590000153
native_dram_disk,1772730684.721901,7.2292,532.9536008834839
native_dram_disk,1772730684.828628,7.2292,533.0603280067444
native_dram_disk,1772730685.221268,7.2292,533.4529678821564
native_dram_disk,1772730685.361509,7.2292,533.593209028244
native_dram_disk,1772730685.498252,7.2292,533.7299518585205
native_dram_disk,1772730685.651726,7.2292,533.883425951004
native_dram_disk,1772730685.777969,7.2292,534.0096688270569
native_dram_disk,1772730685.913376,7.2292,534.1450760364532
native_dram_disk,1772730686.053504,7.2292,534.2852039337158
native_dram_disk,1772730686.19121,7.2292,534.4229099750519
native_dram_disk,1772730686.63228,7.2292,534.8639800548553
native_dram_disk,1772730686.743039,7.2292,534.9747388362885
native_dram_disk,1772730686.883679,7.2292,535.1153788566589
native_dram_disk,1772730687.004235,7.2292,535.2359349727631
native_dram_disk,1772730687.1421,7.2292,535.3738000392914
native_dram_disk,1772730687.279237,7.2292,535.5109369754791
native_dram_disk,1772730687.432148,7.2292,535.6638479232788
native_dram_disk,1772730687.572974,7.2292,535.804673910141
native_dram_disk,1772730688.028177,7.2292,536.2598769664764
native_dram_disk,1772730688.141529,7.2292,536.3732290267944
native_dram_disk,1772730688.260481,7.2292,536.4921810626984
native_dram_disk,1772730688.397324,7.2292,536.6290240287781
native_dram_disk,1772730688.53539,7.2292,536.76708984375
native_dram_disk,1772730688.675705,7.2292,536.9074048995972
native_dram_disk,1772730688.813056,7.2292,537.044755935669
native_dram_disk,1772730688.966422,7.2292,537.1981220245361
native_dram_disk,1772730689.125452,7.2292,537.3571519851685
native_dram_disk,1772730689.532917,7.2292,537.7646169662476
native_dram_disk,1772730689.634745,7.2292,537.8664448261261
native_dram_disk,1772730689.769534,7.2292,538.0012340545654
native_dram_disk,1772730689.913176,7.2292,538.1448760032654
native_dram_disk,1772730690.054682,7.2292,538.2863819599152
native_dram_disk,1772730690.220372,7.2292,538.4520719051361
native_dram_disk,1772730690.356373,7.2292,538.588073015213
native_dram_disk,1772730690.727024,7.2292,538.9587240219116
native_dram_disk,1772730690.885483,7.2292,539.117182970047
native_dram_disk,1772730691.019228,7.2292,539.2509279251099
native_dram_disk,1772730691.173452,7.2292,539.4051518440247
native_dram_disk,1772730691.331511,7.2292,539.5632109642029
native_dram_disk,1772730691.437263,7.2292,539.6689629554749
native_dram_disk,1772730691.57364,7.2292,539.805340051651
native_dram_disk,1772730691.7105,7.2292,539.9421999454498
native_dram_disk,1772730692.171062,7.2292,540.4027619361877
native_dram_disk,1772730692.272485,7.2292,540.504184961319
native_dram_disk,1772730692.421098,7.2292,540.6527979373932
native_dram_disk,1772730692.55124,7.2292,540.7829399108887
native_dram_disk,1772730692.688711,7.2292,540.9204108715057
native_dram_disk,1772730692.86501,7.2292,541.0967099666595
native_dram_disk,1772730693.003415,7.2292,541.2351150512695
native_dram_disk,1772730693.158685,7.2292,541.3903849124908
native_dram_disk,1772730693.294133,7.2292,541.5258328914642
native_dram_disk,1772730693.739738,7.2292,541.9714379310608
native_dram_disk,1772730693.896619,7.2292,542.1283190250397
native_dram_disk,1772730694.017716,7.2292,542.2494158744812
native_dram_disk,1772730694.156399,7.2292,542.3880989551544
native_dram_disk,1772730694.298204,7.2292,542.5299038887024
native_dram_disk,1772730694.436014,7.2292,542.6677138805389
native_dram_disk,1772730694.61008,7.2292,542.8417799472809
native_dram_disk,1772730695.000091,7.2292,543.2317910194397
native_dram_disk,1772730695.145668,7.2292,543.3773679733276
native_dram_disk,1772730695.266855,7.2292,543.4985549449921
native_dram_disk,1772730695.403365,7.2292,543.6350648403168
native_dram_disk,1772730695.556198,7.2292,543.7878978252411
native_dram_disk,1772730695.677241,7.2292,543.9089410305023
native_dram_disk,1772730695.834507,7.2292,544.0662069320679
native_dram_disk,1772730696.013031,7.2292,544.2447309494019
native_dram_disk,1772730696.385591,7.2292,544.6172909736633
native_dram_disk,1772730696.523077,7.2292,544.7547769546509
native_dram_disk,1772730696.660472,7.2292,544.8921718597412
native_dram_disk,1772730696.796749,7.2292,545.0284490585327
native_dram_disk,1772730696.933133,7.2292,545.1648328304291
native_dram_disk,1772730697.071357,7.2292,545.3030569553375
native_dram_disk,1772730697.209278,7.2292,545.4409780502319
native_dram_disk,1772730697.34777,7.2292,545.5794699192047
native_dram_disk,1772730697.485598,7.2292,545.7172980308533
native_dram_disk,1772730697.882315,7.2292,546.1140148639679
native_dram_disk,1772730698.037143,7.2292,546.2688429355621
native_dram_disk,1772730698.159555,7.2292,546.391254901886
native_dram_disk,1772730698.300759,7.2292,546.5324590206146
native_dram_disk,1772730698.439971,7.2292,546.6716709136963
native_dram_disk,1772730698.577625,7.2292,546.8093249797821
native_dram_disk,1772730698.714292,7.2292,546.9459919929504
native_dram_disk,1772730699.117919,7.2292,547.3496189117432
native_dram_disk,1772730699.22319,7.2292,547.4548900127411
native_dram_disk,1772730699.361279,7.2292,547.5929789543152
native_dram_disk,1772730699.505381,7.2292,547.7370810508728
native_dram_disk,1772730699.640829,7.2292,547.8725290298462
native_dram_disk,1772730699.777703,7.2292,548.0094029903412
native_dram_disk,1772730699.916554,7.2292,548.1482539176941
native_dram_disk,1772730700.070796,7.2292,548.3024959564209
native_dram_disk,1772730700.491387,7.2292,548.7230868339539
native_dram_disk,1772730700.637697,7.2292,548.8693969249725
native_dram_disk,1772730700.783014,7.2292,549.0147140026093
native_dram_disk,1772730700.901036,7.2292,549.1327359676361
native_dram_disk,1772730701.039023,7.2292,549.2707228660583
native_dram_disk,1772730701.176006,7.2292,549.4077060222626
native_dram_disk,1772730701.313191,7.2292,549.5448908805847
native_dram_disk,1772730701.453384,7.2292,549.6850838661194
native_dram_disk,1772730701.955814,7.2292,550.1875138282776
native_dram_disk,1772730702.059145,7.2292,550.2908449172974
native_dram_disk,1772730702.19591,7.2292,550.4276099205017
native_dram_disk,1772730702.336256,7.2292,550.5679559707642
native_dram_disk,1772730702.472927,7.2292,550.7046270370483
native_dram_disk,1772730702.610324,7.2292,550.8420238494873
native_dram_disk,1772730702.767671,7.2292,550.9993710517883
native_dram_disk,1772730702.904501,7.2292,551.1362009048462
native_dram_disk,1772730703.064149,7.2292,551.2958488464355
native_dram_disk,1772730703.442623,7.2292,551.6743228435516
native_dram_disk,1772730703.568236,7.2292,551.7999360561371
native_dram_disk,1772730703.710767,7.2292,551.9424669742584
native_dram_disk,1772730703.853405,7.2292,552.0851049423218
native_dram_disk,1772730703.994359,7.2292,552.2260589599609
native_dram_disk,1772730704.151141,7.2292,552.3828408718109
native_dram_disk,1772730704.289426,7.2292,552.5211260318756
native_dram_disk,1772730704.685465,7.2292,552.9171650409698
native_dram_disk,1772730704.829133,7.2292,553.0608329772949
native_dram_disk,1772730704.960978,7.2292,553.1926779747009
native_dram_disk,1772730705.099585,7.2292,553.3312849998474
native_dram_disk,1772730705.237463,7.2292,553.469162940979
native_dram_disk,1772730705.375482,7.2292,553.6071820259094
native_dram_disk,1772730705.529718,7.2292,553.7614178657532
native_dram_disk,1772730705.669971,7.2292,553.9016709327698
native_dram_disk,1772730706.064375,7.2292,554.2960748672485
native_dram_disk,1772730706.203727,7.2292,554.4354269504547
native_dram_disk,1772730706.340493,7.2292,554.5721929073334
native_dram_disk,1772730706.481662,7.2292,554.7133619785309
native_dram_disk,1772730706.653783,7.2292,554.8854830265045
native_dram_disk,1772730706.763639,7.2292,554.9953389167786
native_dram_disk,1772730706.903193,7.2292,555.1348929405212
native_dram_disk,1772730707.281562,7.2292,555.5132620334625
native_dram_disk,1772730707.419382,7.2292,555.6510820388794
native_dram_disk,1772730707.558368,7.2292,555.7900679111481
native_dram_disk,1772730707.713057,7.2292,555.9447569847107
native_dram_disk,1772730707.85167,7.2292,556.0833699703217
native_dram_disk,1772730707.974395,7.2292,556.2060949802399
native_dram_disk,1772730708.11185,7.2292,556.3435499668121
native_dram_disk,1772730708.270908,7.2292,556.5026080608368
native_dram_disk,1772730708.735137,7.2292,556.9668369293213
native_dram_disk,1772730708.872603,7.2292,557.1043028831482
native_dram_disk,1772730709.009495,7.2292,557.2411949634552
native_dram_disk,1772730709.149289,7.2292,557.3809888362885
native_dram_disk,1772730709.286227,7.2292,557.5179269313812
native_dram_disk,1772730709.455808,7.2292,557.6875078678131
native_dram_disk,1772730709.609922,7.2292,557.8416218757629
native_dram_disk,1772730709.769624,7.2292,558.0013239383698
native_dram_disk,1772730710.160061,7.2292,558.3917608261108
native_dram_disk,1772730710.313357,7.2292,558.5450570583344
native_dram_disk,1772730710.45289,7.2292,558.6845898628235
native_dram_disk,1772730710.579372,7.2292,558.8110718727112
native_dram_disk,1772730710.72248,7.2292,558.9541800022125
native_dram_disk,1772730710.853941,7.2292,559.0856409072876
native_dram_disk,1772730711.009118,7.2292,559.2408180236816
native_dram_disk,1772730711.128744,7.2292,559.3604438304901
native_dram_disk,1772730711.614009,7.2292,559.8457088470459
native_dram_disk,1772730711.72762,7.2292,559.9593198299408
native_dram_disk,1772730711.847462,7.2292,560.0791618824005
native_dram_disk,1772730711.988922,7.2292,560.2206220626831
native_dram_disk,1772730712.139094,7.2292,560.3707940578461
native_dram_disk,1772730712.278684,7.2292,560.5103838443756
native_dram_disk,1772730712.432751,7.2292,560.6644508838654
native_dram_disk,1772730712.879763,7.2292,561.1114628314972
native_dram_disk,1772730713.016996,7.2292,561.2486958503723
native_dram_disk,1772730713.153961,7.2292,561.3856608867645
native_dram_disk,1772730713.304215,7.2292,561.5359148979187
native_dram_disk,1772730713.465237,7.2292,561.6969368457794
native_dram_disk,1772730713.596425,7.2292,561.828125
native_dram_disk,1772730713.733266,7.2292,561.9649660587311
native_dram_disk,1772730713.890446,7.2292,562.1221458911896
native_dram_disk,1772730714.268276,7.2292,562.4999759197235
native_dram_disk,1772730714.408253,7.2292,562.6399528980255
native_dram_disk,1772730714.564008,7.2292,562.7957079410553
native_dram_disk,1772730714.685153,7.2292,562.9168529510498
native_dram_disk,1772730714.825408,7.2292,563.057107925415
native_dram_disk,1772730714.965486,7.2292,563.1971859931946
native_dram_disk,1772730715.10324,7.2292,563.334939956665
native_dram_disk,1772730715.266257,7.2292,563.4979569911957
native_dram_disk,1772730715.654159,7.2292,563.8858590126038
native_dram_disk,1772730715.800844,7.2292,564.0325438976288
native_dram_disk,1772730715.920096,7.2292,564.1517958641052
native_dram_disk,1772730716.058427,7.2292,564.2901270389557
native_dram_disk,1772730716.197362,7.2292,564.4290618896484
native_dram_disk,1772730716.33834,7.2292,564.5700399875641
native_dram_disk,1772730716.475874,7.2292,564.707573890686
native_dram_disk,1772730716.654869,7.2292,564.8865690231323
native_dram_disk,1772730717.06899,7.2292,565.3006899356842
native_dram_disk,1772730717.211886,7.2292,565.4435858726501
native_dram_disk,1772730717.352254,7.2292,565.5839538574219
native_dram_disk,1772730717.487569,7.2292,565.7192690372467
native_dram_disk,1772730717.631472,7.2292,565.8631720542908
native_dram_disk,1772730717.772101,7.2292,566.003800868988
native_dram_disk,1772730717.914589,7.2292,566.1462888717651
native_dram_disk,1772730718.062968,7.2292,566.2946679592133
native_dram_disk,1772730718.47261,7.2292,566.7043099403381
native_dram_disk,1772730718.603769,7.2292,566.8354690074921
native_dram_disk,1772730718.74211,7.2292,566.9738099575043
native_dram_disk,1772730718.881188,7.2292,567.1128878593445
native_dram_disk,1772730719.019615,7.2292,567.2513148784637
native_dram_disk,1772730719.159365,7.2292,567.3910648822784
native_dram_disk,1772730719.334212,7.2292,567.5659120082855
native_dram_disk,1772730719.506741,7.2292,567.738440990448
native_dram_disk,1772730719.89656,7.2292,568.128259897232
native_dram_disk,1772730720.052275,7.2292,568.2839748859406
native_dram_disk,1772730720.173933,7.2292,568.4056329727173
native_dram_disk,1772730720.312495,7.2292,568.5441949367523
native_dram_disk,1772730720.464684,7.2292,568.6963839530945
native_dram_disk,1772730720.591286,7.2292,568.8229858875275
native_dram_disk,1772730720.743746,7.2292,568.9754459857941
native_dram_disk,1772730721.234867,7.2292,569.4665670394897
native_dram_disk,1772730721.340616,7.2292,569.5723159313202
native_dram_disk,1772730721.462227,7.2292,569.6939270496368
native_dram_disk,1772730721.599324,7.2292,569.8310239315033
native_dram_disk,1772730721.740371,7.2292,569.9720709323883
native_dram_disk,1772730721.896158,7.2292,570.1278579235077
native_dram_disk,1772730722.030904,7.2292,570.2626039981842
native_dram_disk,1772730722.180785,7.2292,570.4124848842621
native_dram_disk,1772730722.595712,7.2292,570.8274118900299
native_dram_disk,1772730722.740504,7.2292,570.9722039699554
native_dram_disk,1772730722.882054,7.2292,571.1137540340424
native_dram_disk,1772730723.023864,7.2292,571.2555639743805
native_dram_disk,1772730723.159165,7.2292,571.3908648490906
native_dram_disk,1772730723.298753,7.2292,571.5304529666901
native_dram_disk,1772730723.453889,7.2292,571.6855888366699
native_dram_disk,1772730723.63677,7.2292,571.868469953537
native_dram_disk,1772730724.079642,7.2292,572.3113420009613
native_dram_disk,1772730724.18961,7.2292,572.4213099479675
native_dram_disk,1772730724.338689,7.2292,572.5703890323639
native_dram_disk,1772730724.460879,7.2292,572.6925790309906
native_dram_disk,1772730724.600312,7.2292,572.8320119380951
native_dram_disk,1772730724.737246,7.2292,572.968945980072
native_dram_disk,1772730724.898331,7.2292,573.1300308704376
native_dram_disk,1772730725.303925,7.2292,573.5356249809265
native_dram_disk,1772730725.407791,7.2292,573.6394908428192
native_dram_disk,1772730725.549655,7.2292,573.7813549041748
native_dram_disk,1772730725.689755,7.2292,573.9214549064636
native_dram_disk,1772730725.830291,7.2292,574.0619909763336
native_dram_disk,1772730725.990014,7.2292,574.2217140197754
native_dram_disk,1772730726.164722,7.2292,574.3964219093323
native_dram_disk,1772730726.287022,7.2292,574.5187220573425
native_dram_disk,1772730726.693905,7.2292,574.92560505867
native_dram_disk,1772730726.836187,7.2292,575.0678868293762
native_dram_disk,1772730726.976026,7.2292,575.2077260017395
native_dram_disk,1772730727.132226,7.2292,575.3639259338379
native_dram_disk,1772730727.253157,7.2292,575.4848568439484
native_dram_disk,1772730727.390673,7.2292,575.6223728656769
native_dram_disk,1772730727.5526,7.2292,575.7842998504639
native_dram_disk,1772730727.674689,7.2292,575.9063889980316
native_dram_disk,1772730728.12974,7.2292,576.3614399433136
native_dram_disk,1772730728.248014,7.2292,576.4797139167786
native_dram_disk,1772730728.369694,7.2292,576.6013939380646
native_dram_disk,1772730728.509109,7.2292,576.7408089637756
native_dram_disk,1772730728.665254,7.2292,576.8969540596008
native_dram_disk,1772730728.804201,7.2292,577.0359008312225
native_dram_disk,1772730728.942441,7.2292,577.1741409301758
native_dram_disk,1772730729.088947,7.2292,577.3206470012665
native_dram_disk,1772730729.500923,7.2292,577.7326228618622
native_dram_disk,1772730729.656562,7.2292,577.8882620334625
native_dram_disk,1772730729.778732,7.2292,578.0104320049286
native_dram_disk,1772730729.91592,7.2292,578.1476199626923
native_dram_disk,1772730730.067313,7.2292,578.2990128993988
native_dram_disk,1772730730.204777,7.2292,578.4364769458771
native_dram_disk,1772730730.344216,7.2292,578.5759160518646
native_dram_disk,1772730730.753743,7.2292,578.9854428768158
native_dram_disk,1772730730.895234,7.2292,579.1269340515137
native_dram_disk,1772730731.034441,7.2292,579.2661409378052
native_dram_disk,1772730731.172386,7.2292,579.4040858745575
native_dram_disk,1772730731.33004,7.2292,579.5617399215698
native_dram_disk,1772730731.469353,7.2292,579.701052904129
native_dram_disk,1772730731.593326,7.2292,579.8250260353088
native_dram_disk,1772730731.753073,7.2292,579.9847729206085
native_dram_disk,1772730732.197759,7.2292,580.4294588565826
native_dram_disk,1772730732.354743,7.2292,580.5864429473877
native_dram_disk,1772730732.479343,7.2292,580.711042881012
native_dram_disk,1772730732.616644,7.2292,580.8483438491821
native_dram_disk,1772730732.755761,7.2292,580.9874608516693
native_dram_disk,1772730732.895249,7.2292,581.1269488334656
native_dram_disk,1772730733.033125,7.2292,581.2648248672485
native_dram_disk,1772730733.171282,7.2292,581.4029819965363
native_dram_disk,1772730733.655899,7.2292,581.887598991394
native_dram_disk,1772730733.759079,7.2292,581.9907789230347
native_dram_disk,1772730733.866657,7.2292,582.098356962204
native_dram_disk,1772730734.008413,7.2292,582.2401130199432
native_dram_disk,1772730734.1461,7.2292,582.377799987793
native_dram_disk,1772730734.323704,7.2292,582.5554039478302
native_dram_disk,1772730734.464863,7.2292,582.6965630054474
native_dram_disk,1772730734.90088,7.2292,583.1325800418854
native_dram_disk,1772730735.009729,7.2292,583.2414288520813
native_dram_disk,1772730735.147829,7.2292,583.3795289993286
native_dram_disk,1772730735.286686,7.2292,583.518385887146
native_dram_disk,1772730735.428351,7.2292,583.660050868988
native_dram_disk,1772730735.566679,7.2292,583.798378944397
native_dram_disk,1772730735.732626,7.2292,583.9643259048462
native_dram_disk,1772730735.918726,7.2292,584.1504259109497
native_dram_disk,1772730736.280638,7.2292,584.5123379230499
native_dram_disk,1772730736.409098,7.2292,584.6407978534698
native_dram_disk,1772730736.548452,7.2292,584.7801518440247
native_dram_disk,1772730736.689301,7.2292,584.921000957489
native_dram_disk,1772730736.827608,7.2292,585.059308052063
native_dram_disk,1772730736.96894,7.2292,585.20063996315
native_dram_disk,1772730737.124836,7.2292,585.3565359115601
native_dram_disk,1772730737.573263,7.2292,585.8049628734589
native_dram_disk,1772730737.725134,7.2292,585.9568338394165
native_dram_disk,1772730737.84176,7.2292,586.0734598636627
native_dram_disk,1772730737.979997,7.2292,586.2116968631744
native_dram_disk,1772730738.118627,7.2292,586.3503270149231
native_dram_disk,1772730738.272623,7.2292,586.5043230056763
native_dram_disk,1772730738.395544,7.2292,586.6272439956665
native_dram_disk,1772730738.53516,7.2292,586.7668600082397
native_dram_disk,1772730738.974747,7.2292,587.2064468860626
native_dram_disk,1772730739.114685,7.2292,587.3463850021362
native_dram_disk,1772730739.271071,7.2292,587.5027709007263
native_dram_disk,1772730739.408061,7.2292,587.6397609710693
native_dram_disk,1772730739.549326,7.2292,587.7810258865356
native_dram_disk,1772730739.691343,7.2292,587.923043012619
native_dram_disk,1772730739.831537,7.2292,588.063236951828
native_dram_disk,1772730739.973143,7.2292,588.204843044281
native_dram_disk,1772730740.387168,7.2292,588.6188678741455
native_dram_disk,1772730740.523775,7.2292,588.7554750442505
native_dram_disk,1772730740.663195,7.2292,588.8948948383331
native_dram_disk,1772730740.80084,7.2292,589.0325398445129
native_dram_disk,1772730740.942735,7.2292,589.1744349002838
native_dram_disk,1772730741.083785,7.2292,589.3154850006104
native_dram_disk,1772730741.223488,7.2292,589.455188035965
native_dram_disk,1772730741.605147,7.2292,589.8368468284607
native_dram_disk,1772730741.744582,7.2292,589.9762818813324
native_dram_disk,1772730741.882985,7.2292,590.1146850585938
native_dram_disk,1772730742.023755,7.2292,590.2554550170898
native_dram_disk,1772730742.196311,7.2292,590.4280109405518
native_dram_disk,1772730742.301698,7.2292,590.5333979129791
native_dram_disk,1772730742.484617,7.2292,590.7163169384003
native_dram_disk,1772730742.624641,7.2292,590.8563408851624
native_dram_disk,1772730743.03113,7.2292,591.2628300189972
native_dram_disk,1772730743.147705,7.2292,591.3794050216675
native_dram_disk,1772730743.2869,7.2292,591.51859998703
native_dram_disk,1772730743.428273,7.2292,591.6599729061127
native_dram_disk,1772730743.566011,7.2292,591.7977108955383
native_dram_disk,1772730743.706552,7.2292,591.9382519721985
native_dram_disk,1772730743.845,7.2292,592.0766999721527
native_dram_disk,1772730744.540546,7.2292,592.7722458839417
native_dram_disk,1772730744.688834,7.2292,592.9205338954926
native_dram_disk,1772730744.825771,7.2292,593.057471036911
native_dram_disk,1772730744.988941,7.2292,593.2206408977509
native_dram_disk,1772730745.121262,7.2292,593.3529620170593
native_dram_disk,1772730745.252419,7.2292,593.484118938446
native_dram_disk,1772730745.39177,7.2292,593.6234698295593
native_dram_disk,1772730745.829351,7.2292,594.0610508918762
native_dram_disk,1772730745.972596,7.2292,594.204295873642
native_dram_disk,1772730746.124206,7.2292,594.3559060096741
native_dram_disk,1772730746.264688,7.2292,594.4963879585266
native_dram_disk,1772730746.389074,7.2292,594.6207740306854
native_dram_disk,1772730746.552467,7.2292,594.7841670513153
native_dram_disk,1772730746.673879,7.2292,594.9055788516998
native_dram_disk,1772730746.824529,7.2292,595.0562288761139
native_dram_disk,1772730747.224638,7.2292,595.456337928772
native_dram_disk,1772730747.381598,7.2292,595.6132979393005
native_dram_disk,1772730747.505787,7.2292,595.7374868392944
native_dram_disk,1772730747.650753,7.2292,595.8824529647827
native_dram_disk,1772730747.801078,7.2292,596.0327780246735
native_dram_disk,1772730747.933642,7.2292,596.1653418540955
native_dram_disk,1772730748.076637,7.2292,596.3083369731903
native_dram_disk,1772730748.502325,7.2292,596.7340250015259
native_dram_disk,1772730748.613967,7.2292,596.845666885376
native_dram_disk,1772730748.754489,7.2292,596.9861888885498
native_dram_disk,1772730748.908594,7.2292,597.1402938365936
native_dram_disk,1772730749.033866,7.2292,597.2655658721924
native_dram_disk,1772730749.173373,7.2292,597.405072927475
native_dram_disk,1772730749.329308,7.2292,597.561007976532
native_dram_disk,1772730749.788962,7.2292,598.0206618309021
native_dram_disk,1772730749.9156,7.2292,598.1473000049591
native_dram_disk,1772730750.055201,7.2292,598.2869009971619
native_dram_disk,1772730750.194925,7.2292,598.4266250133514
native_dram_disk,1772730750.334095,7.2292,598.5657949447632
native_dram_disk,1772730750.492775,7.2292,598.7244749069214
native_dram_disk,1772730750.63733,7.2292,598.8690299987793
native_dram_disk,1772730751.035747,7.2292,599.2674469947815
native_dram_disk,1772730751.17626,7.2292,599.4079599380493
native_dram_disk,1772730751.314312,7.2292,599.5460119247437
native_dram_disk,1772730751.456344,7.2292,599.6880438327789
native_dram_disk,1772730751.61495,7.2292,599.8466498851776
cachegen_dram,1772731228.837281,7.0397,0.00548100471496582
cachegen_dram,1772731228.938892,7.0397,0.10709190368652344
cachegen_dram,1772731229.04955,7.0397,0.21775007247924805
cachegen_dram,1772731229.150635,7.0397,0.3188350200653076
cachegen_dram,1772731229.252318,7.0397,0.4205179214477539
cachegen_dram,1772731229.35342,7.0397,0.5216200351715088
cachegen_dram,1772731229.471998,7.0397,0.6401979923248291
cachegen_dram,1772731229.59026,7.0397,0.7584600448608398
cachegen_dram,1772731229.725318,7.0397,0.8935179710388184
cachegen_dram,1772731229.854016,7.0397,1.0222160816192627
cachegen_dram,1772731229.987065,7.0397,1.1552650928497314
cachegen_dram,1772731230.095032,7.0397,1.2632319927215576
cachegen_dram,1772731230.206819,7.0397,1.3750190734863281
cachegen_dram,1772731230.320323,7.0397,1.488523006439209
cachegen_dram,1772731230.438084,7.0436,1.6062839031219482
cachegen_dram,1772731230.54534,7.4675,1.7135400772094727
cachegen_dram,1772731230.653978,7.5925,1.8221781253814697
cachegen_dram,1772731230.764191,7.5925,1.9323909282684326
cachegen_dram,1772731230.873775,7.5925,2.0419750213623047
cachegen_dram,1772731230.984802,7.5925,2.1530020236968994
cachegen_dram,1772731231.09585,7.5925,2.264050006866455
cachegen_dram,1772731231.207094,7.5925,2.3752939701080322
cachegen_dram,1772731231.316583,7.5925,2.4847829341888428
cachegen_dram,1772731231.428514,7.5925,2.5967140197753906
cachegen_dram,1772731231.536687,7.5925,2.7048869132995605
cachegen_dram,1772731231.652076,7.5925,2.8202760219573975
cachegen_dram,1772731231.764769,7.5925,2.932969093322754
cachegen_dram,1772731231.870106,7.5925,3.0383059978485107
cachegen_dram,1772731231.98124,7.5925,3.149440050125122
cachegen_dram,1772731232.091226,7.5925,3.2594261169433594
cachegen_dram,1772731232.202173,7.5925,3.370373010635376
cachegen_dram,1772731232.314433,7.5925,3.482633113861084
cachegen_dram,1772731232.426133,7.5925,3.5943329334259033
cachegen_dram,1772731232.540418,7.5925,3.708617925643921
cachegen_dram,1772731232.648946,7.5925,3.817146062850952
cachegen_dram,1772731232.759579,7.5925,3.927778959274292
cachegen_dram,1772731232.902985,7.5925,4.071185111999512
cachegen_dram,1772731233.007721,7.5925,4.1759209632873535
cachegen_dram,1772731233.116643,7.5925,4.2848429679870605
cachegen_dram,1772731233.227003,7.5925,4.395203113555908
cachegen_dram,1772731233.631289,7.5925,4.7994890213012695
cachegen_dram,1772731233.738594,7.5925,4.90679407119751
cachegen_dram,1772731233.851468,7.5925,5.019668102264404
cachegen_dram,1772731233.958693,7.5925,5.126893043518066
cachegen_dram,1772731234.074237,7.5925,5.242437124252319
cachegen_dram,1772731234.184767,7.5925,5.352967023849487
cachegen_dram,1772731234.292377,7.5925,5.460577011108398
cachegen_dram,1772731237.764778,7.5925,8.93297791481018
cachegen_dram,1772731237.874755,7.5925,9.042954921722412
cachegen_dram,1772731237.980351,7.5925,9.148550987243652
cachegen_dram,1772731238.082352,7.5944,9.25055193901062
cachegen_dram,1772731238.80468,7.5944,9.972880125045776
cachegen_dram,1772731238.929669,7.5944,10.097868919372559
cachegen_dram,1772731239.037553,7.5944,10.205753087997437
cachegen_dram,1772731239.149869,7.5944,10.318068981170654
cachegen_dram,1772731239.26028,7.5944,10.42847990989685
cachegen_dram,1772731239.368516,7.5944,10.536715984344482
cachegen_dram,1772731239.481628,7.5944,10.64982795715332
cachegen_dram,1772731239.592937,7.5944,10.761137008666992
cachegen_dram,1772731239.698995,7.5944,10.867195129394531
cachegen_dram,1772731239.812239,7.5944,10.980438947677612
cachegen_dram,1772731239.922923,7.5944,11.091123104095459
cachegen_dram,1772731240.032646,7.5944,11.200845956802368
cachegen_dram,1772731240.140914,7.5944,11.3091139793396
cachegen_dram,1772731240.251823,7.5944,11.420022964477539
cachegen_dram,1772731240.363172,7.5944,11.5313720703125
cachegen_dram,1772731240.470942,7.5944,11.639142036437988
cachegen_dram,1772731240.58328,7.5944,11.751480102539062
cachegen_dram,1772731240.695774,7.5944,11.86397409439087
cachegen_dram,1772731240.810209,7.5944,11.978409051895142
cachegen_dram,1772731240.918422,7.5944,12.0866219997406
cachegen_dram,1772731241.029129,7.5944,12.197329044342041
cachegen_dram,1772731241.189916,7.5944,12.358115911483765
cachegen_dram,1772731241.290602,7.5944,12.458801984786987
cachegen_dram,1772731241.390882,7.5944,12.55908203125
cachegen_dram,1772731241.496423,7.5944,12.664623022079468
cachegen_dram,1772731241.607233,7.5944,12.77543306350708
cachegen_dram,1772731241.722248,7.5944,12.890448093414307
cachegen_dram,1772731241.830007,7.5944,12.998207092285156
cachegen_dram,1772731241.938618,7.5944,13.106817960739136
cachegen_dram,1772731242.061844,7.5944,13.23004412651062
cachegen_dram,1772731242.175691,7.5944,13.343890905380249
cachegen_dram,1772731242.297805,7.5944,13.466005086898804
cachegen_dram,1772731242.416486,7.5944,13.584686040878296
cachegen_dram,1772731242.542016,7.5944,13.710216045379639
cachegen_dram,1772731242.65655,7.5944,13.824749946594238
cachegen_dram,1772731242.787972,7.5944,13.956171989440918
cachegen_dram,1772731243.007005,7.5944,14.175204992294312
cachegen_dram,1772731243.125509,7.5944,14.29370903968811
cachegen_dram,1772731243.232606,7.5944,14.400805950164795
cachegen_dram,1772731243.339968,7.5944,14.50816798210144
cachegen_dram,1772731243.453349,7.5944,14.621549129486084
cachegen_dram,1772731243.56363,7.5944,14.73183012008667
cachegen_dram,1772731243.672453,7.5944,14.84065294265747
cachegen_dram,1772731243.784392,7.5944,14.952592134475708
cachegen_dram,1772731243.8929,7.5944,15.061100006103516
cachegen_dram,1772731244.002838,7.5944,15.171037912368774
cachegen_dram,1772731244.129688,7.5944,15.297888040542603
cachegen_dram,1772731244.234199,7.5944,15.402399063110352
cachegen_dram,1772731244.343443,7.5944,15.511642932891846
cachegen_dram,1772731244.454059,7.5944,15.62225890159607
cachegen_dram,1772731244.567413,7.5944,15.735613107681274
cachegen_dram,1772731244.680243,7.5944,15.848443031311035
cachegen_dram,1772731244.817382,7.5944,15.985582113265991
cachegen_dram,1772731244.92506,7.5944,16.093260049819946
cachegen_dram,1772731245.02891,7.5944,16.197109937667847
cachegen_dram,1772731245.255555,7.5944,16.423754930496216
cachegen_dram,1772731245.368459,7.5944,16.536659002304077
cachegen_dram,1772731245.475558,7.5944,16.643758058547974
cachegen_dram,1772731245.58803,7.5944,16.756230115890503
cachegen_dram,1772731245.69707,7.5944,16.865269899368286
cachegen_dram,1772731245.809749,7.5944,16.977948904037476
cachegen_dram,1772731245.920064,7.5944,17.088263988494873
cachegen_dram,1772731246.028176,7.5944,17.196376085281372
cachegen_dram,1772731246.141436,7.5944,17.309636116027832
cachegen_dram,1772731246.255787,7.5944,17.42398691177368
cachegen_dram,1772731246.368968,7.5944,17.53716802597046
cachegen_dram,1772731246.478908,7.5944,17.64710807800293
cachegen_dram,1772731246.5927,7.5944,17.760900020599365
cachegen_dram,1772731246.720621,7.5944,17.888821125030518
cachegen_dram,1772731246.832066,7.5944,18.000266075134277
cachegen_dram,1772731246.949622,7.5944,18.11782193183899
cachegen_dram,1772731247.066072,7.5944,18.234272003173828
cachegen_dram,1772731247.180971,7.5944,18.349170923233032
cachegen_dram,1772731247.295535,7.5944,18.463735103607178
cachegen_dram,1772731247.402549,7.5944,18.570749044418335
cachegen_dram,1772731247.542454,7.5944,18.71065402030945
cachegen_dram,1772731247.649189,7.5944,18.817389011383057
cachegen_dram,1772731247.761361,7.5944,18.929560899734497
cachegen_dram,1772731247.873192,7.5944,19.0413920879364
cachegen_dram,1772731247.983321,7.5944,19.15152096748352
cachegen_dram,1772731248.091389,7.5944,19.259588956832886
cachegen_dram,1772731248.200901,7.5944,19.36910104751587
cachegen_dram,1772731248.312945,7.5944,19.481144905090332
cachegen_dram,1772731248.526876,7.5944,19.69507598876953
cachegen_dram,1772731248.63889,7.5944,19.807090044021606
cachegen_dram,1772731248.750241,7.5944,19.9184410572052
cachegen_dram,1772731248.870552,7.5944,20.03875207901001
cachegen_dram,1772731248.972021,7.5944,20.140221118927002
cachegen_dram,1772731249.082102,7.5944,20.25030207633972
cachegen_dram,1772731249.208167,7.5944,20.37636709213257
cachegen_dram,1772731249.317657,7.5944,20.485857009887695
cachegen_dram,1772731249.428936,7.5944,20.5971360206604
cachegen_dram,1772731249.554739,7.5944,20.722939014434814
cachegen_dram,1772731249.810744,7.5944,20.978944063186646
cachegen_dram,1772731249.922302,7.5944,21.0905020236969
cachegen_dram,1772731250.034059,7.5944,21.202259063720703
cachegen_dram,1772731250.141276,7.5944,21.309475898742676
cachegen_dram,1772731250.251758,7.5944,21.419958114624023
cachegen_dram,1772731250.363813,7.5944,21.532012939453125
cachegen_dram,1772731250.475264,7.5944,21.64346408843994
cachegen_dram,1772731250.585535,7.5944,21.753735065460205
cachegen_dram,1772731250.694416,7.5944,21.862616062164307
cachegen_dram,1772731250.906696,7.5944,22.074896097183228
cachegen_dram,1772731251.007342,7.5944,22.17554211616516
cachegen_dram,1772731251.107748,7.5944,22.27594804763794
cachegen_dram,1772731251.208221,7.5944,22.376420974731445
cachegen_dram,1772731251.309347,7.5944,22.47754693031311
cachegen_dram,1772731251.424129,7.5944,22.592329025268555
cachegen_dram,1772731251.549556,7.5944,22.717756032943726
cachegen_dram,1772731251.65376,7.5944,22.821959972381592
cachegen_dram,1772731251.754532,7.5944,22.92273211479187
cachegen_dram,1772731251.974286,7.5944,23.142486095428467
cachegen_dram,1772731252.089231,7.5944,23.257431030273438
cachegen_dram,1772731252.211463,7.5944,23.37966299057007
cachegen_dram,1772731252.322999,7.5944,23.491199016571045
cachegen_dram,1772731252.430852,7.5944,23.59905195236206
cachegen_dram,1772731252.548553,7.5944,23.716753005981445
cachegen_dram,1772731252.655554,7.5944,23.82375407218933
cachegen_dram,1772731252.828953,7.5944,23.99715304374695
cachegen_dram,1772731252.938089,7.5944,24.10628890991211
cachegen_dram,1772731253.048579,7.5944,24.216778993606567
cachegen_dram,1772731253.159589,7.5944,24.327789068222046
cachegen_dram,1772731253.272043,7.5944,24.440243005752563
cachegen_dram,1772731253.384607,7.5944,24.552807092666626
cachegen_dram,1772731253.545344,7.5944,24.713544130325317
cachegen_dram,1772731253.648263,7.5944,24.816462993621826
cachegen_dram,1772731253.760508,7.5944,24.92870807647705
cachegen_dram,1772731253.876677,7.5944,25.04487705230713
cachegen_dram,1772731254.021317,7.5944,25.1895170211792
cachegen_dram,1772731254.130643,7.5944,25.298842906951904
cachegen_dram,1772731254.239503,7.5944,25.407702922821045
cachegen_dram,1772731254.352558,7.5944,25.520757913589478
cachegen_dram,1772731254.461751,7.5944,25.629951000213623
cachegen_dram,1772731254.640922,7.5944,25.80912208557129
cachegen_dram,1772731254.74175,7.5944,25.909950017929077
cachegen_dram,1772731254.84262,7.5944,26.010819911956787
cachegen_dram,1772731254.947376,7.5944,26.115576028823853
cachegen_dram,1772731255.049606,7.5944,26.217806100845337
cachegen_dram,1772731255.154224,7.5944,26.322423934936523
cachegen_dram,1772731255.319212,7.5944,26.487411975860596
cachegen_dram,1772731255.419937,7.5944,26.588136911392212
cachegen_dram,1772731255.520294,7.5944,26.688493967056274
cachegen_dram,1772731255.621972,7.5944,26.79017210006714
cachegen_dram,1772731255.84517,7.5944,27.013370037078857
cachegen_dram,1772731255.945759,7.5944,27.113959074020386
cachegen_dram,1772731256.046725,7.5944,27.214925050735474
cachegen_dram,1772731256.147259,7.5944,27.31545901298523
cachegen_dram,1772731256.24797,7.5944,27.416170120239258
cachegen_dram,1772731256.350173,7.5944,27.518373012542725
cachegen_dram,1772731256.455742,7.5944,27.623941898345947
cachegen_dram,1772731256.567787,7.5944,27.735986948013306
cachegen_dram,1772731256.686773,7.5944,27.854973077774048
cachegen_dram,1772731256.796775,7.5944,27.964975118637085
cachegen_dram,1772731256.938233,7.5944,28.106432914733887
cachegen_dram,1772731257.03932,7.5944,28.207520008087158
cachegen_dram,1772731257.14692,7.5944,28.315119981765747
cachegen_dram,1772731257.272442,7.5944,28.44064211845398
cachegen_dram,1772731257.374422,7.5944,28.542622089385986
cachegen_dram,1772731257.475654,7.5944,28.643853902816772
cachegen_dram,1772731257.580373,7.5944,28.748573064804077
cachegen_dram,1772731257.692581,7.5944,28.860780954360962
cachegen_dram,1772731257.877798,7.5944,29.045998096466064
cachegen_dram,1772731258.008253,7.5944,29.176453113555908
cachegen_dram,1772731258.119719,7.5944,29.28791904449463
cachegen_dram,1772731258.231218,7.5944,29.399418115615845
cachegen_dram,1772731258.341589,7.5944,29.509788990020752
cachegen_dram,1772731258.457881,7.5944,29.626080989837646
cachegen_dram,1772731258.568455,7.5944,29.73665499687195
cachegen_dram,1772731258.694219,7.5944,29.86241912841797
cachegen_dram,1772731258.806002,7.5944,29.974201917648315
cachegen_dram,1772731258.917662,7.5944,30.085861921310425
cachegen_dram,1772731259.02814,7.5944,30.196340084075928
cachegen_dram,1772731259.140661,7.5944,30.308861017227173
cachegen_dram,1772731259.265687,7.5944,30.433887004852295
cachegen_dram,1772731259.376395,7.5944,30.54459500312805
cachegen_dram,1772731259.587956,7.5944,30.756155967712402
cachegen_dram,1772731259.689584,7.5944,30.857784032821655
cachegen_dram,1772731259.790444,7.5944,30.958643913269043
cachegen_dram,1772731259.890907,7.5944,31.059107065200806
cachegen_dram,1772731259.991168,7.5944,31.15936803817749
cachegen_dram,1772731260.139329,7.5944,31.307528972625732
cachegen_dram,1772731260.240409,7.5944,31.40860891342163
cachegen_dram,1772731260.341628,7.5944,31.509828090667725
cachegen_dram,1772731260.444508,7.5944,31.61270809173584
cachegen_dram,1772731260.549177,7.5944,31.717376947402954
cachegen_dram,1772731260.716469,7.5944,31.884669065475464
cachegen_dram,1772731260.817152,7.5944,31.985352039337158
cachegen_dram,1772731260.919977,7.5944,32.0881769657135
cachegen_dram,1772731261.02026,7.5944,32.18846011161804
cachegen_dram,1772731261.121485,7.5944,32.289685010910034
cachegen_dram,1772731261.229678,7.5944,32.39787793159485
cachegen_dram,1772731261.332321,7.5944,32.50052094459534
cachegen_dram,1772731261.437089,7.5944,32.60528898239136
cachegen_dram,1772731261.553531,7.5944,32.72173094749451
cachegen_dram,1772731261.673567,7.5944,32.84176707267761
cachegen_dram,1772731261.809087,7.5944,32.97728705406189
cachegen_dram,1772731261.914269,7.5944,33.08246898651123
cachegen_dram,1772731262.020146,7.5944,33.18834590911865
cachegen_dram,1772731262.138962,7.5944,33.307162046432495
cachegen_dram,1772731262.253807,7.5944,33.42200708389282
cachegen_dram,1772731262.364564,7.5944,33.532763957977295
cachegen_dram,1772731262.530184,7.5944,33.698384046554565
cachegen_dram,1772731262.641959,7.5944,33.8101589679718
cachegen_dram,1772731262.753733,7.5944,33.92193293571472
cachegen_dram,1772731262.86672,7.5944,34.03491997718811
cachegen_dram,1772731262.979104,7.5944,34.14730405807495
cachegen_dram,1772731263.098171,7.5944,34.26637101173401
cachegen_dram,1772731263.242938,7.5944,34.41113805770874
cachegen_dram,1772731263.620423,7.5944,34.788623094558716
cachegen_dram,1772731263.73789,7.5944,34.90609002113342
cachegen_dram,1772731263.908796,7.5944,35.076996088027954
cachegen_dram,1772731264.026646,7.5944,35.1948459148407
cachegen_dram,1772731264.141175,7.5944,35.309375047683716
cachegen_dram,1772731264.250594,7.5944,35.41879391670227
cachegen_dram,1772731264.376911,7.5944,35.54511094093323
cachegen_dram,1772731264.630396,7.5944,35.798595905303955
cachegen_dram,1772731264.731832,7.5944,35.90003204345703
cachegen_dram,1772731264.83279,7.5944,36.00098991394043
cachegen_dram,1772731264.946595,7.5944,36.114794969558716
cachegen_dram,1772731265.054871,7.5944,36.22307109832764
cachegen_dram,1772731265.163098,7.5944,36.33129811286926
cachegen_dram,1772731265.263911,7.5944,36.43211102485657
cachegen_dram,1772731265.364786,7.5944,36.53298592567444
cachegen_dram,1772731265.469381,7.5944,36.63758111000061
cachegen_dram,1772731265.5826,7.5944,36.750800132751465
cachegen_dram,1772731265.698174,7.5944,36.866374015808105
cachegen_dram,1772731265.812816,7.5944,36.98101592063904
cachegen_dram,1772731265.921227,7.5944,37.08942699432373
cachegen_dram,1772731266.032167,7.5944,37.20036697387695
cachegen_dram,1772731266.143037,7.5944,37.3112370967865
cachegen_dram,1772731266.247516,7.5944,37.41571593284607
cachegen_dram,1772731266.367725,7.5944,37.53592491149902
cachegen_dram,1772731266.506076,7.5944,37.67427611351013
cachegen_dram,1772731266.611124,7.5944,37.77932405471802
cachegen_dram,1772731266.727734,7.5944,37.895934104919434
cachegen_dram,1772731266.834934,7.5944,38.00313401222229
cachegen_dram,1772731266.951145,7.5944,38.11934494972229
cachegen_dram,1772731267.068721,7.5944,38.236921072006226
cachegen_dram,1772731267.183048,7.5944,38.351248025894165
cachegen_dram,1772731267.288492,7.5944,38.45669198036194
cachegen_dram,1772731267.408032,7.5944,38.576231956481934
cachegen_dram,1772731267.516345,7.5944,38.684545040130615
cachegen_dram,1772731267.629722,7.5944,38.797922134399414
cachegen_dram,1772731267.739561,7.5944,38.907761096954346
cachegen_dram,1772731267.851065,7.5944,39.019264936447144
cachegen_dram,1772731267.963182,7.5944,39.13138198852539
cachegen_dram,1772731268.078064,7.5944,39.24626398086548
cachegen_dram,1772731268.190683,7.5944,39.358882904052734
cachegen_dram,1772731268.331934,7.5944,39.500133991241455
cachegen_dram,1772731268.446869,7.5944,39.6150689125061
cachegen_dram,1772731268.571671,7.5944,39.73987102508545
cachegen_dram,1772731268.705609,7.5944,39.87380909919739
cachegen_dram,1772731268.819663,7.5944,39.987863063812256
cachegen_dram,1772731268.932463,7.5944,40.10066294670105
cachegen_dram,1772731269.064861,7.5944,40.23306107521057
cachegen_dram,1772731269.271605,7.5944,40.439805030822754
cachegen_dram,1772731269.373236,7.5944,40.541435956954956
cachegen_dram,1772731269.47394,7.5944,40.64213991165161
cachegen_dram,1772731269.598668,7.5944,40.766868114471436
cachegen_dram,1772731269.707821,7.5944,40.87602090835571
cachegen_dram,1772731269.836553,7.5944,41.00475311279297
cachegen_dram,1772731269.946966,7.5944,41.1151659488678
cachegen_dram,1772731270.085677,7.5944,41.25387692451477
cachegen_dram,1772731270.199779,7.5944,41.36797904968262
cachegen_dram,1772731270.314955,7.5944,41.48315501213074
cachegen_dram,1772731270.428944,7.5944,41.59714412689209
cachegen_dram,1772731270.537499,7.5944,41.70569896697998
cachegen_dram,1772731270.651912,7.5944,41.820111989974976
cachegen_dram,1772731270.761325,7.5944,41.92952489852905
cachegen_dram,1772731270.873989,7.5944,42.04218912124634
cachegen_dram,1772731270.988075,7.5944,42.156275033950806
cachegen_dram,1772731271.097092,7.5944,42.265291929244995
cachegen_dram,1772731271.211496,7.5944,42.37969613075256
cachegen_dram,1772731271.323353,7.5944,42.49155306816101
cachegen_dram,1772731271.435405,7.5944,42.60360503196716
cachegen_dram,1772731271.550117,7.5944,42.71831703186035
cachegen_dram,1772731271.663904,7.5944,42.832103967666626
cachegen_dram,1772731271.775952,7.5944,42.94415211677551
cachegen_dram,1772731271.890699,7.5944,43.05889892578125
cachegen_dram,1772731272.002847,7.5944,43.17104697227478
cachegen_dram,1772731272.11828,7.5944,43.28647994995117
cachegen_dram,1772731272.229535,7.5944,43.39773511886597
cachegen_dram,1772731272.340922,7.5944,43.509122133255005
cachegen_dram,1772731272.45734,7.5944,43.625540018081665
cachegen_dram,1772731272.569489,7.5944,43.73768901824951
cachegen_dram,1772731272.684658,7.5944,43.85285806655884
cachegen_dram,1772731272.798959,7.5944,43.967159032821655
cachegen_dram,1772731272.944843,7.5944,44.11304306983948
cachegen_dram,1772731273.055146,7.5944,44.22334599494934
cachegen_dram,1772731273.191202,7.5944,44.35940194129944
cachegen_dram,1772731273.303245,7.5944,44.471445083618164
cachegen_dram,1772731273.434262,7.5944,44.60246205329895
cachegen_dram,1772731273.556421,7.5944,44.724621057510376
cachegen_dram,1772731273.681437,7.5944,44.849637031555176
cachegen_dram,1772731273.815506,7.5944,44.98370599746704
cachegen_dram,1772731273.929767,7.5944,45.09796690940857
cachegen_dram,1772731274.061268,7.5944,45.22946810722351
cachegen_dram,1772731274.167146,7.5944,45.33534598350525
cachegen_dram,1772731274.292777,7.5944,45.46097707748413
cachegen_dram,1772731274.440234,7.5944,45.608433961868286
cachegen_dram,1772731274.647019,7.5944,45.815218925476074
cachegen_dram,1772731274.748292,7.5944,45.916491985321045
cachegen_dram,1772731274.862079,7.5944,46.03027892112732
cachegen_dram,1772731274.974702,7.5944,46.14290189743042
cachegen_dram,1772731275.087914,7.5944,46.25611400604248
cachegen_dram,1772731275.226675,7.5944,46.394875049591064
cachegen_dram,1772731275.351897,7.5944,46.52009701728821
cachegen_dram,1772731275.466837,7.5944,46.63503694534302
cachegen_dram,1772731275.580686,7.5944,46.74888610839844
cachegen_dram,1772731275.693969,7.5944,46.86216902732849
cachegen_dram,1772731275.805296,7.5944,46.973495960235596
cachegen_dram,1772731275.917885,7.5944,47.086085081100464
cachegen_dram,1772731276.030361,7.5944,47.19856095314026
cachegen_dram,1772731276.141005,7.5944,47.309205055236816
cachegen_dram,1772731276.268126,7.5944,47.436326026916504
cachegen_dram,1772731276.382376,7.5944,47.550575971603394
cachegen_dram,1772731276.526374,7.5944,47.69457411766052
cachegen_dram,1772731276.628861,7.5944,47.7970609664917
cachegen_dram,1772731276.738267,7.5944,47.90646696090698
cachegen_dram,1772731276.850927,7.5944,48.01912713050842
cachegen_dram,1772731276.956682,7.5944,48.124881982803345
cachegen_dram,1772731277.06782,7.5944,48.2360200881958
cachegen_dram,1772731277.180346,7.5944,48.34854602813721
cachegen_dram,1772731277.287501,7.5944,48.45570111274719
cachegen_dram,1772731277.401056,7.5944,48.569256067276
cachegen_dram,1772731277.512267,7.5944,48.68046712875366
cachegen_dram,1772731277.660616,7.5944,48.828815937042236
cachegen_dram,1772731277.772294,7.5944,48.94049406051636
cachegen_dram,1772731277.939283,7.5944,49.10748291015625
cachegen_dram,1772731278.039606,7.5944,49.20780611038208
cachegen_dram,1772731278.140747,7.5944,49.30894708633423
cachegen_dram,1772731278.252894,7.5944,49.42109394073486
cachegen_dram,1772731278.362756,7.5944,49.53095602989197
cachegen_dram,1772731278.468266,7.5944,49.63646602630615
cachegen_dram,1772731278.575564,7.5944,49.74376392364502
cachegen_dram,1772731278.692723,7.5944,49.860923051834106
cachegen_dram,1772731278.804536,7.5944,49.972736120224
cachegen_dram,1772731278.918594,7.5944,50.08679389953613
cachegen_dram,1772731279.103813,7.5944,50.27201294898987
cachegen_dram,1772731279.205527,7.5944,50.37372708320618
cachegen_dram,1772731279.308959,7.5944,50.47715902328491
cachegen_dram,1772731279.475483,7.5944,50.64368295669556
cachegen_dram,1772731279.599542,7.5944,50.76774191856384
cachegen_dram,1772731279.702139,7.5944,50.870338916778564
cachegen_dram,1772731279.805603,7.5944,50.97380304336548
cachegen_dram,1772731279.906164,7.5944,51.07436394691467
cachegen_dram,1772731280.012386,7.5944,51.180586099624634
cachegen_dram,1772731280.113876,7.5944,51.28207612037659
cachegen_dram,1772731280.250094,7.5944,51.418293952941895
cachegen_dram,1772731280.364572,7.5944,51.532772064208984
cachegen_dram,1772731280.499774,7.5944,51.66797399520874
cachegen_dram,1772731280.615531,7.5944,51.78373098373413
cachegen_dram,1772731280.726415,7.5944,51.894614934921265
cachegen_dram,1772731280.856654,7.5944,52.02485394477844
cachegen_dram,1772731280.989534,7.5944,52.15773391723633
cachegen_dram,1772731281.090705,7.5944,52.25890493392944
cachegen_dram,1772731281.201374,7.5944,52.36957406997681
cachegen_dram,1772731281.311129,7.5944,52.479329109191895
cachegen_dram,1772731281.454136,7.5944,52.62233591079712
cachegen_dram,1772731281.562345,7.5944,52.73054504394531
cachegen_dram,1772731281.695043,7.5944,52.863243103027344
cachegen_dram,1772731281.795525,7.5944,52.963725090026855
cachegen_dram,1772731281.905169,7.5944,53.07336902618408
cachegen_dram,1772731282.020388,7.5944,53.18858790397644
cachegen_dram,1772731282.130454,7.5944,53.298654079437256
cachegen_dram,1772731282.239224,7.5944,53.407423973083496
cachegen_dram,1772731282.351447,7.5944,53.51964712142944
cachegen_dram,1772731282.46493,7.5944,53.63313007354736
cachegen_dram,1772731282.577069,7.5944,53.74526906013489
cachegen_dram,1772731282.689963,7.5944,53.85816311836243
cachegen_dram,1772731282.829493,7.5944,53.99769306182861
cachegen_dram,1772731282.940937,7.5944,54.10913705825806
cachegen_dram,1772731283.056368,7.5944,54.224568128585815
cachegen_dram,1772731283.169075,7.5944,54.33727502822876
cachegen_dram,1772731283.283138,7.5944,54.451338052749634
cachegen_dram,1772731283.401016,7.5944,54.56921601295471
cachegen_dram,1772731283.507925,7.5944,54.676125049591064
cachegen_dram,1772731283.624224,7.5944,54.79242396354675
cachegen_dram,1772731283.751164,7.5944,54.9193639755249
cachegen_dram,1772731283.879433,7.5944,55.047632932662964
cachegen_dram,1772731284.009882,7.5944,55.17808198928833
cachegen_dram,1772731284.135998,7.5944,55.304198026657104
cachegen_dram,1772731284.26719,7.5944,55.43538999557495
cachegen_dram,1772731284.381189,7.5944,55.549389123916626
cachegen_dram,1772731284.49785,7.5944,55.66604995727539
cachegen_dram,1772731284.610234,7.5944,55.77843403816223
cachegen_dram,1772731284.724869,7.5944,55.89306902885437
cachegen_dram,1772731284.838384,7.5944,56.00658392906189
cachegen_dram,1772731284.951511,7.5944,56.11971092224121
cachegen_dram,1772731285.069001,7.5944,56.23720097541809
cachegen_dram,1772731285.179617,7.5944,56.347816944122314
cachegen_dram,1772731285.306186,7.5944,56.47438597679138
cachegen_dram,1772731285.458202,7.5944,56.62640190124512
cachegen_dram,1772731285.559304,7.5944,56.72750401496887
cachegen_dram,1772731285.682826,7.5944,56.85102605819702
cachegen_dram,1772731285.801351,7.5944,56.96955108642578
cachegen_dram,1772731285.910098,7.5944,57.07829809188843
cachegen_dram,1772731286.01765,7.5944,57.18584990501404
cachegen_dram,1772731286.130996,7.5944,57.299196004867554
cachegen_dram,1772731286.2711,7.5944,57.43930006027222
cachegen_dram,1772731286.38451,7.5944,57.55271005630493
cachegen_dram,1772731286.498925,7.5944,57.66712498664856
cachegen_dram,1772731286.611291,7.5944,57.77949094772339
cachegen_dram,1772731286.72328,7.5944,57.89147996902466
cachegen_dram,1772731286.836129,7.5944,58.00432896614075
cachegen_dram,1772731286.948396,7.5944,58.11659598350525
cachegen_dram,1772731287.063252,7.5944,58.231451988220215
cachegen_dram,1772731287.176109,7.5944,58.34430909156799
cachegen_dram,1772731287.289902,7.5944,58.458101987838745
cachegen_dram,1772731287.402831,7.5944,58.57103109359741
cachegen_dram,1772731287.548838,7.5944,58.71703791618347
cachegen_dram,1772731287.651001,7.5944,58.81920099258423
cachegen_dram,1772731287.763277,7.5944,58.931477069854736
cachegen_dram,1772731287.877431,7.5944,59.04563093185425
cachegen_dram,1772731287.993113,7.5944,59.1613130569458
cachegen_dram,1772731288.107419,7.5944,59.27561902999878
cachegen_dram,1772731288.222032,7.5944,59.39023208618164
cachegen_dram,1772731288.380001,7.5944,59.54820108413696
cachegen_dram,1772731288.480875,7.5944,59.64907503128052
cachegen_dram,1772731288.588879,7.5944,59.757079124450684
cachegen_dram,1772731288.700054,7.5944,59.86825394630432
cachegen_dram,1772731288.807059,7.5944,59.97525906562805
cachegen_dram,1772731288.936273,7.5944,60.10447311401367
cachegen_dram,1772731289.041506,7.5944,60.20970606803894
cachegen_dram,1772731289.151922,7.5944,60.3201220035553
cachegen_dram,1772731289.264702,7.5944,60.432902097702026
cachegen_dram,1772731289.377812,7.5944,60.54601192474365
cachegen_dram,1772731289.489351,7.5944,60.65755105018616
cachegen_dram,1772731289.606245,7.5944,60.77444505691528
cachegen_dram,1772731289.72855,7.5944,60.89674997329712
cachegen_dram,1772731289.857985,7.5944,61.026185035705566
cachegen_dram,1772731289.972757,7.5944,61.14095711708069
cachegen_dram,1772731290.530509,7.5944,61.69870901107788
cachegen_dram,1772731290.654677,7.5944,61.822876930236816
cachegen_dram,1772731290.768998,7.5944,61.93719792366028
cachegen_dram,1772731290.883665,7.5944,62.051865100860596
cachegen_dram,1772731290.996945,7.5944,62.16514492034912
cachegen_dram,1772731291.117212,7.5944,62.285412073135376
cachegen_dram,1772731291.232314,7.5944,62.400514125823975
cachegen_dram,1772731291.343613,7.5944,62.511812925338745
cachegen_dram,1772731291.458177,7.5944,62.62637710571289
cachegen_dram,1772731291.574245,7.5944,62.74244499206543
cachegen_dram,1772731291.687266,7.5944,62.85546612739563
cachegen_dram,1772731291.801085,7.5944,62.969285011291504
cachegen_dram,1772731291.917436,7.5944,63.08563590049744
cachegen_dram,1772731292.06442,7.5944,63.23262000083923
cachegen_dram,1772731292.165139,7.5944,63.33333897590637
cachegen_dram,1772731292.265748,7.5944,63.433948040008545
cachegen_dram,1772731292.380512,7.5944,63.54871201515198
cachegen_dram,1772731292.491554,7.5944,63.659754037857056
cachegen_dram,1772731292.604724,7.5944,63.772923946380615
cachegen_dram,1772731292.735448,7.5944,63.903647899627686
cachegen_dram,1772731292.851173,7.5944,64.01937294006348
cachegen_dram,1772731292.983284,7.5944,64.15148401260376
cachegen_dram,1772731293.09635,7.5944,64.26454997062683
cachegen_dram,1772731293.211164,7.5944,64.37936401367188
cachegen_dram,1772731293.323678,7.5944,64.49187803268433
cachegen_dram,1772731293.4896,7.5944,64.65779995918274
cachegen_dram,1772731293.596454,7.5944,64.76465392112732
cachegen_dram,1772731293.724763,7.5944,64.89296293258667
cachegen_dram,1772731293.838528,7.5944,65.00672793388367
cachegen_dram,1772731293.956576,7.5944,65.12477612495422
cachegen_dram,1772731294.087581,7.5944,65.25578093528748
cachegen_dram,1772731294.217574,7.5944,65.38577389717102
cachegen_dram,1772731294.332129,7.5944,65.50032901763916
cachegen_dram,1772731294.446632,7.5944,65.61483192443848
cachegen_dram,1772731294.561522,7.5944,65.72972202301025
cachegen_dram,1772731294.703499,7.5944,65.87169909477234
cachegen_dram,1772731294.820732,7.5944,65.98893213272095
cachegen_dram,1772731294.937941,7.5944,66.10614109039307
cachegen_dram,1772731295.050001,7.5944,66.21820092201233
cachegen_dram,1772731295.168806,7.5944,66.33700609207153
cachegen_dram,1772731295.282849,7.5944,66.45104908943176
cachegen_dram,1772731295.399571,7.5944,66.56777095794678
cachegen_dram,1772731295.513254,7.5944,66.68145394325256
cachegen_dram,1772731295.624739,7.5944,66.79293894767761
cachegen_dram,1772731295.739267,7.5944,66.90746712684631
cachegen_dram,1772731295.853904,7.5944,67.02210402488708
cachegen_dram,1772731295.967792,7.5944,67.1359920501709
cachegen_dram,1772731296.082184,7.5944,67.25038409233093
cachegen_dram,1772731296.205069,7.5944,67.37326908111572
cachegen_dram,1772731296.323807,7.5944,67.49200701713562
cachegen_dram,1772731296.440858,7.5944,67.6090579032898
cachegen_dram,1772731296.554912,7.5944,67.72311210632324
cachegen_dram,1772731296.669079,7.5944,67.8372790813446
cachegen_dram,1772731296.783236,7.5944,67.95143604278564
cachegen_dram,1772731296.932701,7.5944,68.10090112686157
cachegen_dram,1772731297.036043,7.5944,68.20424294471741
cachegen_dram,1772731297.184837,7.5944,68.35303711891174
cachegen_dram,1772731297.285432,7.5944,68.45363211631775
cachegen_dram,1772731297.387083,7.5944,68.5552830696106
cachegen_dram,1772731297.489448,7.5944,68.65764808654785
cachegen_dram,1772731297.597162,7.5944,68.76536202430725
cachegen_dram,1772731297.71144,7.5944,68.87964010238647
cachegen_dram,1772731297.826651,7.5944,68.99485111236572
cachegen_dram,1772731297.938599,7.5944,69.10679912567139
cachegen_dram,1772731298.073831,7.5944,69.24203109741211
cachegen_dram,1772731298.19144,7.5944,69.35964012145996
cachegen_dram,1772731298.304541,7.5944,69.47274112701416
cachegen_dram,1772731298.434325,7.5944,69.60252499580383
cachegen_dram,1772731298.581147,7.5944,69.74934697151184
cachegen_dram,1772731298.730623,7.5944,69.89882302284241
cachegen_dram,1772731298.879337,7.5944,70.04753708839417
cachegen_dram,1772731298.983248,7.5944,70.15144801139832
cachegen_dram,1772731299.099609,7.5944,70.26780891418457
cachegen_dram,1772731299.215688,7.5944,70.38388800621033
cachegen_dram,1772731299.337168,7.5944,70.50536799430847
cachegen_dram,1772731299.452255,7.5944,70.62045502662659
cachegen_dram,1772731299.567426,7.5944,70.73562598228455
cachegen_dram,1772731299.700819,7.5944,70.86901903152466
cachegen_dram,1772731299.81744,7.5944,70.98564004898071
cachegen_dram,1772731299.928208,7.5944,71.0964081287384
cachegen_dram,1772731300.057229,7.5944,71.22542905807495
cachegen_dram,1772731300.170576,7.5944,71.33877611160278
cachegen_dram,1772731300.288917,7.5944,71.45711708068848
cachegen_dram,1772731300.396933,7.5944,71.5651330947876
cachegen_dram,1772731300.511199,7.5944,71.67939901351929
cachegen_dram,1772731300.626216,7.5944,71.79441595077515
cachegen_dram,1772731300.75697,7.5944,71.92516994476318
cachegen_dram,1772731300.868347,7.5944,72.0365469455719
cachegen_dram,1772731300.982782,7.5944,72.15098190307617
cachegen_dram,1772731301.096787,7.5944,72.26498699188232
cachegen_dram,1772731301.216261,7.5944,72.38446092605591
cachegen_dram,1772731301.329257,7.5944,72.4974570274353
cachegen_dram,1772731301.442384,7.5944,72.61058402061462
cachegen_dram,1772731301.558072,7.5944,72.72627210617065
cachegen_dram,1772731301.673175,7.5944,72.84137511253357
cachegen_dram,1772731301.785393,7.5944,72.95359301567078
cachegen_dram,1772731301.91676,7.5944,73.08495998382568
cachegen_dram,1772731302.022763,7.5944,73.19096302986145
cachegen_dram,1772731302.13133,7.5944,73.29953002929688
cachegen_dram,1772731302.243072,7.5944,73.4112720489502
cachegen_dram,1772731302.358971,7.5944,73.52717113494873
cachegen_dram,1772731302.470564,7.5944,73.63876390457153
cachegen_dram,1772731302.594637,7.5944,73.76283693313599
cachegen_dram,1772731302.714195,7.5944,73.882395029068
cachegen_dram,1772731302.830621,7.5944,73.99882102012634
cachegen_dram,1772731302.943935,7.5944,74.11213493347168
cachegen_dram,1772731303.061013,7.5944,74.22921299934387
cachegen_dram,1772731303.18417,7.5944,74.35237002372742
cachegen_dram,1772731303.30444,7.5944,74.47264003753662
cachegen_dram,1772731303.439397,7.5944,74.60759711265564
cachegen_dram,1772731303.546448,7.5944,74.71464800834656
cachegen_dram,1772731303.65835,7.5944,74.82655000686646
cachegen_dram,1772731303.810344,7.5944,74.97854399681091
cachegen_dram,1772731303.924606,7.5944,75.09280610084534
cachegen_dram,1772731304.041894,7.5944,75.21009397506714
cachegen_dram,1772731304.177605,7.5944,75.34580492973328
cachegen_dram,1772731304.293277,7.5944,75.4614770412445
cachegen_dram,1772731304.417118,7.5944,75.5853180885315
cachegen_dram,1772731304.556388,7.5944,75.72458791732788
cachegen_dram,1772731304.689311,7.5944,75.85751104354858
cachegen_dram,1772731305.036585,7.5944,76.20478510856628
cachegen_dram,1772731305.141374,7.5944,76.30957412719727
cachegen_dram,1772731305.258082,7.5944,76.42628192901611
cachegen_dram,1772731305.370058,7.5944,76.53825807571411
cachegen_dram,1772731305.485606,7.5944,76.65380597114563
cachegen_dram,1772731305.598895,7.5944,76.76709508895874
cachegen_dram,1772731305.712816,7.5944,76.88101601600647
cachegen_dram,1772731305.825404,7.5944,76.99360394477844
cachegen_dram,1772731305.961977,7.5944,77.13017702102661
cachegen_dram,1772731306.089187,7.5944,77.2573869228363
cachegen_dram,1772731306.2037,7.5944,77.37190008163452
cachegen_dram,1772731306.315403,7.5944,77.48360300064087
cachegen_dram,1772731306.433272,7.5944,77.60147190093994
cachegen_dram,1772731306.547809,7.5944,77.71600890159607
cachegen_dram,1772731306.663285,7.5944,77.83148503303528
cachegen_dram,1772731306.782053,7.5944,77.95025300979614
cachegen_dram,1772731306.951828,7.5944,78.12002801895142
cachegen_dram,1772731307.052743,7.5944,78.22094297409058
cachegen_dram,1772731307.16484,7.5944,78.33303999900818
cachegen_dram,1772731307.285269,7.5944,78.45346903800964
cachegen_dram,1772731307.401896,7.5944,78.57009601593018
cachegen_dram,1772731307.526783,7.5944,78.69498300552368
cachegen_dram,1772731307.641849,7.5944,78.81004905700684
cachegen_dram,1772731307.758889,7.5944,78.92708897590637
cachegen_dram,1772731307.904586,7.5944,79.07278609275818
cachegen_dram,1772731308.013245,7.5944,79.18144512176514
cachegen_dram,1772731308.122486,7.5944,79.29068613052368
cachegen_dram,1772731308.22361,7.5944,79.39180994033813
cachegen_dram,1772731308.337433,7.5944,79.50563311576843
cachegen_dram,1772731308.453228,7.5944,79.6214280128479
cachegen_dram,1772731308.567394,7.5944,79.73559403419495
cachegen_dram,1772731308.68283,7.5944,79.85103011131287
cachegen_dram,1772731308.795641,7.5944,79.9638409614563
cachegen_dram,1772731308.910476,7.5944,80.0786759853363
cachegen_dram,1772731309.025939,7.5944,80.19413900375366
cachegen_dram,1772731309.15877,7.5944,80.32697010040283
cachegen_dram,1772731309.25988,7.5944,80.4280800819397
cachegen_dram,1772731309.379221,7.5944,80.54742097854614
cachegen_dram,1772731309.497841,7.5944,80.66604089736938
cachegen_dram,1772731309.612677,7.5944,80.78087711334229
cachegen_dram,1772731309.732519,7.5944,80.90071892738342
cachegen_dram,1772731309.858063,7.5944,81.02626299858093
cachegen_dram,1772731310.018072,7.5944,81.18627190589905
cachegen_dram,1772731310.132941,7.5944,81.30114102363586
cachegen_dram,1772731310.2505,7.5944,81.4186999797821
cachegen_dram,1772731310.370074,7.5944,81.53827404975891
cachegen_dram,1772731310.477119,7.5944,81.64531898498535
cachegen_dram,1772731310.592666,7.5944,81.76086592674255
cachegen_dram,1772731310.73021,7.5944,81.8984100818634
cachegen_dram,1772731310.842715,7.5944,82.01091504096985
cachegen_dram,1772731310.958199,7.5944,82.12639904022217
cachegen_dram,1772731311.077302,7.5944,82.24550199508667
cachegen_dram,1772731311.199715,7.5944,82.36791491508484
cachegen_dram,1772731311.31553,7.5944,82.48373007774353
cachegen_dram,1772731311.430937,7.5944,82.5991370677948
cachegen_dram,1772731311.546793,7.5944,82.71499300003052
cachegen_dram,1772731311.662112,7.5944,82.8303120136261
cachegen_dram,1772731311.830851,7.5944,82.99905109405518
cachegen_dram,1772731311.931667,7.5944,83.09986710548401
cachegen_dram,1772731312.040091,7.5944,83.20829105377197
cachegen_dram,1772731312.141244,7.5944,83.30944395065308
cachegen_dram,1772731312.272754,7.5944,83.44095396995544
cachegen_dram,1772731312.42096,7.5944,83.58915996551514
cachegen_dram,1772731312.533704,7.5944,83.70190405845642
cachegen_dram,1772731312.641989,7.5944,83.81018900871277
cachegen_dram,1772731312.747994,7.5944,83.91619396209717
cachegen_dram,1772731312.856736,7.5944,84.02493596076965
cachegen_dram,1772731312.977916,7.5944,84.14611601829529
cachegen_dram,1772731313.095415,7.5944,84.26361513137817
cachegen_dram,1772731313.210455,7.5944,84.37865495681763
cachegen_dram,1772731313.326596,7.5944,84.49479603767395
cachegen_dram,1772731313.441288,7.5944,84.6094880104065
cachegen_dram,1772731313.566778,7.5944,84.73497796058655
cachegen_dram,1772731313.681764,7.5944,84.84996390342712
cachegen_dram,1772731313.79873,7.5944,84.96692991256714
cachegen_dram,1772731313.912507,7.5944,85.08070707321167
cachegen_dram,1772731314.028811,7.5944,85.19701099395752
cachegen_dram,1772731314.143329,7.5944,85.31152892112732
cachegen_dram,1772731314.258102,7.5944,85.42630195617676
cachegen_dram,1772731314.672498,7.5944,85.84069800376892
cachegen_dram,1772731314.776753,7.5944,85.94495296478271
cachegen_dram,1772731314.877785,7.5944,86.04598498344421
cachegen_dram,1772731314.978333,7.5944,86.14653301239014
cachegen_dram,1772731315.084284,7.5944,86.25248408317566
cachegen_dram,1772731315.187621,7.5944,86.35582113265991
cachegen_dram,1772731315.296069,7.5944,86.46426892280579
cachegen_dram,1772731315.411486,7.5944,86.57968592643738
cachegen_dram,1772731315.526981,7.5944,86.69518113136292
cachegen_dram,1772731315.64631,7.5944,86.8145101070404
cachegen_dram,1772731315.759509,7.5944,86.92770910263062
cachegen_dram,1772731315.877181,7.5944,87.04538106918335
cachegen_dram,1772731315.990306,7.5944,87.15850591659546
cachegen_dram,1772731316.110061,7.5944,87.2782609462738
cachegen_dram,1772731316.224808,7.5944,87.39300799369812
cachegen_dram,1772731316.343814,7.5944,87.51201391220093
cachegen_dram,1772731316.464189,7.5944,87.63238906860352
cachegen_dram,1772731316.578755,7.5944,87.74695491790771
cachegen_dram,1772731316.704004,7.5944,87.87220406532288
cachegen_dram,1772731316.82054,7.5944,87.98873996734619
cachegen_dram,1772731316.938024,7.5944,88.1062240600586
cachegen_dram,1772731317.054572,7.5944,88.22277212142944
cachegen_dram,1772731317.192446,7.5944,88.36064600944519
cachegen_dram,1772731317.308261,7.5944,88.4764609336853
cachegen_dram,1772731317.424818,7.5944,88.59301805496216
cachegen_dram,1772731317.541031,7.5944,88.70923089981079
cachegen_dram,1772731317.660239,7.5944,88.82843899726868
cachegen_dram,1772731317.802246,7.5944,88.97044610977173
cachegen_dram,1772731317.913905,7.5944,89.08210492134094
cachegen_dram,1772731318.023838,7.5944,89.19203805923462
cachegen_dram,1772731318.124342,7.5944,89.29254198074341
cachegen_dram,1772731318.239279,7.5944,89.40747904777527
cachegen_dram,1772731318.354258,7.5944,89.52245807647705
cachegen_dram,1772731318.469539,7.5944,89.63773894309998
cachegen_dram,1772731318.583613,7.5944,89.75181293487549
cachegen_dram,1772731318.698546,7.5944,89.8667459487915
cachegen_dram,1772731318.813049,7.5944,89.9812490940094
cachegen_dram,1772731318.928669,7.5944,90.0968689918518
cachegen_dram,1772731319.043018,7.5944,90.2112181186676
cachegen_dram,1772731319.163435,7.5944,90.33163499832153
cachegen_dram,1772731319.283878,7.5944,90.45207810401917
cachegen_dram,1772731319.41423,7.5944,90.58243012428284
cachegen_dram,1772731319.528507,7.5944,90.69670701026917
cachegen_dram,1772731319.644447,7.5944,90.8126471042633
cachegen_dram,1772731319.75979,7.5944,90.9279899597168
cachegen_dram,1772731319.873469,7.5944,91.04166913032532
cachegen_dram,1772731319.989314,7.5944,91.1575140953064
cachegen_dram,1772731320.104749,7.5944,91.27294898033142
cachegen_dram,1772731320.230155,7.5944,91.39835500717163
cachegen_dram,1772731320.345347,7.5944,91.51354694366455
cachegen_dram,1772731320.46114,7.5944,91.62933993339539
cachegen_dram,1772731320.58119,7.5944,91.74939012527466
cachegen_dram,1772731320.698222,7.5944,91.8664219379425
cachegen_dram,1772731320.824422,7.5944,91.99262189865112
cachegen_dram,1772731320.94106,7.5944,92.10926008224487
cachegen_dram,1772731321.089017,7.5944,92.2572169303894
cachegen_dram,1772731321.203354,7.5944,92.37155389785767
cachegen_dram,1772731321.319091,7.5944,92.48729109764099
cachegen_dram,1772731321.46376,7.5944,92.63195991516113
cachegen_dram,1772731321.592737,7.5944,92.76093697547913
cachegen_dram,1772731321.735404,7.5944,92.90360403060913
cachegen_dram,1772731321.849108,7.5944,93.01730799674988
cachegen_dram,1772731321.963646,7.5944,93.13184595108032
cachegen_dram,1772731322.081598,7.5944,93.2497980594635
cachegen_dram,1772731322.231461,7.5944,93.39966106414795
cachegen_dram,1772731322.332364,7.5944,93.50056409835815
cachegen_dram,1772731322.438322,7.5944,93.60652208328247
cachegen_dram,1772731322.770861,7.5944,93.93906092643738
cachegen_dram,1772731322.871489,7.5944,94.03968906402588
cachegen_dram,1772731323.020586,7.5944,94.18878602981567
cachegen_dram,1772731323.12694,7.5944,94.29514002799988
cachegen_dram,1772731323.227524,7.5944,94.39572405815125
cachegen_dram,1772731323.342326,7.5944,94.51052594184875
cachegen_dram,1772731323.459225,7.5944,94.62742495536804
cachegen_dram,1772731323.574136,7.5944,94.74233603477478
cachegen_dram,1772731323.690197,7.5944,94.85839700698853
cachegen_dram,1772731323.811665,7.5944,94.97986507415771
cachegen_dram,1772731323.926289,7.5944,95.09448909759521
cachegen_dram,1772731324.074512,7.5944,95.24271202087402
cachegen_dram,1772731324.21873,7.5944,95.38692998886108
cachegen_dram,1772731324.332886,7.5944,95.50108599662781
cachegen_dram,1772731324.447498,7.5944,95.61569809913635
cachegen_dram,1772731324.569068,7.5944,95.73726797103882
cachegen_dram,1772731324.684868,7.5944,95.85306811332703
cachegen_dram,1772731324.799412,7.5944,95.96761202812195
cachegen_dram,1772731324.915894,7.5944,96.08409404754639
cachegen_dram,1772731325.031678,7.5944,96.19987797737122
cachegen_dram,1772731325.149318,7.5944,96.31751799583435
cachegen_dram,1772731325.263721,7.5944,96.43192100524902
cachegen_dram,1772731325.378946,7.5944,96.54714608192444
cachegen_dram,1772731325.496496,7.5944,96.66469597816467
cachegen_dram,1772731325.672533,7.5944,96.84073305130005
cachegen_dram,1772731325.78058,7.5944,96.94878005981445
cachegen_dram,1772731325.911443,7.5944,97.07964301109314
cachegen_dram,1772731326.025595,7.5944,97.19379496574402
cachegen_dram,1772731326.126008,7.5944,97.29420804977417
cachegen_dram,1772731326.238807,7.5944,97.40700697898865
cachegen_dram,1772731326.35543,7.5944,97.52362990379333
cachegen_dram,1772731326.473999,7.5944,97.64219903945923
cachegen_dram,1772731326.589861,7.5944,97.75806093215942
cachegen_dram,1772731326.705439,7.5944,97.87363910675049
cachegen_dram,1772731326.875096,7.5944,98.0432960987091
cachegen_dram,1772731326.975675,7.5944,98.14387512207031
cachegen_dram,1772731327.076549,7.5944,98.24474906921387
cachegen_dram,1772731327.187575,7.5944,98.35577511787415
cachegen_dram,1772731327.303298,7.5944,98.47149801254272
cachegen_dram,1772731327.418524,7.5944,98.58672404289246
cachegen_dram,1772731327.535379,7.5944,98.70357894897461
cachegen_dram,1772731327.651341,7.5944,98.81954097747803
cachegen_dram,1772731327.766785,7.5944,98.93498492240906
cachegen_dram,1772731327.883146,7.5944,99.05134606361389
cachegen_dram,1772731327.997843,7.5944,99.1660430431366
cachegen_dram,1772731328.11529,7.5944,99.28348994255066
cachegen_dram,1772731328.230664,7.5944,99.39886403083801
cachegen_dram,1772731328.363144,7.5944,99.53134393692017
cachegen_dram,1772731328.474082,7.5944,99.64228200912476
cachegen_dram,1772731328.92361,7.5944,100.09180998802185
cachegen_dram,1772731329.026078,7.5944,100.19427800178528
cachegen_dram,1772731329.126424,7.5944,100.2946240901947
cachegen_dram,1772731329.231082,7.5944,100.39928197860718
cachegen_dram,1772731329.334752,7.5944,100.50295209884644
cachegen_dram,1772731329.448732,7.5944,100.6169319152832
cachegen_dram,1772731329.552726,7.5944,100.72092604637146
cachegen_dram,1772731329.672798,7.5944,100.84099793434143
cachegen_dram,1772731329.797374,7.5944,100.96557402610779
cachegen_dram,1772731329.913538,7.5944,101.0817379951477
cachegen_dram,1772731330.030275,7.5944,101.19847512245178
cachegen_dram,1772731330.144795,7.5944,101.31299495697021
cachegen_dram,1772731330.278739,7.5944,101.44693899154663
cachegen_dram,1772731330.379439,7.5944,101.54763913154602
cachegen_dram,1772731330.496311,7.5944,101.66451096534729
cachegen_dram,1772731330.610916,7.5944,101.77911591529846
cachegen_dram,1772731330.742738,7.5944,101.91093802452087
cachegen_dram,1772731330.860219,7.5944,102.02841901779175
cachegen_dram,1772731330.975571,7.5944,102.14377093315125
cachegen_dram,1772731331.09486,7.5944,102.26306009292603
cachegen_dram,1772731331.21329,7.5944,102.38148999214172
cachegen_dram,1772731331.327853,7.5944,102.49605298042297
cachegen_dram,1772731331.445185,7.5944,102.61338496208191
cachegen_dram,1772731331.560247,7.5944,102.72844696044922
cachegen_dram,1772731331.691172,7.5944,102.85937190055847
cachegen_dram,1772731331.807875,7.5944,102.97607493400574
cachegen_dram,1772731331.925596,7.5944,103.09379601478577
cachegen_dram,1772731332.040307,7.5944,103.20850706100464
cachegen_dram,1772731332.175497,7.5944,103.34369707107544
cachegen_dram,1772731332.281012,7.5944,103.44921207427979
cachegen_dram,1772731332.444533,7.5944,103.61273312568665
cachegen_dram,1772731332.554106,7.5944,103.7223060131073
cachegen_dram,1772731332.666396,7.5944,103.8345959186554
cachegen_dram,1772731332.766845,7.5944,103.93504500389099
cachegen_dram,1772731332.898367,7.5944,104.06656694412231
cachegen_dram,1772731333.015371,7.5944,104.18357110023499
cachegen_dram,1772731333.132326,7.5944,104.30052590370178
cachegen_dram,1772731333.267239,7.5944,104.43543910980225
cachegen_dram,1772731333.382353,7.5944,104.5505530834198
cachegen_dram,1772731333.497364,7.5944,104.66556406021118
cachegen_dram,1772731333.615104,7.5944,104.78330397605896
cachegen_dram,1772731333.732403,7.5944,104.90060305595398
cachegen_dram,1772731333.847537,7.5944,105.01573705673218
cachegen_dram,1772731333.996508,7.5944,105.16470789909363
cachegen_dram,1772731334.096832,7.5944,105.26503205299377
cachegen_dram,1772731334.212851,7.5944,105.3810510635376
cachegen_dram,1772731334.347843,7.5944,105.51604294776917
cachegen_dram,1772731334.494078,7.5944,105.66227793693542
cachegen_dram,1772731334.620584,7.5944,105.78878402709961
cachegen_dram,1772731334.736084,7.5944,105.90428400039673
cachegen_dram,1772731334.853192,7.5944,106.02139210700989
cachegen_dram,1772731334.970867,7.5944,106.13906693458557
cachegen_dram,1772731335.094368,7.5944,106.26256799697876
cachegen_dram,1772731335.20855,7.5944,106.3767499923706
cachegen_dram,1772731335.577181,7.5944,106.74538111686707
cachegen_dram,1772731335.686842,7.5944,106.85504198074341
cachegen_dram,1772731335.80368,7.5944,106.97187995910645
cachegen_dram,1772731335.918646,7.5944,107.08684611320496
cachegen_dram,1772731336.036382,7.5944,107.20458197593689
cachegen_dram,1772731336.154394,7.5944,107.32259392738342
cachegen_dram,1772731336.27053,7.5944,107.43873000144958
cachegen_dram,1772731336.394064,7.5944,107.56226396560669
cachegen_dram,1772731336.510487,7.5944,107.67868709564209
cachegen_dram,1772731336.657056,7.5944,107.82525610923767
cachegen_dram,1772731336.771317,7.5944,107.9395170211792
cachegen_dram,1772731336.875533,7.5944,108.0437331199646
cachegen_dram,1772731336.998362,7.5944,108.1665620803833
cachegen_dram,1772731337.135231,7.5944,108.30343103408813
cachegen_dram,1772731337.266822,7.5944,108.4350221157074
cachegen_dram,1772731337.367562,7.5944,108.5357620716095
cachegen_dram,1772731337.483288,7.5944,108.6514880657196
cachegen_dram,1772731337.599798,7.5944,108.7679979801178
cachegen_dram,1772731337.754017,7.5944,108.92221713066101
cachegen_dram,1772731337.855047,7.5944,109.0232470035553
cachegen_dram,1772731337.976287,7.5944,109.14448690414429
cachegen_dram,1772731338.09194,7.5944,109.26013994216919
cachegen_dram,1772731338.225782,7.5944,109.39398193359375
cachegen_dram,1772731338.343221,7.5944,109.5114209651947
cachegen_dram,1772731338.460649,7.5944,109.62884902954102
cachegen_dram,1772731338.576233,7.5944,109.74443292617798
cachegen_dram,1772731338.692697,7.5944,109.86089706420898
cachegen_dram,1772731338.809371,7.5944,109.9775710105896
cachegen_dram,1772731338.923333,7.5944,110.09153294563293
cachegen_dram,1772731339.040166,7.5944,110.20836591720581
cachegen_dram,1772731339.162207,7.5944,110.33040690422058
cachegen_dram,1772731339.286164,7.5944,110.45436406135559
cachegen_dram,1772731339.448611,7.5944,110.6168110370636
cachegen_dram,1772731339.549259,7.5944,110.71745896339417
cachegen_dram,1772731339.657985,7.5944,110.82618498802185
cachegen_dram,1772731339.769541,7.5944,110.93774104118347
cachegen_dram,1772731339.88162,7.5944,111.04981994628906
cachegen_dram,1772731340.000196,7.5944,111.16839599609375
cachegen_dram,1772731340.1229,7.5944,111.291100025177
cachegen_dram,1772731340.238011,7.5944,111.40621089935303
cachegen_dram,1772731340.35642,7.5944,111.52462005615234
cachegen_dram,1772731340.474089,7.5944,111.64228892326355
cachegen_dram,1772731340.593734,7.5944,111.76193404197693
cachegen_dram,1772731340.711541,7.5944,111.87974095344543
cachegen_dram,1772731340.826925,7.5944,111.99512505531311
cachegen_dram,1772731341.215636,7.5944,112.38383603096008
cachegen_dram,1772731341.316236,7.5944,112.48443603515625
cachegen_dram,1772731341.419194,7.5944,112.58739399909973
cachegen_dram,1772731341.521845,7.5944,112.69004511833191
cachegen_dram,1772731341.639544,7.5944,112.80774402618408
cachegen_dram,1772731341.756339,7.5944,112.92453908920288
cachegen_dram,1772731341.875319,7.5944,113.04351902008057
cachegen_dram,1772731341.989816,7.5944,113.1580159664154
cachegen_dram,1772731342.108867,7.5944,113.27706694602966
cachegen_dram,1772731342.226739,7.5944,113.39493894577026
cachegen_dram,1772731342.36381,7.5944,113.53201007843018
cachegen_dram,1772731342.498745,7.5944,113.66694498062134
cachegen_dram,1772731342.616775,7.5944,113.78497505187988
cachegen_dram,1772731342.729053,7.5944,113.89725303649902
cachegen_dram,1772731342.831041,7.5944,113.99924111366272
cachegen_dram,1772731342.944848,7.5944,114.11304807662964
cachegen_dram,1772731343.076428,7.5944,114.24462795257568
cachegen_dram,1772731343.19248,7.5944,114.360680103302
cachegen_dram,1772731343.328619,7.5944,114.49681901931763
cachegen_dram,1772731343.428825,7.5944,114.59702491760254
cachegen_dram,1772731343.542559,7.5944,114.71075892448425
cachegen_dram,1772731343.678582,7.5944,114.84678196907043
cachegen_dram,1772731343.824173,7.5944,114.99237298965454
cachegen_dram,1772731343.941987,7.5944,115.11018705368042
cachegen_dram,1772731344.070167,7.5944,115.23836708068848
cachegen_dram,1772731344.259518,7.5944,115.42771792411804
cachegen_dram,1772731344.360052,7.5944,115.52825212478638
cachegen_dram,1772731344.467273,7.5944,115.6354730129242
cachegen_dram,1772731344.568396,7.5944,115.73659610748291
cachegen_dram,1772731344.680428,7.5944,115.84862804412842
cachegen_dram,1772731344.81689,7.5944,115.98509001731873
cachegen_dram,1772731344.917756,7.5944,116.08595609664917
cachegen_dram,1772731345.068627,7.5944,116.23682713508606
cachegen_dram,1772731345.16981,7.5944,116.33801007270813
cachegen_dram,1772731345.270544,7.5944,116.43874406814575
cachegen_dram,1772731345.403621,7.5944,116.57182097434998
cachegen_dram,1772731345.514423,7.5944,116.6826229095459
cachegen_dram,1772731345.64437,7.5944,116.81257009506226
cachegen_dram,1772731345.761261,7.5944,116.92946100234985
cachegen_dram,1772731345.908711,7.5944,117.07691097259521
cachegen_dram,1772731346.021909,7.5944,117.19010901451111
cachegen_dram,1772731346.122544,7.5944,117.2907440662384
cachegen_dram,1772731346.23807,7.5944,117.40627002716064
cachegen_dram,1772731346.37702,7.5944,117.54521989822388
cachegen_dram,1772731346.493817,7.5944,117.66201710700989
cachegen_dram,1772731346.818755,7.5944,117.98695492744446
cachegen_dram,1772731346.93973,7.5944,118.10792994499207
cachegen_dram,1772731347.05813,7.5944,118.22633004188538
cachegen_dram,1772731347.173957,7.5944,118.34215712547302
cachegen_dram,1772731347.293189,7.5944,118.46138906478882
cachegen_dram,1772731347.410297,7.5944,118.5784969329834
cachegen_dram,1772731347.532404,7.5944,118.70060396194458
cachegen_dram,1772731347.648751,7.5944,118.81695103645325
cachegen_dram,1772731347.76742,7.5944,118.93562006950378
cachegen_dram,1772731347.885339,7.5944,119.05353903770447
cachegen_dram,1772731348.002021,7.5944,119.17022109031677
cachegen_dram,1772731348.118753,7.5944,119.28695297241211
cachegen_dram,1772731348.237123,7.5944,119.40532302856445
cachegen_dram,1772731348.355461,7.5944,119.52366089820862
cachegen_dram,1772731348.520486,7.5944,119.68868613243103
cachegen_dram,1772731348.644167,7.5944,119.81236696243286
cachegen_dram,1772731348.773735,7.5944,119.94193506240845
cachegen_dram,1772731348.891393,7.5944,120.05959296226501
cachegen_dram,1772731349.00916,7.5944,120.17736005783081
cachegen_dram,1772731349.145654,7.5944,120.31385397911072
cachegen_dram,1772731349.246471,7.5944,120.41467094421387
cachegen_dram,1772731349.364472,7.5944,120.53267192840576
cachegen_dram,1772731349.480646,7.5944,120.648845911026
cachegen_dram,1772731349.607089,7.5944,120.7752890586853
cachegen_dram,1772731349.725499,7.5944,120.89369893074036
cachegen_dram,1772731349.844026,7.5944,121.01222610473633
cachegen_dram,1772731349.961365,7.5944,121.12956500053406
cachegen_dram,1772731350.079285,7.5944,121.24748492240906
cachegen_dram,1772731350.216787,7.5944,121.38498711585999
cachegen_dram,1772731350.318922,7.5944,121.48712205886841
cachegen_dram,1772731350.434512,7.5944,121.60271191596985
cachegen_dram,1772731350.595171,7.5944,121.76337099075317
cachegen_dram,1772731350.701023,7.5944,121.86922311782837
cachegen_dram,1772731350.824214,7.5944,121.99241399765015
cachegen_dram,1772731350.981262,7.5944,122.1494619846344
cachegen_dram,1772731351.104498,7.5944,122.27269792556763
cachegen_dram,1772731351.221475,7.5944,122.38967490196228
cachegen_dram,1772731351.339027,7.5944,122.50722694396973
cachegen_dram,1772731351.620875,7.5944,122.78907489776611
cachegen_dram,1772731351.73981,7.5944,122.90801000595093
cachegen_dram,1772731351.856129,7.5944,123.02432894706726
cachegen_dram,1772731351.993102,7.5944,123.16130208969116
cachegen_dram,1772731352.114798,7.5944,123.28299808502197
cachegen_dram,1772731352.232043,7.5944,123.40024304389954
cachegen_dram,1772731352.382401,7.5944,123.5506010055542
cachegen_dram,1772731352.491462,7.5944,123.65966200828552
cachegen_dram,1772731352.607663,7.5944,123.7758629322052
cachegen_dram,1772731352.720455,7.5944,123.88865494728088
cachegen_dram,1772731352.822025,7.5944,123.99022507667542
cachegen_dram,1772731352.937873,7.5944,124.10607290267944
cachegen_dram,1772731353.055716,7.5944,124.22391605377197
cachegen_dram,1772731353.174432,7.5944,124.34263205528259
cachegen_dram,1772731353.29125,7.5944,124.45945000648499
cachegen_dram,1772731353.412647,7.5944,124.5808470249176
cachegen_dram,1772731353.532348,7.5944,124.70054793357849
cachegen_dram,1772731353.652812,7.5944,124.82101202011108
cachegen_dram,1772731353.769768,7.5944,124.93796801567078
cachegen_dram,1772731353.920558,7.5944,125.08875799179077
cachegen_dram,1772731354.02116,7.5944,125.18935990333557
cachegen_dram,1772731354.167333,7.5944,125.33553290367126
cachegen_dram,1772731354.267838,7.5944,125.43603801727295
cachegen_dram,1772731354.375052,7.5944,125.54325199127197
cachegen_dram,1772731354.476366,7.5944,125.64456605911255
cachegen_dram,1772731354.595663,7.5944,125.76386308670044
cachegen_dram,1772731354.745539,7.5944,125.91373896598816
cachegen_dram,1772731354.848878,7.5944,126.01707792282104
cachegen_dram,1772731354.970964,7.5944,126.13916397094727
cachegen_dram,1772731355.083329,7.5944,126.25152897834778
cachegen_dram,1772731355.186162,7.5944,126.35436201095581
cachegen_dram,1772731355.308605,7.5944,126.47680497169495
cachegen_dram,1772731355.425302,7.5944,126.59350204467773
cachegen_dram,1772731355.635456,7.5944,126.8036561012268
cachegen_dram,1772731355.737589,7.5944,126.90578889846802
cachegen_dram,1772731355.839731,7.5944,127.00793099403381
cachegen_dram,1772731356.17932,7.5944,127.34752011299133
cachegen_dram,1772731356.28501,7.5944,127.45321011543274
cachegen_dram,1772731356.395977,7.5944,127.5641770362854
cachegen_dram,1772731356.514337,7.5944,127.68253707885742
cachegen_dram,1772731356.630735,7.5944,127.79893493652344
cachegen_dram,1772731356.748561,7.5944,127.91676092147827
cachegen_dram,1772731356.866202,7.5944,128.0344021320343
cachegen_dram,1772731356.986618,7.5944,128.15481805801392
cachegen_dram,1772731357.105327,7.5944,128.27352690696716
cachegen_dram,1772731357.236715,7.5944,128.4049150943756
cachegen_dram,1772731357.355772,7.5944,128.52397203445435
cachegen_dram,1772731357.473639,7.5944,128.64183902740479
cachegen_dram,1772731357.593674,7.5944,128.761873960495
cachegen_dram,1772731357.721465,7.5944,128.88966512680054
cachegen_dram,1772731357.852659,7.5944,129.02085900306702
cachegen_dram,1772731357.962795,7.5944,129.1309950351715
cachegen_dram,1772731358.081625,7.5944,129.24982500076294
cachegen_dram,1772731358.202753,7.5944,129.37095308303833
cachegen_dram,1772731358.321579,7.5944,129.48977899551392
cachegen_dram,1772731358.456179,7.5944,129.62437891960144
cachegen_dram,1772731358.577422,7.5944,129.74562191963196
cachegen_dram,1772731358.73067,7.5944,129.8988699913025
cachegen_dram,1772731358.835622,7.5944,130.00382208824158
cachegen_dram,1772731358.953526,7.5944,130.12172603607178
cachegen_dram,1772731359.073332,7.5944,130.24153208732605
cachegen_dram,1772731359.18789,7.5944,130.35609006881714
cachegen_dram,1772731359.305558,7.5944,130.47375798225403
cachegen_dram,1772731359.42431,7.5944,130.5925099849701
cachegen_dram,1772731359.542197,7.5944,130.71039700508118
cachegen_dram,1772731359.672884,7.5944,130.8410840034485
cachegen_dram,1772731359.818167,7.5944,130.9863669872284
cachegen_dram,1772731359.92922,7.5944,131.0974199771881
cachegen_dram,1772731360.061253,7.5944,131.22945308685303
cachegen_dram,1772731360.193678,7.5944,131.3618779182434
cachegen_dram,1772731360.531349,7.5944,131.69954895973206
cachegen_dram,1772731360.646964,7.5944,131.81516408920288
cachegen_dram,1772731360.765038,7.5944,131.93323802947998
cachegen_dram,1772731360.899619,7.5944,132.06781911849976
cachegen_dram,1772731361.019083,7.5944,132.18728303909302
cachegen_dram,1772731361.150891,7.5944,132.31909108161926
cachegen_dram,1772731361.266946,7.5944,132.43514609336853
cachegen_dram,1772731361.387359,7.5944,132.55555891990662
cachegen_dram,1772731361.518209,7.5944,132.68640899658203
cachegen_dram,1772731361.631401,7.5944,132.79960107803345
cachegen_dram,1772731361.748808,7.5944,132.91700792312622
cachegen_dram,1772731361.868411,7.5944,133.03661108016968
cachegen_dram,1772731361.986871,7.5944,133.15507102012634
cachegen_dram,1772731362.104987,7.5944,133.27318692207336
cachegen_dram,1772731362.221629,7.5944,133.38982892036438
cachegen_dram,1772731362.347915,7.5944,133.51611495018005
cachegen_dram,1772731362.468991,7.5944,133.6371910572052
cachegen_dram,1772731362.585522,7.5944,133.75372195243835
cachegen_dram,1772731362.702302,7.5944,133.87050199508667
cachegen_dram,1772731362.819669,7.5944,133.98786902427673
cachegen_dram,1772731362.936501,7.5944,134.1047010421753
cachegen_dram,1772731363.069391,7.5944,134.2375910282135
cachegen_dram,1772731363.186434,7.5944,134.35463404655457
cachegen_dram,1772731363.305383,7.5944,134.47358298301697
cachegen_dram,1772731363.421577,7.5944,134.58977699279785
cachegen_dram,1772731363.539839,7.5944,134.70803904533386
cachegen_dram,1772731363.661011,7.5944,134.8292109966278
cachegen_dram,1772731364.102208,7.5944,135.27040791511536
cachegen_dram,1772731364.205618,7.5944,135.37381792068481
cachegen_dram,1772731364.305968,7.5944,135.47416806221008
cachegen_dram,1772731364.406657,7.5944,135.57485699653625
cachegen_dram,1772731364.515351,7.5944,135.68355107307434
cachegen_dram,1772731364.617939,7.5944,135.78613901138306
cachegen_dram,1772731364.738521,7.5944,135.9067211151123
cachegen_dram,1772731364.855228,7.5944,136.02342796325684
cachegen_dram,1772731364.988466,7.5944,136.15666604042053
cachegen_dram,1772731365.105461,7.5944,136.27366089820862
cachegen_dram,1772731365.228364,7.5944,136.39656400680542
cachegen_dram,1772731365.378367,7.5944,136.5465669631958
cachegen_dram,1772731365.486673,7.5944,136.6548731327057
cachegen_dram,1772731365.587657,7.5944,136.7558569908142
cachegen_dram,1772731365.719919,7.5944,136.88811898231506
cachegen_dram,1772731365.871529,7.5944,137.03972911834717
cachegen_dram,1772731365.977237,7.5944,137.145437002182
cachegen_dram,1772731366.078821,7.5944,137.24702095985413
cachegen_dram,1772731366.194881,7.5944,137.36308097839355
cachegen_dram,1772731366.313406,7.5944,137.48160600662231
cachegen_dram,1772731366.431875,7.5944,137.60007500648499
cachegen_dram,1772731366.597949,7.5944,137.76614904403687
cachegen_dram,1772731366.708795,7.5944,137.87699508666992
cachegen_dram,1772731366.808957,7.5944,137.97715711593628
cachegen_dram,1772731366.925241,7.5944,138.09344100952148
cachegen_dram,1772731367.05007,7.5944,138.21827006340027
cachegen_dram,1772731367.18157,7.5944,138.34977006912231
cachegen_dram,1772731367.534834,7.5944,138.70303392410278
cachegen_dram,1772731367.638775,7.5944,138.80697512626648
cachegen_dram,1772731367.75378,7.5944,138.9219799041748
cachegen_dram,1772731367.872439,7.5944,139.04063892364502
cachegen_dram,1772731367.991586,7.5944,139.15978598594666
cachegen_dram,1772731368.11064,7.5944,139.27884006500244
cachegen_dram,1772731368.243021,7.5944,139.41122102737427
cachegen_dram,1772731368.360003,7.5944,139.52820301055908
cachegen_dram,1772731368.478945,7.5944,139.6471450328827
cachegen_dram,1772731368.598856,7.5944,139.76705598831177
cachegen_dram,1772731368.716181,7.5944,139.8843810558319
cachegen_dram,1772731368.834757,7.5944,140.0029571056366
cachegen_dram,1772731368.969222,7.5944,140.13742208480835
cachegen_dram,1772731369.102249,7.5944,140.27044892311096
cachegen_dram,1772731369.223603,7.5944,140.39180302619934
cachegen_dram,1772731369.355192,7.5944,140.5233919620514
cachegen_dram,1772731369.472605,7.5944,140.64080500602722
cachegen_dram,1772731369.591289,7.5944,140.75948905944824
cachegen_dram,1772731369.739666,7.5944,140.90786600112915
cachegen_dram,1772731369.848747,7.5944,141.01694703102112
cachegen_dram,1772731369.966299,7.5944,141.13449907302856
cachegen_dram,1772731370.067315,7.5944,141.23551511764526
cachegen_dram,1772731370.201075,7.5944,141.3692750930786
cachegen_dram,1772731370.338269,7.5944,141.50646901130676
cachegen_dram,1772731370.52353,7.5944,141.69173002243042
cachegen_dram,1772731370.624593,7.5944,141.7927930355072
cachegen_dram,1772731370.728121,7.5944,141.89632105827332
cachegen_dram,1772731370.828377,7.5944,141.99657702445984
cachegen_dram,1772731370.947919,7.5944,142.11611890792847
cachegen_dram,1772731371.287717,7.5944,142.45591711997986
cachegen_dram,1772731371.414214,7.5944,142.58241391181946
cachegen_dram,1772731371.533257,7.5944,142.7014570236206
cachegen_dram,1772731371.650501,7.5944,142.81870102882385
cachegen_dram,1772731371.769616,7.5944,142.9378159046173
cachegen_dram,1772731371.888449,7.5944,143.05664896965027
cachegen_dram,1772731372.026193,7.5944,143.1943929195404
cachegen_dram,1772731372.127457,7.5944,143.29565691947937
cachegen_dram,1772731372.254704,7.5944,143.4229040145874
cachegen_dram,1772731372.376046,7.5944,143.54424595832825
cachegen_dram,1772731372.513285,7.5944,143.68148493766785
cachegen_dram,1772731372.630337,7.5944,143.79853701591492
cachegen_dram,1772731372.751426,7.5944,143.91962599754333
cachegen_dram,1772731372.86935,7.5944,144.03754997253418
cachegen_dram,1772731372.989856,7.5944,144.1580560207367
cachegen_dram,1772731373.110346,7.5944,144.2785460948944
cachegen_dram,1772731373.262821,7.5944,144.43102097511292
cachegen_dram,1772731373.392725,7.5944,144.56092500686646
cachegen_dram,1772731373.511906,7.5944,144.68010592460632
cachegen_dram,1772731373.684899,7.5944,144.8530991077423
cachegen_dram,1772731373.787935,7.5944,144.95613503456116
cachegen_dram,1772731373.888195,7.5944,145.05639505386353
cachegen_dram,1772731374.018087,7.5944,145.18628692626953
cachegen_dram,1772731374.135138,7.5944,145.30333805084229
cachegen_dram,1772731374.253274,7.5944,145.42147397994995
cachegen_dram,1772731374.371815,7.5944,145.5400149822235
cachegen_dram,1772731374.491171,7.5944,145.65937089920044
cachegen_dram,1772731374.609869,7.5944,145.77806901931763
cachegen_dram,1772731374.780879,7.5944,145.94907903671265
cachegen_dram,1772731375.043253,7.5944,146.21145296096802
cachegen_dram,1772731375.194058,7.5944,146.3622579574585
cachegen_dram,1772731375.294857,7.5944,146.4630570411682
cachegen_dram,1772731375.416631,7.5944,146.5848309993744
cachegen_dram,1772731375.550176,7.5944,146.7183759212494
cachegen_dram,1772731375.678514,7.5944,146.8467140197754
cachegen_dram,1772731375.800414,7.5944,146.9686141014099
cachegen_dram,1772731375.931506,7.5944,147.09970593452454
cachegen_dram,1772731376.056217,7.5944,147.22441697120667
cachegen_dram,1772731376.176182,7.5944,147.3443820476532
cachegen_dram,1772731376.294693,7.5944,147.4628930091858
cachegen_dram,1772731376.412752,7.5944,147.5809519290924
cachegen_dram,1772731376.531799,7.5944,147.6999990940094
cachegen_dram,1772731376.65012,7.5944,147.81832003593445
cachegen_dram,1772731376.785366,7.5944,147.95356607437134
cachegen_dram,1772731376.889815,7.5944,148.05801510810852
cachegen_dram,1772731377.007436,7.5944,148.17563605308533
cachegen_dram,1772731377.125921,7.5944,148.2941210269928
cachegen_dram,1772731377.24449,7.5944,148.4126899242401
cachegen_dram,1772731377.417544,7.5944,148.58574390411377
cachegen_dram,1772731377.51976,7.5944,148.6879599094391
cachegen_dram,1772731377.639985,7.5944,148.80818510055542
cachegen_dram,1772731377.75809,7.5944,148.9262900352478
cachegen_dram,1772731377.880491,7.5944,149.04869103431702
cachegen_dram,1772731378.028836,7.5944,149.19703602790833
cachegen_dram,1772731378.136568,7.5944,149.30476808547974
cachegen_dram,1772731378.266621,7.5944,149.43482112884521
cachegen_dram,1772731378.384969,7.5944,149.5531690120697
cachegen_dram,1772731378.504555,7.5944,149.67275500297546
cachegen_dram,1772731378.893196,7.5944,150.06139612197876
cachegen_dram,1772731378.994286,7.5944,150.16248607635498
cachegen_dram,1772731379.094933,7.5944,150.26313304901123
cachegen_dram,1772731379.195224,7.5944,150.36342406272888
cachegen_dram,1772731379.313573,7.5944,150.48177289962769
cachegen_dram,1772731379.436971,7.5944,150.6051709651947
cachegen_dram,1772731379.559143,7.5944,150.72734308242798
cachegen_dram,1772731379.676838,7.5944,150.8450379371643
cachegen_dram,1772731379.795745,7.5944,150.9639449119568
cachegen_dram,1772731379.915326,7.5944,151.08352613449097
cachegen_dram,1772731380.034036,7.5944,151.20223593711853
cachegen_dram,1772731380.152672,7.5944,151.32087206840515
cachegen_dram,1772731380.271279,7.5944,151.43947911262512
cachegen_dram,1772731380.390266,7.5944,151.5584659576416
cachegen_dram,1772731380.511085,7.5944,151.67928504943848
cachegen_dram,1772731380.655909,7.5944,151.8241090774536
cachegen_dram,1772731380.772964,7.5944,151.94116401672363
cachegen_dram,1772731380.941297,7.5944,152.1094970703125
cachegen_dram,1772731381.043058,7.5944,152.2112579345703
cachegen_dram,1772731381.163062,7.5944,152.33126211166382
cachegen_dram,1772731381.289566,7.5944,152.4577660560608
cachegen_dram,1772731381.409771,7.5944,152.5779709815979
cachegen_dram,1772731381.554963,7.5944,152.72316312789917
cachegen_dram,1772731381.670052,7.5944,152.83825206756592
cachegen_dram,1772731381.793674,7.5944,152.9618740081787
cachegen_dram,1772731381.910026,7.5944,153.07822608947754
cachegen_dram,1772731382.028882,7.5944,153.1970820426941
cachegen_dram,1772731382.166085,7.5944,153.33428502082825
cachegen_dram,1772731382.520625,7.5944,153.68882513046265
cachegen_dram,1772731382.631938,7.5944,153.80013799667358
cachegen_dram,1772731382.752445,7.5944,153.92064499855042
cachegen_dram,1772731382.872352,7.5944,154.04055190086365
cachegen_dram,1772731382.991502,7.5944,154.1597020626068
cachegen_dram,1772731383.110275,7.5944,154.27847504615784
cachegen_dram,1772731383.228048,7.5944,154.3962481021881
cachegen_dram,1772731383.346393,7.5944,154.51459312438965
cachegen_dram,1772731383.466039,7.5944,154.63423895835876
cachegen_dram,1772731383.596167,7.5944,154.76436710357666
cachegen_dram,1772731383.715205,7.5944,154.88340497016907
cachegen_dram,1772731383.871674,7.5944,155.03987407684326
cachegen_dram,1772731383.976459,7.5944,155.1446590423584
cachegen_dram,1772731384.076862,7.5944,155.24506211280823
cachegen_dram,1772731384.204648,7.5944,155.37284803390503
cachegen_dram,1772731384.321793,7.5944,155.48999309539795
cachegen_dram,1772731384.441586,7.5944,155.60978603363037
cachegen_dram,1772731384.579818,7.5944,155.74801802635193
cachegen_dram,1772731384.701146,7.5944,155.8693459033966
cachegen_dram,1772731384.822892,7.5944,155.99109196662903
cachegen_dram,1772731384.935176,7.5944,156.10337591171265
cachegen_dram,1772731385.05883,7.5944,156.22703003883362
cachegen_dram,1772731385.17784,7.5944,156.34604001045227
cachegen_dram,1772731385.295701,7.5944,156.46390104293823
cachegen_dram,1772731385.414811,7.5944,156.58301091194153
cachegen_dram,1772731385.860942,7.5944,157.02914190292358
cachegen_dram,1772731385.962322,7.5944,157.13052201271057
cachegen_dram,1772731386.076417,7.5944,157.24461698532104
cachegen_dram,1772731386.186172,7.5944,157.35437202453613
cachegen_dram,1772731386.289736,7.5944,157.4579360485077
cachegen_dram,1772731386.424229,7.5944,157.5924289226532
cachegen_dram,1772731386.528567,7.5944,157.6967670917511
cachegen_dram,1772731386.643684,7.5944,157.8118839263916
cachegen_dram,1772731386.761847,7.5944,157.93004703521729
cachegen_dram,1772731386.882948,7.5944,158.05114793777466
cachegen_dram,1772731387.017387,7.5944,158.1855869293213
cachegen_dram,1772731387.156158,7.5944,158.3243579864502
cachegen_dram,1772731387.259924,7.5944,158.42812395095825
cachegen_dram,1772731387.396085,7.5944,158.56428503990173
cachegen_dram,1772731387.560572,7.5944,158.72877192497253
cachegen_dram,1772731387.664626,7.5944,158.83282589912415
cachegen_dram,1772731387.782343,7.5944,158.95054292678833
cachegen_dram,1772731387.9004,7.5944,159.0685999393463
cachegen_dram,1772731388.019997,7.5944,159.1881968975067
cachegen_dram,1772731388.139838,7.5944,159.30803799629211
cachegen_dram,1772731388.262011,7.5944,159.4302110671997
cachegen_dram,1772731388.378927,7.5944,159.5471270084381
cachegen_dram,1772731388.500208,7.5944,159.6684079170227
cachegen_dram,1772731388.630639,7.5944,159.79883909225464
cachegen_dram,1772731388.762594,7.5944,159.9307940006256
cachegen_dram,1772731388.8828,7.5944,160.05100011825562
cachegen_dram,1772731389.190491,7.5944,160.35869097709656
cachegen_dram,1772731389.308005,7.5944,160.47620511054993
cachegen_dram,1772731389.429812,7.5944,160.59801197052002
cachegen_dram,1772731389.549412,7.5944,160.71761202812195
cachegen_dram,1772731389.668386,7.5944,160.83658599853516
cachegen_dram,1772731389.787064,7.5944,160.9552640914917
cachegen_dram,1772731389.924517,7.5944,161.09271693229675
cachegen_dram,1772731390.046128,7.5944,161.2143280506134
cachegen_dram,1772731390.181278,7.5944,161.34947800636292
cachegen_dram,1772731390.337801,7.5944,161.506000995636
cachegen_dram,1772731390.439845,7.5944,161.60804510116577
cachegen_dram,1772731390.544844,7.5944,161.71304392814636
cachegen_dram,1772731390.662717,7.5944,161.83091711997986
cachegen_dram,1772731390.792113,7.5944,161.96031308174133
cachegen_dram,1772731390.93101,7.5944,162.09921002388
cachegen_dram,1772731391.050269,7.5944,162.21846890449524
cachegen_dram,1772731391.169242,7.5944,162.33744192123413
cachegen_dram,1772731391.289871,7.5944,162.45807099342346
cachegen_dram,1772731391.439963,7.5944,162.60816311836243
cachegen_dram,1772731391.554246,7.5944,162.72244596481323
cachegen_dram,1772731391.660339,7.5944,162.8285391330719
cachegen_dram,1772731391.799829,7.5944,162.9680290222168
cachegen_dram,1772731391.905045,7.5944,163.07324504852295
cachegen_dram,1772731392.038577,7.5944,163.20677709579468
cachegen_dram,1772731392.401448,7.5944,163.56964802742004
cachegen_dram,1772731392.509493,7.5944,163.67769312858582
cachegen_dram,1772731392.62843,7.5944,163.79662990570068
cachegen_dram,1772731392.74793,7.5944,163.91613006591797
cachegen_dram,1772731392.867992,7.5944,164.03619194030762
cachegen_dram,1772731392.988364,7.5944,164.15656399726868
cachegen_dram,1772731393.119284,7.5944,164.28748393058777
cachegen_dram,1772731393.233869,7.5944,164.40206909179688
cachegen_dram,1772731393.353934,7.5944,164.52213406562805
cachegen_dram,1772731393.488801,7.5944,164.65700101852417
cachegen_dram,1772731393.627763,7.5944,164.79596304893494
cachegen_dram,1772731393.760206,7.5944,164.92840600013733
cachegen_dram,1772731393.866428,7.5944,165.0346279144287
cachegen_dram,1772731394.002262,7.5944,165.17046213150024
cachegen_dram,1772731394.168714,7.5944,165.3369140625
cachegen_dram,1772731394.269227,7.5944,165.4374270439148
cachegen_dram,1772731394.378206,7.5944,165.5464060306549
cachegen_dram,1772731394.495532,7.5944,165.66373205184937
cachegen_dram,1772731394.611233,7.5944,165.77943301200867
cachegen_dram,1772731394.733997,7.5944,165.90219712257385
cachegen_dram,1772731394.852729,7.5944,166.02092909812927
cachegen_dram,1772731394.973924,7.5944,166.1421239376068
cachegen_dram,1772731395.415328,7.5944,166.5835280418396
cachegen_dram,1772731395.516169,7.5944,166.68436908721924
cachegen_dram,1772731395.618357,7.5944,166.78655695915222
cachegen_dram,1772731395.718871,7.5944,166.8870711326599
cachegen_dram,1772731395.825983,7.5944,166.99418306350708
cachegen_dram,1772731395.932722,7.5944,167.10092210769653
cachegen_dram,1772731396.055219,7.5944,167.22341895103455
cachegen_dram,1772731396.188609,7.5944,167.35680890083313
cachegen_dram,1772731396.294778,7.5944,167.46297812461853
cachegen_dram,1772731396.415494,7.5944,167.58369398117065
cachegen_dram,1772731396.562204,7.5944,167.73040390014648
cachegen_dram,1772731396.696976,7.5944,167.86517596244812
cachegen_dram,1772731396.812018,7.5944,167.98021793365479
cachegen_dram,1772731396.931206,7.5944,168.09940600395203
cachegen_dram,1772731397.051398,7.5944,168.21959805488586
cachegen_dram,1772731397.17176,7.5944,168.3399600982666
cachegen_dram,1772731397.292267,7.5944,168.46046710014343
cachegen_dram,1772731397.411475,7.5944,168.57967495918274
cachegen_dram,1772731397.531734,7.5944,168.6999340057373
cachegen_dram,1772731397.654365,7.5944,168.82256507873535
cachegen_dram,1772731397.773375,7.5944,168.941575050354
cachegen_dram,1772731397.891516,7.5944,169.05971598625183
cachegen_dram,1772731398.048875,7.5944,169.2170751094818
cachegen_dram,1772731398.389371,7.5944,169.55757093429565
cachegen_dram,1772731398.499379,7.5944,169.66757893562317
cachegen_dram,1772731398.60265,7.5944,169.770849943161
cachegen_dram,1772731398.723504,7.5944,169.891704082489
cachegen_dram,1772731398.861876,7.5944,170.0300760269165
cachegen_dram,1772731398.966049,7.5944,170.1342489719391
cachegen_dram,1772731399.087245,7.5944,170.25544500350952
cachegen_dram,1772731399.20467,7.5944,170.3728699684143
cachegen_dram,1772731399.324148,7.5944,170.49234795570374
cachegen_dram,1772731399.445812,7.5944,170.61401200294495
cachegen_dram,1772731399.595816,7.5944,170.76401591300964
cachegen_dram,1772731399.71266,7.5944,170.88086009025574
cachegen_dram,1772731399.833187,7.5944,171.0013871192932
cachegen_dram,1772731399.953482,7.5944,171.12168192863464
cachegen_dram,1772731400.077033,7.5944,171.24523305892944
cachegen_dram,1772731400.201585,7.5944,171.3697850704193
cachegen_dram,1772731400.357665,7.5944,171.5258650779724
cachegen_dram,1772731400.461378,7.5944,171.6295781135559
cachegen_dram,1772731400.593047,7.5944,171.76124691963196
cachegen_dram,1772731400.715408,7.5944,171.88360810279846
cachegen_dram,1772731400.834932,7.5944,172.00313210487366
cachegen_dram,1772731400.956177,7.5944,172.1243770122528
cachegen_dram,1772731401.07642,7.5944,172.24462008476257
cachegen_dram,1772731401.197384,7.5944,172.36558413505554
cachegen_dram,1772731401.332506,7.5944,172.50070595741272
cachegen_dram,1772731401.645071,7.5944,172.81327104568481
cachegen_dram,1772731401.763754,7.5944,172.93195390701294
cachegen_dram,1772731401.888469,7.5944,173.0566689968109
cachegen_dram,1772731402.009847,7.5944,173.1780469417572
cachegen_dram,1772731402.130819,7.5944,173.29901909828186
cachegen_dram,1772731402.252428,7.5944,173.4206280708313
cachegen_dram,1772731402.400662,7.5944,173.56886196136475
cachegen_dram,1772731402.52093,7.5944,173.68913006782532
cachegen_dram,1772731402.643772,7.5944,173.8119719028473
cachegen_dram,1772731402.763831,7.5944,173.932030916214
cachegen_dram,1772731402.885733,7.5944,174.05393290519714
cachegen_dram,1772731403.005617,7.5944,174.17381691932678
cachegen_dram,1772731403.138187,7.5944,174.30638694763184
cachegen_dram,1772731403.259749,7.5944,174.4279489517212
cachegen_dram,1772731403.379692,7.5944,174.54789209365845
cachegen_dram,1772731403.500887,7.5944,174.669086933136
cachegen_dram,1772731403.621601,7.5944,174.78980112075806
cachegen_dram,1772731403.742192,7.5944,174.91039204597473
cachegen_dram,1772731403.862554,7.5944,175.03075408935547
cachegen_dram,1772731403.997468,7.5944,175.16566801071167
cachegen_dram,1772731404.109465,7.5944,175.27766489982605
cachegen_dram,1772731404.229759,7.5944,175.39795899391174
cachegen_dram,1772731404.349391,7.5944,175.51759099960327
cachegen_dram,1772731404.492508,7.5944,175.66070795059204
cachegen_dram,1772731404.911169,7.5944,176.07936906814575
cachegen_dram,1772731405.015761,7.5944,176.18396091461182
cachegen_dram,1772731405.121643,7.5944,176.28984308242798
cachegen_dram,1772731405.239977,7.5944,176.4081768989563
cachegen_dram,1772731405.358609,7.5944,176.52680897712708
cachegen_dram,1772731405.493814,7.5944,176.66201400756836
cachegen_dram,1772731405.612481,7.5944,176.78068113327026
cachegen_dram,1772731405.742361,7.5944,176.91056108474731
cachegen_dram,1772731405.863975,7.5944,177.0321750640869
cachegen_dram,1772731405.999484,7.5944,177.16768407821655
cachegen_dram,1772731406.125767,7.5944,177.2939670085907
cachegen_dram,1772731406.281869,7.5944,177.45006895065308
cachegen_dram,1772731406.395526,7.5944,177.56372594833374
cachegen_dram,1772731406.515189,7.5944,177.68338894844055
cachegen_dram,1772731406.63526,7.5944,177.80346012115479
cachegen_dram,1772731406.754916,7.5944,177.92311596870422
cachegen_dram,1772731406.87713,7.5944,178.04533004760742
cachegen_dram,1772731406.997615,7.5944,178.16581511497498
cachegen_dram,1772731407.168169,7.5944,178.33636903762817
cachegen_dram,1772731407.272435,7.5944,178.4406349658966
cachegen_dram,1772731407.39547,7.5944,178.56366991996765
cachegen_dram,1772731407.514462,7.5944,178.68266201019287
cachegen_dram,1772731407.637565,7.5944,178.80576491355896
cachegen_dram,1772731407.779803,7.5944,178.94800305366516
cachegen_dram,1772731408.10852,7.5944,179.27672004699707
cachegen_dram,1772731408.231558,7.5944,179.39975810050964
cachegen_dram,1772731408.352276,7.5944,179.52047610282898
cachegen_dram,1772731408.4764,7.5944,179.64459991455078
cachegen_dram,1772731408.596336,7.5944,179.76453590393066
cachegen_dram,1772731408.729953,7.5944,179.89815306663513
cachegen_dram,1772731408.851956,7.5944,180.02015590667725
cachegen_dram,1772731408.973831,7.5944,180.14203095436096
cachegen_dram,1772731409.095135,7.5944,180.26333498954773
cachegen_dram,1772731409.216626,7.5944,180.3848259449005
cachegen_dram,1772731409.336072,7.5944,180.50427198410034
cachegen_dram,1772731409.456832,7.5944,180.6250319480896
cachegen_dram,1772731409.577024,7.5944,180.74522399902344
cachegen_dram,1772731409.714762,7.5944,180.8829619884491
cachegen_dram,1772731409.826403,7.5944,180.99460291862488
cachegen_dram,1772731409.945696,7.5944,181.1138961315155
cachegen_dram,1772731410.069296,7.5944,181.23749589920044
cachegen_dram,1772731410.191994,7.5944,181.3601939678192
cachegen_dram,1772731410.313873,7.5944,181.48207306861877
cachegen_dram,1772731410.433294,7.5944,181.6014940738678
cachegen_dram,1772731410.836969,7.5944,182.00516891479492
cachegen_dram,1772731410.939536,7.5944,182.10773611068726
cachegen_dram,1772731411.041987,7.5944,182.210186958313
cachegen_dram,1772731411.164016,7.5944,182.3322160243988
cachegen_dram,1772731411.301116,7.5944,182.4693160057068
cachegen_dram,1772731411.407534,7.5944,182.5757339000702
cachegen_dram,1772731411.536953,7.5944,182.70515298843384
cachegen_dram,1772731411.660178,7.5944,182.82837796211243
cachegen_dram,1772731411.808268,7.5944,182.97646808624268
cachegen_dram,1772731411.92681,7.5944,183.09501004219055
cachegen_dram,1772731412.042448,7.5944,183.21064805984497
cachegen_dram,1772731412.145428,7.5944,183.31362795829773
cachegen_dram,1772731412.265476,7.5944,183.4336760044098
cachegen_dram,1772731412.393778,7.5944,183.56197810173035
cachegen_dram,1772731412.551581,7.5944,183.71978092193604
cachegen_dram,1772731412.655983,7.5944,183.82418298721313
cachegen_dram,1772731412.758839,7.5944,183.92703890800476
cachegen_dram,1772731412.897156,7.5944,184.06535601615906
cachegen_dram,1772731413.037596,7.5944,184.20579600334167
cachegen_dram,1772731413.172892,7.5944,184.34109210968018
cachegen_dram,1772731413.284472,7.5944,184.4526720046997
cachegen_dram,1772731413.643974,7.5944,184.81217408180237
cachegen_dram,1772731413.751642,7.5944,184.919842004776
cachegen_dram,1772731413.85595,7.5944,185.02415013313293
cachegen_dram,1772731413.977509,7.5944,185.14570903778076
cachegen_dram,1772731414.130455,7.5944,185.29865503311157
cachegen_dram,1772731414.239477,7.5944,185.40767693519592
cachegen_dram,1772731414.347603,7.5944,185.5158030986786
cachegen_dram,1772731414.468168,7.5944,185.63636803627014
cachegen_dram,1772731414.606666,7.5944,185.77486610412598
cachegen_dram,1772731414.709617,7.5944,185.87781691551208
cachegen_dram,1772731414.848507,7.5944,186.01670694351196
cachegen_dram,1772731414.950092,7.5944,186.11829209327698
cachegen_dram,1772731415.071418,7.5944,186.23961806297302
cachegen_dram,1772731415.194334,7.5944,186.3625340461731
cachegen_dram,1772731415.314834,7.5944,186.48303413391113
cachegen_dram,1772731415.435704,7.5944,186.60390400886536
cachegen_dram,1772731415.6311,7.5944,186.79929995536804
cachegen_dram,1772731415.732061,7.5944,186.90026092529297
cachegen_dram,1772731415.832637,7.5944,187.00083708763123
cachegen_dram,1772731416.038148,7.5944,187.2063479423523
cachegen_dram,1772731416.138866,7.5944,187.30706596374512
cachegen_dram,1772731416.239906,7.5944,187.4081060886383
cachegen_dram,1772731416.51902,7.5944,187.68722009658813
cachegen_dram,1772731416.656614,7.5944,187.82481408119202
cachegen_dram,1772731416.759437,7.5944,187.92763710021973
cachegen_dram,1772731416.881442,7.5944,188.04964208602905
cachegen_dram,1772731417.000073,7.5944,188.16827297210693
cachegen_dram,1772731417.121629,7.5944,188.2898290157318
cachegen_dram,1772731417.24317,7.5944,188.4113700389862
cachegen_dram,1772731417.381849,7.5944,188.55004906654358
cachegen_dram,1772731417.504793,7.5944,188.6729929447174
cachegen_dram,1772731417.628608,7.5944,188.79680800437927
cachegen_dram,1772731417.750328,7.5944,188.91852807998657
cachegen_dram,1772731417.874467,7.5944,189.04266691207886
cachegen_dram,1772731417.994127,7.5944,189.16232705116272
cachegen_dram,1772731418.117198,7.5944,189.2853980064392
cachegen_dram,1772731418.254055,7.5944,189.4222550392151
cachegen_dram,1772731418.3752,7.5944,189.5434000492096
cachegen_dram,1772731418.501411,7.5944,189.66961097717285
cachegen_dram,1772731418.631969,7.5944,189.80016899108887
cachegen_dram,1772731418.753618,7.5944,189.9218180179596
cachegen_dram,1772731418.873581,7.5944,190.04178094863892
cachegen_dram,1772731418.997803,7.5944,190.1660029888153
cachegen_dram,1772731419.119179,7.5944,190.28737902641296
cachegen_dram,1772731419.445652,7.5944,190.61385202407837
cachegen_dram,1772731419.567356,7.5944,190.73555612564087
cachegen_dram,1772731419.690698,7.5944,190.85889792442322
cachegen_dram,1772731419.812739,7.5944,190.980938911438
cachegen_dram,1772731419.963852,7.5944,191.13205194473267
cachegen_dram,1772731420.070591,7.5944,191.23879098892212
cachegen_dram,1772731420.191317,7.5944,191.35951709747314
cachegen_dram,1772731420.310966,7.5944,191.4791660308838
cachegen_dram,1772731420.432374,7.5944,191.60057401657104
cachegen_dram,1772731420.553562,7.5944,191.7217619419098
cachegen_dram,1772731420.676024,7.5944,191.84422397613525
cachegen_dram,1772731420.811972,7.5944,191.98017191886902
cachegen_dram,1772731420.933657,7.5944,192.1018569469452
cachegen_dram,1772731421.054022,7.5944,192.22222208976746
cachegen_dram,1772731421.174599,7.5944,192.34279894828796
cachegen_dram,1772731421.297591,7.5944,192.46579098701477
cachegen_dram,1772731421.420829,7.5944,192.5890290737152
cachegen_dram,1772731421.540816,7.5944,192.70901608467102
cachegen_dram,1772731421.680471,7.5944,192.84867095947266
cachegen_dram,1772731421.799712,7.5944,192.96791195869446
cachegen_dram,1772731422.151045,7.5944,193.31924510002136
cachegen_dram,1772731422.27569,7.5944,193.44389009475708
cachegen_dram,1772731422.412129,7.5944,193.58032894134521
cachegen_dram,1772731422.532886,7.5944,193.70108604431152
cachegen_dram,1772731422.654954,7.5944,193.82315397262573
cachegen_dram,1772731422.77656,7.5944,193.94476008415222
cachegen_dram,1772731422.897835,7.5944,194.06603503227234
cachegen_dram,1772731423.033714,7.5944,194.20191407203674
cachegen_dram,1772731423.207177,7.5944,194.37537693977356
cachegen_dram,1772731423.327129,7.5944,194.49532890319824
cachegen_dram,1772731423.432972,7.5944,194.60117197036743
cachegen_dram,1772731423.547812,7.5944,194.7160120010376
cachegen_dram,1772731423.667525,7.5944,194.83572506904602
cachegen_dram,1772731423.788056,7.5944,194.95625591278076
cachegen_dram,1772731423.928442,7.5944,195.0966420173645
cachegen_dram,1772731424.031333,7.5944,195.19953298568726
cachegen_dram,1772731424.153857,7.5944,195.3220570087433
cachegen_dram,1772731424.275686,7.5944,195.44388604164124
cachegen_dram,1772731424.408716,7.5944,195.57691597938538
cachegen_dram,1772731424.521269,7.5944,195.6894690990448
cachegen_dram,1772731424.933195,7.5944,196.10139513015747
cachegen_dram,1772731425.055827,7.5944,196.22402691841125
cachegen_dram,1772731425.182475,7.5944,196.35067510604858
cachegen_dram,1772731425.310791,7.5944,196.47899103164673
cachegen_dram,1772731425.432304,7.5944,196.6005039215088
cachegen_dram,1772731425.587996,7.5944,196.7561960220337
cachegen_dram,1772731425.716704,7.5944,196.88490390777588
cachegen_dram,1772731425.839527,7.5944,197.0077269077301
cachegen_dram,1772731425.94072,7.5944,197.10892009735107
cachegen_dram,1772731426.062534,7.5944,197.23073410987854
cachegen_dram,1772731426.186302,7.5944,197.35450196266174
cachegen_dram,1772731426.30747,7.5944,197.47567009925842
cachegen_dram,1772731426.443466,7.5944,197.6116659641266
cachegen_dram,1772731426.600573,7.5944,197.76877307891846
cachegen_dram,1772731426.706844,7.5944,197.87504410743713
cachegen_dram,1772731426.826324,7.5944,197.9945240020752
cachegen_dram,1772731426.947177,7.5944,198.1153769493103
cachegen_dram,1772731427.072073,7.5944,198.24027299880981
cachegen_dram,1772731427.200371,7.5944,198.36857104301453
cachegen_dram,1772731427.613737,7.5944,198.78193712234497
cachegen_dram,1772731427.713991,7.5944,198.88219094276428
cachegen_dram,1772731427.815605,7.5944,198.98380494117737
cachegen_dram,1772731427.955357,7.5944,199.12355709075928
cachegen_dram,1772731428.075031,7.5944,199.24323105812073
cachegen_dram,1772731428.203024,7.5944,199.3712239265442
cachegen_dram,1772731428.329156,7.5944,199.49735593795776
cachegen_dram,1772731428.451483,7.5944,199.61968302726746
cachegen_dram,1772731428.573658,7.5944,199.74185800552368
cachegen_dram,1772731428.727786,7.5944,199.89598608016968
cachegen_dram,1772731428.833919,7.5944,200.00211906433105
cachegen_dram,1772731428.938987,7.5944,200.10718703269958
cachegen_dram,1772731429.093782,7.5944,200.26198196411133
cachegen_dram,1772731429.211971,7.5944,200.38017106056213
cachegen_dram,1772731429.334202,7.5944,200.50240206718445
cachegen_dram,1772731429.471201,7.5944,200.6394009590149
cachegen_dram,1772731429.595765,7.5944,200.7639651298523
cachegen_dram,1772731429.717613,7.5944,200.885812997818
cachegen_dram,1772731429.838553,7.5944,201.00675296783447
cachegen_dram,1772731430.158625,7.5944,201.32682490348816
cachegen_dram,1772731430.297542,7.5944,201.46574211120605
cachegen_dram,1772731430.437994,7.5944,201.60619401931763
cachegen_dram,1772731430.549284,7.5944,201.71748399734497
cachegen_dram,1772731430.674682,7.5944,201.8428819179535
cachegen_dram,1772731430.798548,7.5944,201.96674799919128
cachegen_dram,1772731430.938566,7.5944,202.1067659854889
cachegen_dram,1772731431.058497,7.5944,202.2266969680786
cachegen_dram,1772731431.181024,7.5944,202.34922409057617
cachegen_dram,1772731431.336375,7.5944,202.50457501411438
cachegen_dram,1772731431.443013,7.5944,202.6112129688263
cachegen_dram,1772731431.546904,7.5944,202.71510410308838
cachegen_dram,1772731431.672403,7.5944,202.84060311317444
cachegen_dram,1772731431.79337,7.5944,202.96157002449036
cachegen_dram,1772731431.945732,7.5944,203.11393213272095
cachegen_dram,1772731432.053374,7.5944,203.22157406806946
cachegen_dram,1772731432.175301,7.5944,203.34350109100342
cachegen_dram,1772731432.299617,7.5944,203.46781706809998
cachegen_dram,1772731432.426378,7.5944,203.59457802772522
cachegen_dram,1772731432.79406,7.5944,203.96226000785828
cachegen_dram,1772731432.9003,7.5944,204.06850004196167
cachegen_dram,1772731433.023224,7.5944,204.19142413139343
cachegen_dram,1772731433.145071,7.5944,204.31327104568481
cachegen_dram,1772731433.265635,7.5944,204.43383502960205
cachegen_dram,1772731433.390564,7.5944,204.55876398086548
cachegen_dram,1772731433.509105,7.5944,204.67730498313904
cachegen_dram,1772731433.669601,7.5944,204.83780097961426
cachegen_dram,1772731433.794781,7.5944,204.96298098564148
cachegen_dram,1772731433.926419,7.5944,205.09461903572083
cachegen_dram,1772731434.054209,7.5944,205.22240900993347
cachegen_dram,1772731434.183785,7.5944,205.35198497772217
cachegen_dram,1772731434.313938,7.5944,205.4821379184723
cachegen_dram,1772731434.467989,7.5944,205.63618898391724
cachegen_dram,1772731434.568415,7.5944,205.73661494255066
cachegen_dram,1772731434.689739,7.5944,205.85793900489807
cachegen_dram,1772731434.838072,7.5944,206.00627207756042
cachegen_dram,1772731434.961665,7.5944,206.12986493110657
cachegen_dram,1772731435.107167,7.5944,206.27536702156067
cachegen_dram,1772731435.424822,7.5944,206.593022108078
cachegen_dram,1772731435.550685,7.5944,206.71888494491577
cachegen_dram,1772731435.672461,7.5944,206.84066104888916
cachegen_dram,1772731435.795259,7.5944,206.96345901489258
cachegen_dram,1772731435.917519,7.5944,207.08571910858154
cachegen_dram,1772731436.039354,7.5944,207.20755410194397
cachegen_dram,1772731436.164164,7.5944,207.33236408233643
cachegen_dram,1772731436.284516,7.5944,207.45271611213684
cachegen_dram,1772731436.408506,7.5944,207.5767059326172
cachegen_dram,1772731436.535219,7.5944,207.70341897010803
cachegen_dram,1772731436.681133,7.5944,207.84933304786682
cachegen_dram,1772731436.83234,7.5944,208.00054001808167
cachegen_dram,1772731436.956681,7.5944,208.12488102912903
cachegen_dram,1772731437.058772,7.5944,208.2269721031189
cachegen_dram,1772731437.195198,7.5944,208.36339807510376
cachegen_dram,1772731437.318301,7.5944,208.48650097846985
cachegen_dram,1772731437.439355,7.5944,208.60755491256714
cachegen_dram,1772731437.563344,7.5944,208.73154401779175
cachegen_dram,1772731437.940505,7.5944,209.10870504379272
cachegen_dram,1772731438.050717,7.5944,209.21891713142395
cachegen_dram,1772731438.156614,7.5944,209.32481408119202
cachegen_dram,1772731438.281371,7.5944,209.4495711326599
cachegen_dram,1772731438.403719,7.5944,209.571918964386
cachegen_dram,1772731438.526195,7.5944,209.69439506530762
cachegen_dram,1772731438.64504,7.5944,209.81324005126953
cachegen_dram,1772731438.76863,7.5944,209.93683004379272
cachegen_dram,1772731438.892615,7.5944,210.0608150959015
cachegen_dram,1772731439.013199,7.5944,210.18139910697937
cachegen_dram,1772731439.150948,7.5944,210.31914806365967
cachegen_dram,1772731439.274395,7.5944,210.4425950050354
cachegen_dram,1772731439.409824,7.5944,210.57802391052246
cachegen_dram,1772731439.562046,7.5944,210.73024606704712
cachegen_dram,1772731439.674421,7.5944,210.84262108802795
cachegen_dram,1772731439.777119,7.5944,210.94531893730164
cachegen_dram,1772731439.901056,7.5944,211.069256067276
cachegen_dram,1772731440.023537,7.5944,211.1917369365692
cachegen_dram,1772731440.161594,7.5944,211.3297939300537
cachegen_dram,1772731440.514518,7.5944,211.68271803855896
cachegen_dram,1772731440.623476,7.5944,211.7916760444641
cachegen_dram,1772731440.728764,7.5944,211.89696407318115
cachegen_dram,1772731440.858693,7.5944,212.02689290046692
cachegen_dram,1772731440.972881,7.5944,212.14108109474182
cachegen_dram,1772731441.09724,7.5944,212.26543998718262
cachegen_dram,1772731441.246755,7.5944,212.41495490074158
cachegen_dram,1772731441.354962,7.5944,212.52316212654114
cachegen_dram,1772731441.477848,7.5944,212.64604806900024
cachegen_dram,1772731441.604017,7.5944,212.77221703529358
cachegen_dram,1772731441.74011,7.5944,212.90830993652344
cachegen_dram,1772731441.861487,7.5944,213.0296869277954
cachegen_dram,1772731441.984092,7.5944,213.15229201316833
cachegen_dram,1772731442.108186,7.5944,213.27638602256775
cachegen_dram,1772731442.246335,7.5944,213.41453504562378
cachegen_dram,1772731442.386705,7.5944,213.55490493774414
cachegen_dram,1772731442.490964,7.5944,213.65916395187378
cachegen_dram,1772731442.886235,7.5944,214.05443501472473
cachegen_dram,1772731443.000202,7.5944,214.16840195655823
cachegen_dram,1772731443.107826,7.5944,214.2760260105133
cachegen_dram,1772731443.24945,7.5944,214.41764998435974
cachegen_dram,1772731443.369465,7.5944,214.53766512870789
cachegen_dram,1772731443.5008,7.5944,214.66899991035461
cachegen_dram,1772731443.61711,7.5944,214.78531002998352
cachegen_dram,1772731443.73985,7.5944,214.90805006027222
cachegen_dram,1772731443.862388,7.5944,215.03058791160583
cachegen_dram,1772731443.991036,7.5944,215.15923595428467
cachegen_dram,1772731444.111987,7.5944,215.28018712997437
cachegen_dram,1772731444.232761,7.5944,215.4009609222412
cachegen_dram,1772731444.356852,7.5944,215.52505207061768
cachegen_dram,1772731444.479774,7.5944,215.64797401428223
cachegen_dram,1772731444.630457,7.5944,215.7986569404602
cachegen_dram,1772731444.755314,7.5944,215.92351412773132
cachegen_dram,1772731444.876767,7.5944,216.04496693611145
cachegen_dram,1772731445.213691,7.5944,216.38189101219177
cachegen_dram,1772731445.314541,7.5944,216.48274111747742
cachegen_dram,1772731445.436193,7.5944,216.6043930053711
cachegen_dram,1772731445.558502,7.5944,216.72670197486877
cachegen_dram,1772731445.680189,7.5944,216.84838891029358
cachegen_dram,1772731445.803741,7.5944,216.9719409942627
cachegen_dram,1772731445.931335,7.5944,217.09953498840332
cachegen_dram,1772731446.061593,7.5944,217.22979307174683
cachegen_dram,1772731446.17798,7.5944,217.3461799621582
cachegen_dram,1772731446.318022,7.5944,217.4862220287323
cachegen_dram,1772731446.452104,7.5944,217.62030410766602
cachegen_dram,1772731446.574077,7.5944,217.74227690696716
cachegen_dram,1772731446.697382,7.5944,217.86558198928833
cachegen_dram,1772731446.852784,7.5944,218.02098393440247
cachegen_dram,1772731446.959056,7.5944,218.12725591659546
cachegen_dram,1772731447.079029,7.5944,218.24722909927368
cachegen_dram,1772731447.20293,7.5944,218.37112998962402
cachegen_dram,1772731447.519137,7.5944,218.6873369216919
cachegen_dram,1772731447.636141,7.5944,218.80434107780457
cachegen_dram,1772731447.760503,7.5944,218.9287030696869
cachegen_dram,1772731447.908498,7.5944,219.07669806480408
cachegen_dram,1772731448.032045,7.5944,219.20024490356445
cachegen_dram,1772731448.170825,7.5944,219.33902502059937
cachegen_dram,1772731448.294883,7.5944,219.46308302879333
cachegen_dram,1772731448.426312,7.5944,219.5945119857788
cachegen_dram,1772731448.531096,7.5944,219.69929599761963
cachegen_dram,1772731448.654746,7.5944,219.82294607162476
cachegen_dram,1772731448.774709,7.5944,219.94290900230408
cachegen_dram,1772731448.903244,7.5944,220.07144403457642
cachegen_dram,1772731449.037063,7.5944,220.2052628993988
cachegen_dram,1772731449.185467,7.5944,220.35366702079773
cachegen_dram,1772731449.292198,7.5944,220.4603979587555
cachegen_dram,1772731449.430565,7.5944,220.5987651348114
cachegen_dram,1772731449.552939,7.5944,220.7211389541626
cachegen_dram,1772731449.675126,7.5944,220.84332609176636
cachegen_dram,1772731450.08607,7.5944,221.2542700767517
cachegen_dram,1772731450.193887,7.5944,221.36208701133728
cachegen_dram,1772731450.301338,7.5944,221.46953797340393
cachegen_dram,1772731450.426003,7.5944,221.5942029953003
cachegen_dram,1772731450.56456,7.5944,221.73275995254517
cachegen_dram,1772731450.688972,7.5944,221.8571720123291
cachegen_dram,1772731450.81808,7.5944,221.98627996444702
cachegen_dram,1772731450.934276,7.5944,222.10247611999512
cachegen_dram,1772731451.056673,7.5944,222.2248730659485
cachegen_dram,1772731451.182158,7.5944,222.35035800933838
cachegen_dram,1772731451.306197,7.5944,222.47439694404602
cachegen_dram,1772731451.429278,7.5944,222.59747791290283
cachegen_dram,1772731451.566514,7.5944,222.73471403121948
cachegen_dram,1772731451.691568,7.5944,222.85976791381836
cachegen_dram,1772731451.831025,7.5944,222.99922490119934
cachegen_dram,1772731451.94497,7.5944,223.11316990852356
cachegen_dram,1772731452.06949,7.5944,223.23768997192383
cachegen_dram,1772731452.21344,7.5944,223.38163995742798
cachegen_dram,1772731452.551795,7.5944,223.71999502182007
cachegen_dram,1772731452.663972,7.5944,223.83217191696167
cachegen_dram,1772731452.805189,7.5944,223.97338891029358
cachegen_dram,1772731452.913491,7.5944,224.08169102668762
cachegen_dram,1772731453.034357,7.5944,224.20255708694458
cachegen_dram,1772731453.173705,7.5944,224.3419051170349
cachegen_dram,1772731453.310419,7.5944,224.47861909866333
cachegen_dram,1772731453.423814,7.5944,224.59201407432556
cachegen_dram,1772731453.573008,7.5944,224.74120807647705
cachegen_dram,1772731453.681184,7.5944,224.84938406944275
cachegen_dram,1772731453.803706,7.5944,224.97190594673157
cachegen_dram,1772731453.929305,7.5944,225.09750509262085
cachegen_dram,1772731454.052395,7.5944,225.22059512138367
cachegen_dram,1772731454.188797,7.5944,225.35699701309204
cachegen_dram,1772731454.342514,7.5944,225.51071405410767
cachegen_dram,1772731454.452356,7.5944,225.62055611610413
cachegen_dram,1772731454.761797,7.5944,225.92999696731567
cachegen_dram,1772731454.885994,7.5944,226.05419397354126
cachegen_dram,1772731455.010665,7.5944,226.1788649559021
cachegen_dram,1772731455.134653,7.5944,226.3028531074524
cachegen_dram,1772731455.256451,7.5944,226.42465090751648
cachegen_dram,1772731455.380957,7.5944,226.54915690422058
cachegen_dram,1772731455.538554,7.5944,226.7067539691925
cachegen_dram,1772731455.64404,7.5944,226.81224012374878
cachegen_dram,1772731455.767277,7.5944,226.93547701835632
cachegen_dram,1772731455.889045,7.5944,227.05724501609802
cachegen_dram,1772731456.010866,7.5944,227.17906594276428
cachegen_dram,1772731456.144989,7.5944,227.3131890296936
cachegen_dram,1772731456.268137,7.5944,227.43633699417114
cachegen_dram,1772731456.453833,7.5944,227.62203311920166
cachegen_dram,1772731456.560227,7.5944,227.72842693328857
cachegen_dram,1772731456.667209,7.5944,227.83540892601013
cachegen_dram,1772731457.00318,7.5944,228.17138004302979
cachegen_dram,1772731457.125824,7.5944,228.2940239906311
cachegen_dram,1772731457.249675,7.5944,228.4178750514984
cachegen_dram,1772731457.372039,7.5944,228.54023909568787
cachegen_dram,1772731457.494848,7.5944,228.66304802894592
cachegen_dram,1772731457.618928,7.5944,228.78712797164917
cachegen_dram,1772731457.753915,7.5944,228.92211508750916
cachegen_dram,1772731457.876405,7.5944,229.04460501670837
cachegen_dram,1772731458.014414,7.5944,229.18261408805847
cachegen_dram,1772731458.139554,7.5944,229.3077540397644
cachegen_dram,1772731458.26503,7.5944,229.4332299232483
cachegen_dram,1772731458.392603,7.5944,229.56080293655396
cachegen_dram,1772731458.51348,7.5944,229.68167996406555
cachegen_dram,1772731458.637892,7.5944,229.8060920238495
cachegen_dram,1772731458.762747,7.5944,229.9309470653534
cachegen_dram,1772731458.886109,7.5944,230.05430912971497
cachegen_dram,1772731459.245916,7.5944,230.41411590576172
cachegen_dram,1772731459.35983,7.5944,230.52802991867065
cachegen_dram,1772731459.500474,7.5944,230.66867399215698
cachegen_dram,1772731459.606166,7.5944,230.77436590194702
cachegen_dram,1772731459.729676,7.5944,230.89787602424622
cachegen_dram,1772731459.870602,7.5944,231.03880190849304
cachegen_dram,1772731459.981043,7.5944,231.14924311637878
cachegen_dram,1772731460.103658,7.5944,231.27185797691345
cachegen_dram,1772731460.226791,7.5944,231.3949909210205
cachegen_dram,1772731460.349069,7.5944,231.51726913452148
cachegen_dram,1772731460.478793,7.5944,231.64699292182922
cachegen_dram,1772731460.602849,7.5944,231.77104902267456
cachegen_dram,1772731460.742609,7.5944,231.91080904006958
cachegen_dram,1772731460.880041,7.5944,232.04824090003967
cachegen_dram,1772731461.004655,7.5944,232.1728549003601
cachegen_dram,1772731461.155248,7.5944,232.32344794273376
cachegen_dram,1772731461.27423,7.5944,232.44243001937866
cachegen_dram,1772731461.608994,7.5944,232.77719402313232
cachegen_dram,1772731461.732637,7.5944,232.90083694458008
cachegen_dram,1772731461.85692,7.5944,233.02512001991272
cachegen_dram,1772731461.979704,7.5944,233.14790391921997
cachegen_dram,1772731462.12349,7.5944,233.29169011116028
cachegen_dram,1772731462.228614,7.5944,233.3968141078949
cachegen_dram,1772731462.352103,7.5944,233.52030301094055
cachegen_dram,1772731462.477011,7.5944,233.64521098136902
cachegen_dram,1772731462.600995,7.5944,233.76919507980347
cachegen_dram,1772731462.721977,7.5944,233.89017701148987
cachegen_dram,1772731462.844386,7.5944,234.01258611679077
cachegen_dram,1772731462.9857,7.5944,234.1538999080658
cachegen_dram,1772731463.110911,7.5944,234.2791109085083
cachegen_dram,1772731463.259653,7.5944,234.4278531074524
cachegen_dram,1772731463.398232,7.5944,234.56643199920654
cachegen_dram,1772731463.523942,7.5944,234.6921420097351
cachegen_dram,1772731463.877661,7.5944,235.04586100578308
cachegen_dram,1772731464.000431,7.5944,235.16863107681274
cachegen_dram,1772731464.12497,7.5944,235.29316997528076
cachegen_dram,1772731464.25696,7.5944,235.42515993118286
cachegen_dram,1772731464.372688,7.5944,235.54088807106018
cachegen_dram,1772731464.529721,7.5944,235.69792103767395
cachegen_dram,1772731464.64546,7.5944,235.81365990638733
cachegen_dram,1772731464.780268,7.5944,235.9484679698944
cachegen_dram,1772731464.887399,7.5944,236.0555989742279
cachegen_dram,1772731465.012258,7.5944,236.18045806884766
cachegen_dram,1772731465.133609,7.5944,236.3018090724945
cachegen_dram,1772731465.27413,7.5944,236.44233012199402
cachegen_dram,1772731465.378934,7.5944,236.5471339225769
cachegen_dram,1772731465.503414,7.5944,236.67161393165588
cachegen_dram,1772731465.625795,7.5944,236.79399490356445
cachegen_dram,1772731465.747603,7.5944,236.91580295562744
cachegen_dram,1772731466.460131,7.5944,237.62833094596863
cachegen_dram,1772731466.590029,7.5944,237.7582290172577
cachegen_dram,1772731466.714698,7.5944,237.8828980922699
cachegen_dram,1772731466.837034,7.5944,238.00523400306702
cachegen_dram,1772731466.976654,7.5944,238.1448540687561
cachegen_dram,1772731467.096853,7.5944,238.26505303382874
cachegen_dram,1772731467.221154,7.5944,238.3893539905548
cachegen_dram,1772731467.359129,7.5944,238.5273289680481
cachegen_dram,1772731467.515199,7.5944,238.68339896202087
cachegen_dram,1772731467.624512,7.5944,238.7927119731903
cachegen_dram,1772731467.731309,7.5944,238.89950895309448
cachegen_dram,1772731467.854904,7.5944,239.02310395240784
cachegen_dram,1772731468.016723,7.5944,239.1849229335785
cachegen_dram,1772731468.134743,7.5944,239.3029429912567
cachegen_dram,1772731468.256824,7.5944,239.42502403259277
cachegen_dram,1772731468.663201,7.5944,239.83140110969543
cachegen_dram,1772731468.763946,7.5944,239.9321460723877
cachegen_dram,1772731468.872262,7.5944,240.04046201705933
cachegen_dram,1772731468.977677,7.5944,240.14587712287903
cachegen_dram,1772731469.123331,7.5944,240.29153108596802
cachegen_dram,1772731469.27375,7.5944,240.44195008277893
cachegen_dram,1772731469.382272,7.5944,240.5504720211029
cachegen_dram,1772731469.506725,7.5944,240.67492508888245
cachegen_dram,1772731469.631903,7.5944,240.80010294914246
cachegen_dram,1772731469.763039,7.5944,240.9312391281128
cachegen_dram,1772731469.889666,7.5944,241.05786609649658
cachegen_dram,1772731470.012362,7.5944,241.18056201934814
cachegen_dram,1772731470.149125,7.5944,241.31732511520386
cachegen_dram,1772731470.272009,7.5944,241.44020891189575
cachegen_dram,1772731470.395185,7.5944,241.56338500976562
cachegen_dram,1772731470.519346,7.5944,241.68754601478577
cachegen_dram,1772731470.964458,7.5944,242.13265800476074
cachegen_dram,1772731471.090873,7.5944,242.2590730190277
cachegen_dram,1772731471.208104,7.5944,242.3763039112091
cachegen_dram,1772731471.330807,7.5944,242.49900698661804
cachegen_dram,1772731471.456291,7.5944,242.62449097633362
cachegen_dram,1772731471.581516,7.5944,242.7497160434723
cachegen_dram,1772731471.71543,7.5944,242.88363003730774
cachegen_dram,1772731471.855538,7.5944,243.02373790740967
cachegen_dram,1772731471.978441,7.5944,243.14664101600647
cachegen_dram,1772731472.102646,7.5944,243.27084612846375
cachegen_dram,1772731472.226805,7.5944,243.39500498771667
cachegen_dram,1772731472.351019,7.5944,243.51921892166138
cachegen_dram,1772731472.472184,7.5944,243.64038395881653
cachegen_dram,1772731472.606112,7.5944,243.77431201934814
cachegen_dram,1772731472.734073,7.5944,243.902272939682
cachegen_dram,1772731473.204773,7.5944,244.37297296524048
cachegen_dram,1772731473.335082,7.5944,244.5032820701599
cachegen_dram,1772731473.45981,7.5944,244.62801003456116
cachegen_dram,1772731473.580159,7.5944,244.74835896492004
cachegen_dram,1772731473.721287,7.5944,244.88948702812195
cachegen_dram,1772731473.827929,7.5944,244.9961290359497
cachegen_dram,1772731473.949679,7.5944,245.1178789138794
cachegen_dram,1772731474.074099,7.5944,245.24229907989502
cachegen_dram,1772731474.231075,7.5944,245.39927506446838
cachegen_dram,1772731474.340665,7.5944,245.50886511802673
cachegen_dram,1772731474.449184,7.5944,245.61738395690918
cachegen_dram,1772731474.612659,7.5944,245.78085899353027
cachegen_dram,1772731474.750805,7.5944,245.91900491714478
cachegen_dram,1772731474.876512,7.5944,246.0447120666504
cachegen_dram,1772731475.017969,7.5944,246.18616890907288
cachegen_dram,1772731475.357527,7.5944,246.5257270336151
cachegen_dram,1772731475.462546,7.5944,246.63074612617493
cachegen_dram,1772731475.57051,7.5944,246.73870992660522
cachegen_dram,1772731475.694658,7.5944,246.8628580570221
cachegen_dram,1772731475.847287,7.5944,247.0154869556427
cachegen_dram,1772731475.948493,7.5944,247.11669301986694
cachegen_dram,1772731476.098199,7.5944,247.26639890670776
cachegen_dram,1772731476.241268,7.5944,247.40946793556213
cachegen_dram,1772731476.364776,7.5944,247.53297591209412
cachegen_dram,1772731476.50016,7.5944,247.6683599948883
cachegen_dram,1772731476.629813,7.5944,247.79801297187805
cachegen_dram,1772731476.747032,7.5944,247.9152319431305
cachegen_dram,1772731476.872518,7.5944,248.04071807861328
cachegen_dram,1772731476.998463,7.5944,248.16666293144226
cachegen_dram,1772731477.397686,7.5944,248.5658860206604
cachegen_dram,1772731477.522614,7.5944,248.6908140182495
cachegen_dram,1772731477.646028,7.5944,248.81422805786133
cachegen_dram,1772731477.770926,7.5944,248.93912601470947
cachegen_dram,1772731477.908529,7.5944,249.07672905921936
cachegen_dram,1772731478.015343,7.5944,249.18354296684265
cachegen_dram,1772731478.13893,7.5944,249.3071300983429
cachegen_dram,1772731478.264613,7.5944,249.43281292915344
cachegen_dram,1772731478.426089,7.5944,249.59428906440735
cachegen_dram,1772731478.534835,7.5944,249.70303511619568
cachegen_dram,1772731478.658884,7.5944,249.82708406448364
cachegen_dram,1772731478.785505,7.5944,249.95370507240295
cachegen_dram,1772731478.907153,7.5944,250.0753529071808
cachegen_dram,1772731479.030275,7.5944,250.19847512245178
cachegen_dram,1772731479.1542,7.5944,250.3224000930786
cachegen_dram,1772731479.277955,7.5944,250.44615507125854
cachegen_dram,1772731479.40553,7.5944,250.57372999191284
cachegen_dram,1772731479.573837,7.5944,250.7420370578766
cachegen_dram,1772731479.679577,7.5944,250.8477771282196
cachegen_dram,1772731480.042352,7.5944,251.2105519771576
cachegen_dram,1772731480.16596,7.5944,251.3341600894928
cachegen_dram,1772731480.291765,7.5944,251.45996499061584
cachegen_dram,1772731480.414202,7.5944,251.5824019908905
cachegen_dram,1772731480.539062,7.5944,251.70726203918457
cachegen_dram,1772731480.663632,7.5944,251.83183193206787
cachegen_dram,1772731480.786644,7.5944,251.95484399795532
cachegen_dram,1772731480.939337,7.5944,252.1075370311737
cachegen_dram,1772731481.062833,7.5944,252.23103308677673
cachegen_dram,1772731481.220048,7.5944,252.38824796676636
cachegen_dram,1772731481.3208,7.5944,252.489000082016
cachegen_dram,1772731481.452352,7.5944,252.62055206298828
cachegen_dram,1772731481.572048,7.5944,252.740247964859
cachegen_dram,1772731481.712255,7.5944,252.88045501708984
cachegen_dram,1772731481.837295,7.5944,253.00549507141113
cachegen_dram,1772731481.967475,7.5944,253.1356749534607
cachegen_dram,1772731482.090694,7.5944,253.2588939666748
cachegen_dram,1772731482.214547,7.5944,253.38274693489075
cachegen_dram,1772731482.341193,7.5944,253.50939297676086
cachegen_dram,1772731482.734367,7.5944,253.90256690979004
cachegen_dram,1772731482.845109,7.5944,254.0133090019226
cachegen_dram,1772731482.968245,7.5944,254.1364450454712
cachegen_dram,1772731483.093188,7.5944,254.2613880634308
cachegen_dram,1772731483.21646,7.5944,254.38466000556946
cachegen_dram,1772731483.342398,7.5944,254.51059794425964
cachegen_dram,1772731483.48076,7.5944,254.6489601135254
cachegen_dram,1772731483.603376,7.5944,254.77157592773438
cachegen_dram,1772731483.755644,7.5944,254.9238440990448
cachegen_dram,1772731483.876956,7.5944,255.04515600204468
cachegen_dram,1772731483.998629,7.5944,255.1668291091919
cachegen_dram,1772731484.139732,7.5944,255.3079319000244
cachegen_dram,1772731484.279399,7.5944,255.44759893417358
cachegen_dram,1772731484.40575,7.5944,255.57395005226135
cachegen_dram,1772731484.545216,7.5944,255.71341609954834
cachegen_dram,1772731484.683674,7.5944,255.85187411308289
cachegen_dram,1772731484.83012,7.5944,255.99832010269165
cachegen_dram,1772731484.937705,7.5944,256.10590505599976
cachegen_dram,1772731485.282338,7.5944,256.45053791999817
cachegen_dram,1772731485.386266,7.5944,256.55446600914
cachegen_dram,1772731485.505349,7.5944,256.6735489368439
cachegen_dram,1772731485.645823,7.5944,256.8140230178833
cachegen_dram,1772731485.753625,7.5944,256.9218249320984
cachegen_dram,1772731485.917753,7.5944,257.08595299720764
cachegen_dram,1772731486.02421,7.5944,257.192409992218
cachegen_dram,1772731486.130681,7.5944,257.29888105392456
cachegen_dram,1772731486.25515,7.5944,257.4233500957489
cachegen_dram,1772731486.380633,7.5944,257.54883313179016
cachegen_dram,1772731486.505104,7.5944,257.67330408096313
cachegen_dram,1772731486.630716,7.5944,257.7989161014557
cachegen_dram,1772731486.788651,7.5944,257.9568510055542
cachegen_dram,1772731486.897712,7.5944,258.0659120082855
cachegen_dram,1772731487.039794,7.5944,258.2079939842224
cachegen_dram,1772731487.163543,7.5944,258.33174300193787
cachegen_dram,1772731487.521013,7.5944,258.68921303749084
cachegen_dram,1772731487.630386,7.5944,258.7985861301422
cachegen_dram,1772731487.755602,7.5944,258.9238018989563
cachegen_dram,1772731487.880484,7.5944,259.0486841201782
cachegen_dram,1772731488.005397,7.5944,259.17359709739685
cachegen_dram,1772731488.151304,7.5944,259.31950402259827
cachegen_dram,1772731488.255091,7.5944,259.4232909679413
cachegen_dram,1772731488.406391,7.5944,259.574590921402
cachegen_dram,1772731488.531705,7.5944,259.69990491867065
cachegen_dram,1772731488.657364,7.5944,259.8255639076233
cachegen_dram,1772731488.78303,7.5944,259.9512300491333
cachegen_dram,1772731488.905607,7.5944,260.0738070011139
cachegen_dram,1772731489.03067,7.5944,260.1988699436188
cachegen_dram,1772731489.154092,7.5944,260.3222920894623
cachegen_dram,1772731489.302419,7.5944,260.4706189632416
cachegen_dram,1772731489.637003,7.5944,260.805202960968
cachegen_dram,1772731489.749827,7.5944,260.9180269241333
cachegen_dram,1772731489.873666,7.5944,261.04186606407166
cachegen_dram,1772731489.997762,7.5944,261.1659619808197
cachegen_dram,1772731490.122391,7.5944,261.2905910015106
cachegen_dram,1772731490.248463,7.5944,261.41666293144226
cachegen_dram,1772731490.371394,7.5944,261.5395939350128
cachegen_dram,1772731490.529873,7.5944,261.69807291030884
cachegen_dram,1772731490.647865,7.5944,261.8160650730133
cachegen_dram,1772731490.812935,7.5944,261.9811351299286
cachegen_dram,1772731490.937829,7.5944,262.1060290336609
cachegen_dram,1772731491.061258,7.5944,262.2294580936432
cachegen_dram,1772731491.184337,7.5944,262.3525369167328
cachegen_dram,1772731491.310846,7.5944,262.4790461063385
cachegen_dram,1772731491.677444,7.5944,262.8456439971924
cachegen_dram,1772731491.785279,7.5944,262.95347905158997
cachegen_dram,1772731491.911408,7.5944,263.079607963562
cachegen_dram,1772731492.034862,7.5944,263.2030620574951
cachegen_dram,1772731492.158638,7.5944,263.32683801651
cachegen_dram,1772731492.284203,7.5944,263.4524030685425
cachegen_dram,1772731492.410861,7.5944,263.57906103134155
cachegen_dram,1772731492.557322,7.5944,263.7255220413208
cachegen_dram,1772731492.671795,7.5944,263.83999490737915
cachegen_dram,1772731492.810948,7.5944,263.9791479110718
cachegen_dram,1772731492.935315,7.5944,264.10351490974426
cachegen_dram,1772731493.060963,7.5944,264.22916293144226
cachegen_dram,1772731493.185461,7.5944,264.35366106033325
cachegen_dram,1772731493.341786,7.5944,264.5099859237671
cachegen_dram,1772731493.44815,7.5944,264.6163499355316
cachegen_dram,1772731493.793229,7.5944,264.9614291191101
cachegen_dram,1772731493.904765,7.5944,265.0729649066925
cachegen_dram,1772731494.029262,7.5944,265.1974620819092
cachegen_dram,1772731494.155911,7.5944,265.32411098480225
cachegen_dram,1772731494.297518,7.5944,265.46571803092957
cachegen_dram,1772731494.405141,7.5944,265.5733411312103
cachegen_dram,1772731494.530702,7.5944,265.69890213012695
cachegen_dram,1772731494.659204,7.5944,265.8274040222168
cachegen_dram,1772731494.782739,7.5944,265.9509389400482
cachegen_dram,1772731494.907852,7.5944,266.0760519504547
cachegen_dram,1772731495.033403,7.5944,266.201602935791
cachegen_dram,1772731495.157477,7.5944,266.3256769180298
cachegen_dram,1772731495.283503,7.5944,266.45170307159424
cachegen_dram,1772731495.422411,7.5944,266.59061098098755
cachegen_dram,1772731495.782227,7.5944,266.9504270553589
cachegen_dram,1772731495.910307,7.5944,267.0785069465637
cachegen_dram,1772731496.033374,7.5944,267.20157408714294
cachegen_dram,1772731496.157083,7.5944,267.3252830505371
cachegen_dram,1772731496.283149,7.5944,267.4513490200043
cachegen_dram,1772731496.426769,7.5944,267.59496903419495
cachegen_dram,1772731496.533296,7.5944,267.7014961242676
cachegen_dram,1772731496.686114,7.5944,267.8543140888214
cachegen_dram,1772731496.815061,7.5944,267.98326110839844
cachegen_dram,1772731496.944339,7.5944,268.11253905296326
cachegen_dram,1772731497.067587,7.5944,268.23578691482544
cachegen_dram,1772731497.212402,7.5944,268.38060212135315
cachegen_dram,1772731497.322013,7.5944,268.4902129173279
cachegen_dram,1772731497.445451,7.5944,268.6136510372162
cachegen_dram,1772731497.801204,7.5944,268.9694039821625
cachegen_dram,1772731497.925542,7.5944,269.0937421321869
cachegen_dram,1772731498.056725,7.5944,269.22492504119873
cachegen_dram,1772731498.180767,7.5944,269.3489670753479
cachegen_dram,1772731498.305463,7.5944,269.47366309165955
cachegen_dram,1772731498.431724,7.5944,269.5999240875244
cachegen_dram,1772731498.562807,7.5944,269.7310070991516
cachegen_dram,1772731498.718035,7.5944,269.886234998703
cachegen_dram,1772731498.818964,7.5944,269.98716402053833
cachegen_dram,1772731498.944392,7.5944,270.1125919818878
cachegen_dram,1772731499.074775,7.5944,270.2429749965668
cachegen_dram,1772731499.198153,7.5944,270.36635303497314
cachegen_dram,1772731499.335502,7.5944,270.5037019252777
cachegen_dram,1772731499.461687,7.5944,270.6298871040344
cachegen_dram,1772731499.586811,7.5944,270.75501108169556
cachegen_dram,1772731499.940619,7.5944,271.10881900787354
cachegen_dram,1772731500.055791,7.5944,271.2239909172058
cachegen_dram,1772731500.158875,7.5944,271.32707500457764
cachegen_dram,1772731500.287843,7.5944,271.4560430049896
cachegen_dram,1772731500.412203,7.5944,271.5804030895233
cachegen_dram,1772731500.536598,7.5944,271.70479798316956
cachegen_dram,1772731500.662268,7.5944,271.83046793937683
cachegen_dram,1772731500.805114,7.5944,271.97331404685974
cachegen_dram,1772731500.910683,7.5944,272.07888293266296
cachegen_dram,1772731501.067847,7.5944,272.23604702949524
cachegen_dram,1772731501.178651,7.5944,272.3468511104584
cachegen_dram,1772731501.320683,7.5944,272.48888301849365
cachegen_dram,1772731501.449172,7.5944,272.6173720359802
cachegen_dram,1772731501.574529,7.5944,272.74272894859314
cachegen_dram,1772731501.928843,7.5944,273.09704303741455
cachegen_dram,1772731502.074972,7.5944,273.2431719303131
cachegen_dram,1772731502.1843,7.5944,273.352499961853
cachegen_dram,1772731502.311023,7.5944,273.4792230129242
cachegen_dram,1772731502.43707,7.5944,273.60526990890503
cachegen_dram,1772731502.568483,7.5944,273.7366831302643
cachegen_dram,1772731502.694316,7.5944,273.8625159263611
cachegen_dram,1772731502.838413,7.5944,274.00661301612854
cachegen_dram,1772731502.972333,7.5944,274.14053297042847
cachegen_dram,1772731503.097064,7.5944,274.26526403427124
cachegen_dram,1772731503.224528,7.5944,274.39272809028625
cachegen_dram,1772731503.352625,7.5944,274.5208249092102
cachegen_dram,1772731503.47621,7.5944,274.6444101333618
cachegen_dram,1772731503.870376,7.5944,275.03857612609863
cachegen_dram,1772731503.988281,7.5944,275.15648102760315
cachegen_dram,1772731504.113208,7.5944,275.28140807151794
cachegen_dram,1772731504.238492,7.5944,275.40669202804565
cachegen_dram,1772731504.364194,7.5944,275.53239393234253
cachegen_dram,1772731504.493156,7.5944,275.66135597229004
cachegen_dram,1772731504.630569,7.5944,275.7987689971924
cachegen_dram,1772731504.762557,7.5944,275.93075704574585
cachegen_dram,1772731504.886657,7.5944,276.05485701560974
cachegen_dram,1772731505.015778,7.5944,276.1839780807495
cachegen_dram,1772731505.140496,7.5944,276.30869603157043
cachegen_dram,1772731505.264406,7.5944,276.4326059818268
cachegen_dram,1772731505.3894,7.5944,276.5576000213623
cachegen_dram,1772731505.516429,7.5944,276.68462896347046
cachegen_dram,1772731505.965459,7.5944,277.1336591243744
cachegen_dram,1772731506.077706,7.5944,277.24590611457825
cachegen_dram,1772731506.203975,7.5944,277.3721749782562
cachegen_dram,1772731506.329213,7.5944,277.49741291999817
cachegen_dram,1772731506.489858,7.5944,277.6580579280853
cachegen_dram,1772731506.597996,7.5944,277.76619601249695
cachegen_dram,1772731506.725008,7.5944,277.893208026886
cachegen_dram,1772731506.866943,7.5944,278.03514289855957
cachegen_dram,1772731506.986089,7.5944,278.1542890071869
cachegen_dram,1772731507.111626,7.5944,278.279825925827
cachegen_dram,1772731507.23677,7.5944,278.4049699306488
cachegen_dram,1772731507.397761,7.5944,278.5659611225128
cachegen_dram,1772731507.504021,7.5944,278.6722209453583
cachegen_dram,1772731507.643548,7.5944,278.8117480278015
cachegen_dram,1772731508.019229,7.5944,279.1874289512634
cachegen_dram,1772731508.125669,7.5944,279.2938690185547
cachegen_dram,1772731508.233255,7.5944,279.4014549255371
cachegen_dram,1772731508.351713,7.5944,279.51991295814514
cachegen_dram,1772731508.483879,7.5944,279.6520791053772
cachegen_dram,1772731508.625763,7.5944,279.79396295547485
cachegen_dram,1772731508.750147,7.5944,279.91834712028503
cachegen_dram,1772731508.878409,7.5944,280.0466089248657
cachegen_dram,1772731509.002356,7.5944,280.1705560684204
cachegen_dram,1772731509.131001,7.5944,280.2992010116577
cachegen_dram,1772731509.257336,7.5944,280.4255359172821
cachegen_dram,1772731509.383927,7.5944,280.552127122879
cachegen_dram,1772731509.510331,7.5944,280.6785309314728
cachegen_dram,1772731509.879664,7.5944,281.0478639602661
cachegen_dram,1772731510.004853,7.5944,281.17305302619934
cachegen_dram,1772731510.131806,7.5944,281.30000591278076
cachegen_dram,1772731510.260932,7.5944,281.4291319847107
cachegen_dram,1772731510.384146,7.5944,281.55234599113464
cachegen_dram,1772731510.517004,7.5944,281.68520402908325
cachegen_dram,1772731510.651909,7.5944,281.820109128952
cachegen_dram,1772731510.777198,7.5944,281.9453980922699
cachegen_dram,1772731510.898958,7.5944,282.0671579837799
cachegen_dram,1772731511.062486,7.5944,282.23068594932556
cachegen_dram,1772731511.1971,7.5944,282.36529994010925
cachegen_dram,1772731511.325979,7.5944,282.49417901039124
cachegen_dram,1772731511.480102,7.5944,282.64830207824707
cachegen_dram,1772731511.589153,7.5944,282.75735306739807
cachegen_dram,1772731511.940957,7.5944,283.1091570854187
cachegen_dram,1772731512.08339,7.5944,283.251590013504
cachegen_dram,1772731512.191825,7.5944,283.36002492904663
cachegen_dram,1772731512.319741,7.5944,283.4879410266876
cachegen_dram,1772731512.448951,7.5944,283.6171510219574
cachegen_dram,1772731512.573287,7.5944,283.7414870262146
cachegen_dram,1772731512.728932,7.5944,283.89713191986084
cachegen_dram,1772731512.836711,7.5944,284.00491094589233
cachegen_dram,1772731512.959835,7.5944,284.12803506851196
cachegen_dram,1772731513.111607,7.5944,284.2798070907593
cachegen_dram,1772731513.236063,7.5944,284.40426301956177
cachegen_dram,1772731513.3968,7.5944,284.56500005722046
cachegen_dram,1772731513.506603,7.5944,284.67480301856995
cachegen_dram,1772731513.633016,7.5944,284.8012161254883
cachegen_dram,1772731513.956078,7.5944,285.1242780685425
cachegen_dram,1772731514.075565,7.5944,285.2437651157379
cachegen_dram,1772731514.202878,7.5944,285.3710780143738
cachegen_dram,1772731514.339958,7.5944,285.5081579685211
cachegen_dram,1772731514.477949,7.5944,285.6461489200592
cachegen_dram,1772731514.61145,7.5944,285.77964997291565
cachegen_dram,1772731514.737614,7.5944,285.9058139324188
cachegen_dram,1772731514.870975,7.5944,286.03917503356934
cachegen_dram,1772731514.997082,7.5944,286.1652820110321
cachegen_dram,1772731515.142245,7.5944,286.3104450702667
cachegen_dram,1772731515.263965,7.5944,286.43216490745544
cachegen_dram,1772731515.405836,7.5944,286.5740361213684
cachegen_dram,1772731515.530128,7.5944,286.6983280181885
cachegen_dram,1772731515.894211,7.5944,287.06241106987
cachegen_dram,1772731516.003822,7.5944,287.1720221042633
cachegen_dram,1772731516.129881,7.5944,287.2980809211731
cachegen_dram,1772731516.258556,7.5944,287.42675590515137
cachegen_dram,1772731516.387272,7.5944,287.55547189712524
cachegen_dram,1772731516.512804,7.5944,287.6810040473938
cachegen_dram,1772731516.635711,7.5944,287.80391097068787
cachegen_dram,1772731516.761457,7.5944,287.9296569824219
cachegen_dram,1772731516.88938,7.5944,288.05757999420166
cachegen_dram,1772731517.057133,7.5944,288.2253329753876
cachegen_dram,1772731517.184575,7.5944,288.3527750968933
cachegen_dram,1772731517.31099,7.5944,288.4791901111603
cachegen_dram,1772731517.436325,7.5944,288.6045250892639
cachegen_dram,1772731517.784808,7.5944,288.95300793647766
cachegen_dram,1772731517.913137,7.5944,289.08133697509766
cachegen_dram,1772731518.034055,7.5944,289.20225501060486
cachegen_dram,1772731518.157325,7.5944,289.3255250453949
cachegen_dram,1772731518.283207,7.5944,289.451406955719
cachegen_dram,1772731518.42644,7.5944,289.5946400165558
cachegen_dram,1772731518.536607,7.5944,289.70480704307556
cachegen_dram,1772731518.697261,7.5944,289.8654611110687
cachegen_dram,1772731518.823849,7.5944,289.99204897880554
cachegen_dram,1772731518.951775,7.5944,290.11997509002686
cachegen_dram,1772731519.078078,7.5944,290.24627804756165
cachegen_dram,1772731519.231685,7.5944,290.3998849391937
cachegen_dram,1772731519.350179,7.5944,290.5183789730072
cachegen_dram,1772731519.474814,7.5944,290.6430139541626
cachegen_dram,1772731519.854194,7.5944,291.0223939418793
cachegen_dram,1772731519.963906,7.5944,291.1321060657501
cachegen_dram,1772731520.09663,7.5944,291.2648301124573
cachegen_dram,1772731520.249828,7.5944,291.4180281162262
cachegen_dram,1772731520.358918,7.5944,291.5271179676056
cachegen_dram,1772731520.497996,7.5944,291.6661961078644
cachegen_dram,1772731520.632014,7.5944,291.8002140522003
cachegen_dram,1772731520.778831,7.5944,291.94703102111816
cachegen_dram,1772731520.899804,7.5944,292.06800413131714
cachegen_dram,1772731521.027402,7.5944,292.19560194015503
cachegen_dram,1772731521.160564,7.5944,292.328763961792
cachegen_dram,1772731521.293858,7.5944,292.4620580673218
cachegen_dram,1772731521.421316,7.5944,292.58951592445374
cachegen_dram,1772731521.75602,7.5944,292.92422008514404
cachegen_dram,1772731521.886334,7.5944,293.05453395843506
cachegen_dram,1772731522.006237,7.5944,293.174437046051
cachegen_dram,1772731522.132591,7.5944,293.30079102516174
cachegen_dram,1772731522.259223,7.5944,293.4274230003357
cachegen_dram,1772731522.401988,7.5944,293.5701880455017
cachegen_dram,1772731522.527647,7.5944,293.69584703445435
cachegen_dram,1772731522.664248,7.5944,293.83244800567627
cachegen_dram,1772731522.805353,7.5944,293.973552942276
cachegen_dram,1772731522.941302,7.5944,294.10950207710266
cachegen_dram,1772731523.061787,7.5944,294.22998690605164
cachegen_dram,1772731523.187456,7.5944,294.3556559085846
cachegen_dram,1772731523.571562,7.5944,294.7397620677948
cachegen_dram,1772731523.694917,7.5944,294.863116979599
cachegen_dram,1772731523.821668,7.5944,294.9898679256439
cachegen_dram,1772731523.945597,7.5944,295.1137969493866
cachegen_dram,1772731524.072367,7.5944,295.24056696891785
cachegen_dram,1772731524.219095,7.5944,295.3872950077057
cachegen_dram,1772731524.341628,7.5944,295.5098280906677
cachegen_dram,1772731524.469777,7.5944,295.6379771232605
cachegen_dram,1772731524.594575,7.5944,295.7627749443054
cachegen_dram,1772731524.720484,7.5944,295.88868403434753
cachegen_dram,1772731524.863157,7.5944,296.031357049942
cachegen_dram,1772731524.987984,7.5944,296.1561839580536
cachegen_dram,1772731525.146636,7.5944,296.31483602523804
cachegen_dram,1772731525.479192,7.5944,296.64739203453064
cachegen_dram,1772731525.618678,7.5944,296.78687810897827
cachegen_dram,1772731525.729875,7.5944,296.89807510375977
cachegen_dram,1772731525.856561,7.5944,297.0247609615326
cachegen_dram,1772731525.993685,7.5944,297.16188502311707
cachegen_dram,1772731526.119556,7.5944,297.2877559661865
cachegen_dram,1772731526.264314,7.5944,297.43251395225525
cachegen_dram,1772731526.374851,7.5944,297.5430510044098
cachegen_dram,1772731526.503509,7.5944,297.67170906066895
cachegen_dram,1772731526.629171,7.5944,297.79737091064453
cachegen_dram,1772731526.76927,7.5944,297.93746995925903
cachegen_dram,1772731526.893749,7.5944,298.0619490146637
cachegen_dram,1772731527.035392,7.5944,298.20359206199646
cachegen_dram,1772731527.41254,7.5944,298.5807399749756
cachegen_dram,1772731527.531308,7.5944,298.69950795173645
cachegen_dram,1772731527.664469,7.5944,298.8326690196991
cachegen_dram,1772731527.792437,7.5944,298.96063709259033
cachegen_dram,1772731527.917008,7.5944,299.08520793914795
cachegen_dram,1772731528.044699,7.5944,299.21289896965027
cachegen_dram,1772731528.172304,7.5944,299.34050393104553
cachegen_dram,1772731528.297949,7.5944,299.4661490917206
cachegen_dram,1772731528.483129,7.5944,299.65132904052734
cachegen_dram,1772731528.5911,7.5944,299.759299993515
cachegen_dram,1772731528.698245,7.5944,299.8664450645447
cachegen_dram,1772731528.824956,7.5944,299.9931559562683
cachegen_dram,1772731529.176991,7.5944,300.3451910018921
cachegen_dram,1772731529.292061,7.5944,300.4602611064911
cachegen_dram,1772731529.417862,7.5944,300.5860619544983
cachegen_dram,1772731529.546964,7.5944,300.71516394615173
cachegen_dram,1772731529.686356,7.5944,300.8545560836792
cachegen_dram,1772731529.828049,7.5944,300.996248960495
cachegen_dram,1772731529.954708,7.5944,301.12290811538696
cachegen_dram,1772731530.096718,7.5944,301.26491808891296
cachegen_dram,1772731530.241411,7.5944,301.4096109867096
cachegen_dram,1772731530.369039,7.5944,301.53723907470703
cachegen_dram,1772731530.496476,7.5944,301.664675951004
cachegen_dram,1772731530.639479,7.5944,301.807678937912
cachegen_dram,1772731530.784107,7.5944,301.9523069858551
cachegen_dram,1772731531.093467,7.5944,302.26166701316833
cachegen_dram,1772731531.21378,7.5944,302.3819799423218
cachegen_dram,1772731531.343436,7.5944,302.51163601875305
cachegen_dram,1772731531.46889,7.5944,302.63708996772766
cachegen_dram,1772731531.629399,7.5944,302.79759907722473
cachegen_dram,1772731531.740718,7.5944,302.90891790390015
cachegen_dram,1772731531.856091,7.5944,303.0242910385132
cachegen_dram,1772731531.984211,7.5944,303.1524109840393
cachegen_dram,1772731532.110742,7.5944,303.2789421081543
cachegen_dram,1772731532.240247,7.5944,303.4084470272064
cachegen_dram,1772731532.368566,7.5944,303.5367660522461
cachegen_dram,1772731532.497079,7.5944,303.6652789115906
cachegen_dram,1772731532.624609,7.5944,303.792809009552
cachegen_dram,1772731532.997711,7.5944,304.1659109592438
cachegen_dram,1772731533.124653,7.5944,304.29285311698914
cachegen_dram,1772731533.252077,7.5944,304.42027711868286
cachegen_dram,1772731533.393291,7.5944,304.56149101257324
cachegen_dram,1772731533.522228,7.5944,304.69042801856995
cachegen_dram,1772731533.649304,7.5944,304.8175039291382
cachegen_dram,1772731533.776872,7.5944,304.9450719356537
cachegen_dram,1772731533.916464,7.5944,305.084664106369
cachegen_dram,1772731534.059611,7.5944,305.22781109809875
cachegen_dram,1772731534.189086,7.5944,305.3572859764099
cachegen_dram,1772731534.315524,7.5944,305.48372411727905
cachegen_dram,1772731534.44802,7.5944,305.616219997406
cachegen_dram,1772731534.835838,7.5944,306.00403809547424
cachegen_dram,1772731534.945851,7.5944,306.1140511035919
cachegen_dram,1772731535.072534,7.5944,306.2407341003418
cachegen_dram,1772731535.20659,7.5944,306.3747899532318
cachegen_dram,1772731535.358321,7.5944,306.5265209674835
cachegen_dram,1772731535.471501,7.5944,306.639701128006
cachegen_dram,1772731535.595441,7.5944,306.7636411190033
cachegen_dram,1772731535.723099,7.5944,306.8912990093231
cachegen_dram,1772731535.849615,7.5944,307.0178151130676
cachegen_dram,1772731535.975127,7.5944,307.14332699775696
cachegen_dram,1772731536.148969,7.5944,307.31716895103455
cachegen_dram,1772731536.266082,7.5944,307.43428206443787
cachegen_dram,1772731536.411954,7.5944,307.58015394210815
cachegen_dram,1772731536.771301,7.5944,307.9395010471344
cachegen_dram,1772731536.896284,7.5944,308.0644841194153
cachegen_dram,1772731537.021483,7.5944,308.18968296051025
cachegen_dram,1772731537.17015,7.5944,308.33835005760193
cachegen_dram,1772731537.278875,7.5944,308.4470751285553
cachegen_dram,1772731537.407422,7.5944,308.5756220817566
cachegen_dram,1772731537.54743,7.5944,308.7156300544739
cachegen_dram,1772731537.681105,7.5944,308.8493049144745
cachegen_dram,1772731537.819803,7.5944,308.9880030155182
cachegen_dram,1772731537.942358,7.5944,309.1105580329895
cachegen_dram,1772731538.070302,7.5944,309.23850202560425
cachegen_dram,1772731538.199115,7.5944,309.3673150539398
cachegen_dram,1772731538.569526,7.5944,309.7377259731293
cachegen_dram,1772731538.692678,7.5944,309.86087799072266
cachegen_dram,1772731538.820154,7.5944,309.9883539676666
cachegen_dram,1772731538.964605,7.5944,310.13280510902405
cachegen_dram,1772731539.100575,7.5944,310.2687749862671
cachegen_dram,1772731539.221061,7.5944,310.38926100730896
cachegen_dram,1772731539.350639,7.5944,310.51883912086487
cachegen_dram,1772731539.490089,7.5944,310.6582889556885
cachegen_dram,1772731539.631607,7.5944,310.7998070716858
cachegen_dram,1772731539.757767,7.5944,310.9259669780731
cachegen_dram,1772731539.887333,7.5944,311.0555329322815
cachegen_dram,1772731540.015701,7.5944,311.18390107154846
cachegen_dram,1772731540.145031,7.5944,311.3132309913635
cachegen_dram,1772731540.518552,7.5944,311.68675208091736
cachegen_dram,1772731540.652359,7.5944,311.8205590248108
cachegen_dram,1772731540.771964,7.5944,311.9401640892029
cachegen_dram,1772731540.902542,7.5944,312.07074213027954
cachegen_dram,1772731541.028478,7.5944,312.1966779232025
cachegen_dram,1772731541.154473,7.5944,312.3226730823517
cachegen_dram,1772731541.281468,7.5944,312.449667930603
cachegen_dram,1772731541.423617,7.5944,312.59181690216064
cachegen_dram,1772731541.58076,7.5944,312.74896001815796
cachegen_dram,1772731541.709569,7.5944,312.8777689933777
cachegen_dram,1772731541.835572,7.5944,313.00377202033997
cachegen_dram,1772731541.980825,7.5944,313.1490249633789
cachegen_dram,1772731542.359128,7.5944,313.5273280143738
cachegen_dram,1772731542.48632,7.5944,313.65452003479004
cachegen_dram,1772731542.615305,7.5944,313.78350496292114
cachegen_dram,1772731542.741843,7.5944,313.9100430011749
cachegen_dram,1772731542.874155,7.5944,314.0423550605774
cachegen_dram,1772731543.003592,7.5944,314.1717920303345
cachegen_dram,1772731543.136693,7.5944,314.3048930168152
cachegen_dram,1772731543.267696,7.5944,314.4358959197998
cachegen_dram,1772731543.398019,7.5944,314.5662190914154
cachegen_dram,1772731543.533698,7.5944,314.70189809799194
cachegen_dram,1772731543.661521,7.5944,314.8297209739685
cachegen_dram,1772731544.008595,7.5944,315.17679500579834
cachegen_dram,1772731544.108788,7.5944,315.27698802948
cachegen_dram,1772731544.234077,7.5944,315.40227699279785
cachegen_dram,1772731544.361115,7.5944,315.529314994812
cachegen_dram,1772731544.487578,7.5944,315.6557779312134
cachegen_dram,1772731544.630075,7.5944,315.7982749938965
cachegen_dram,1772731544.768865,7.5944,315.9370651245117
cachegen_dram,1772731544.876909,7.5944,316.0451090335846
cachegen_dram,1772731545.00956,7.5944,316.17776012420654
cachegen_dram,1772731545.137677,7.5944,316.30587697029114
cachegen_dram,1772731545.264384,7.5944,316.4325840473175
cachegen_dram,1772731545.406998,7.5944,316.57519793510437
cachegen_dram,1772731545.768963,7.5944,316.93716311454773
cachegen_dram,1772731545.911811,7.5944,317.0800111293793
cachegen_dram,1772731546.024642,7.5944,317.19284200668335
cachegen_dram,1772731546.166753,7.5944,317.3349530696869
cachegen_dram,1772731546.313277,7.5944,317.481477022171
cachegen_dram,1772731546.4241,7.5944,317.5922999382019
cachegen_dram,1772731546.564037,7.5944,317.7322371006012
cachegen_dram,1772731546.690801,7.5944,317.8590009212494
cachegen_dram,1772731546.820074,7.5944,317.9882740974426
cachegen_dram,1772731546.949198,7.5944,318.11739802360535
cachegen_dram,1772731547.097943,7.5944,318.2661430835724
cachegen_dram,1772731547.224457,7.5944,318.3926570415497
cachegen_dram,1772731547.369658,7.5944,318.5378580093384
cachegen_dram,1772731547.75404,7.5944,318.9222400188446
cachegen_dram,1772731547.882509,7.5944,319.05070900917053
cachegen_dram,1772731548.010047,7.5944,319.17824697494507
cachegen_dram,1772731548.151185,7.5944,319.3193850517273
cachegen_dram,1772731548.276098,7.5944,319.4442980289459
cachegen_dram,1772731548.406867,7.5944,319.57506704330444
cachegen_dram,1772731548.555157,7.5944,319.723356962204
cachegen_dram,1772731548.663573,7.5944,319.83177304267883
cachegen_dram,1772731548.800942,7.5944,319.96914196014404
cachegen_dram,1772731548.932675,7.5944,320.10087490081787
cachegen_dram,1772731549.065934,7.5944,320.2341339588165
cachegen_dram,1772731549.209232,7.5944,320.3774321079254
cachegen_dram,1772731549.612682,7.5944,320.78088212013245
cachegen_dram,1772731549.723431,7.5944,320.8916311264038
cachegen_dram,1772731549.850909,7.5944,321.0191090106964
cachegen_dram,1772731549.995422,7.5944,321.1636219024658
cachegen_dram,1772731550.157787,7.5944,321.3259871006012
cachegen_dram,1772731550.258767,7.5944,321.4269669055939
cachegen_dram,1772731550.364114,7.5944,321.53231406211853
cachegen_dram,1772731550.49117,7.5944,321.6593699455261
cachegen_dram,1772731550.636446,7.5944,321.80464601516724
cachegen_dram,1772731550.763916,7.5944,321.93211603164673
cachegen_dram,1772731550.928052,7.5944,322.0962519645691
cachegen_dram,1772731551.040419,7.5944,322.2086191177368
cachegen_dram,1772731551.380692,7.5944,322.5488920211792
cachegen_dram,1772731551.509253,7.5944,322.67745304107666
cachegen_dram,1772731551.634316,7.5944,322.80251598358154
cachegen_dram,1772731551.762149,7.5944,322.930349111557
cachegen_dram,1772731551.890213,7.5944,323.05841302871704
cachegen_dram,1772731552.016671,7.5944,323.18487095832825
cachegen_dram,1772731552.145117,7.5944,323.3133170604706
cachegen_dram,1772731552.271741,7.5944,323.43994092941284
cachegen_dram,1772731552.402801,7.5944,323.57100105285645
cachegen_dram,1772731552.531253,7.5944,323.69945311546326
cachegen_dram,1772731552.711474,7.5944,323.8796739578247
cachegen_dram,1772731552.82266,7.5944,323.99085998535156
cachegen_dram,1772731553.150959,7.5944,324.3191590309143
cachegen_dram,1772731553.276024,7.5944,324.4442241191864
cachegen_dram,1772731553.412362,7.5944,324.5805621147156
cachegen_dram,1772731553.535084,7.5944,324.70328402519226
cachegen_dram,1772731553.680858,7.5944,324.84905791282654
cachegen_dram,1772731553.811069,7.5944,324.97926902770996
cachegen_dram,1772731553.935779,7.5944,325.1039791107178
cachegen_dram,1772731554.083829,7.5944,325.25202894210815
cachegen_dram,1772731554.192276,7.5944,325.3604760169983
cachegen_dram,1772731554.320166,7.5944,325.48836612701416
cachegen_dram,1772731554.500283,7.5944,325.6684830188751
cachegen_dram,1772731554.614389,7.5944,325.78258895874023
cachegen_dram,1772731555.008938,7.5944,326.17713809013367
cachegen_dram,1772731555.123611,7.5944,326.2918109893799
cachegen_dram,1772731555.246042,7.5944,326.41424202919006
cachegen_dram,1772731555.375893,7.5944,326.54409313201904
cachegen_dram,1772731555.50323,7.5944,326.6714301109314
cachegen_dram,1772731555.645444,7.5944,326.81364393234253
cachegen_dram,1772731555.78759,7.5944,326.9557900428772
cachegen_dram,1772731555.914853,7.5944,327.08305311203003
cachegen_dram,1772731556.0752,7.5944,327.2434000968933
cachegen_dram,1772731556.20396,7.5944,327.37215995788574
cachegen_dram,1772731556.332375,7.5944,327.5005750656128
cachegen_dram,1772731556.46701,7.5944,327.63521003723145
cachegen_dram,1772731556.828924,7.5944,327.9971239566803
cachegen_dram,1772731556.957782,7.5944,328.1259820461273
cachegen_dram,1772731557.10416,7.5944,328.27236008644104
cachegen_dram,1772731557.215837,7.5944,328.38403701782227
cachegen_dram,1772731557.34812,7.5944,328.5163199901581
cachegen_dram,1772731557.490995,7.5944,328.65919494628906
cachegen_dram,1772731557.619539,7.5944,328.7877390384674
cachegen_dram,1772731557.762174,7.5944,328.93037390708923
cachegen_dram,1772731557.921542,7.5944,329.0897419452667
cachegen_dram,1772731558.049699,7.5944,329.2178990840912
cachegen_dram,1772731558.178442,7.5944,329.3466420173645
cachegen_dram,1772731558.313262,7.5944,329.48146200180054
cachegen_dram,1772731558.721567,7.5944,329.8897669315338
cachegen_dram,1772731558.853307,7.5944,330.021507024765
cachegen_dram,1772731558.987557,7.5944,330.1557569503784
cachegen_dram,1772731559.111398,7.5944,330.2795979976654
cachegen_dram,1772731559.237662,7.5944,330.4058620929718
cachegen_dram,1772731559.364991,7.5944,330.53319096565247
cachegen_dram,1772731559.512234,7.5944,330.68043398857117
cachegen_dram,1772731559.621878,7.5944,330.7900779247284
cachegen_dram,1772731559.751188,7.5944,330.9193880558014
cachegen_dram,1772731559.880563,7.5944,331.0487630367279
cachegen_dram,1772731560.007399,7.5944,331.17559909820557
cachegen_dram,1772731560.137253,7.5944,331.3054530620575
cachegen_dram,1772731560.573418,7.5944,331.7416179180145
cachegen_dram,1772731560.678647,7.5944,331.84684705734253
cachegen_dram,1772731560.806232,7.5944,331.97443199157715
cachegen_dram,1772731560.938684,7.5944,332.10688400268555
cachegen_dram,1772731561.065017,7.5944,332.2332170009613
cachegen_dram,1772731561.212749,7.5944,332.38094902038574
cachegen_dram,1772731561.357224,7.5944,332.5254240036011
cachegen_dram,1772731561.476455,7.5944,332.64465498924255
cachegen_dram,1772731561.622652,7.5944,332.79085206985474
cachegen_dram,1772731561.734026,7.5944,332.9022259712219
cachegen_dram,1772731561.862865,7.5944,333.0310649871826
cachegen_dram,1772731562.004887,7.5944,333.17308712005615
cachegen_dram,1772731562.38928,7.5944,333.557480096817
cachegen_dram,1772731562.513861,7.5944,333.68206095695496
cachegen_dram,1772731562.641853,7.5944,333.8100531101227
cachegen_dram,1772731562.770163,7.5944,333.93836307525635
cachegen_dram,1772731562.896394,7.5944,334.06459403038025
cachegen_dram,1772731563.028956,7.5944,334.1971559524536
cachegen_dram,1772731563.167948,7.5944,334.33614802360535
cachegen_dram,1772731563.314773,7.5944,334.4829730987549
cachegen_dram,1772731563.444756,7.5944,334.6129560470581
cachegen_dram,1772731563.574275,7.5944,334.7424750328064
cachegen_dram,1772731563.703811,7.5944,334.8720109462738
cachegen_dram,1772731564.08536,7.5944,335.25356006622314
cachegen_dram,1772731564.218694,7.5944,335.38689398765564
cachegen_dram,1772731564.356845,7.5944,335.5250449180603
cachegen_dram,1772731564.479424,7.5944,335.6476240158081
cachegen_dram,1772731564.622046,7.5944,335.79024600982666
cachegen_dram,1772731564.735215,7.5944,335.9034149646759
cachegen_dram,1772731564.862881,7.5944,336.0310809612274
cachegen_dram,1772731564.993529,7.5944,336.16172909736633
cachegen_dram,1772731565.137118,7.5944,336.3053181171417
cachegen_dram,1772731565.260014,7.5944,336.42821407318115
cachegen_dram,1772731565.403896,7.5944,336.57209610939026
cachegen_dram,1772731565.777298,7.5944,336.94549798965454
cachegen_dram,1772731565.904183,7.5944,337.0723829269409
cachegen_dram,1772731566.040978,7.5944,337.20917797088623
cachegen_dram,1772731566.1621,7.5944,337.33030009269714
cachegen_dram,1772731566.294075,7.5944,337.46227502822876
cachegen_dram,1772731566.423043,7.5944,337.59124302864075
cachegen_dram,1772731566.555459,7.5944,337.7236590385437
cachegen_dram,1772731566.684881,7.5944,337.8530809879303
cachegen_dram,1772731566.815214,7.5944,337.98341393470764
cachegen_dram,1772731566.959431,7.5944,338.1276309490204
cachegen_dram,1772731567.095359,7.5944,338.2635591030121
cachegen_dram,1772731567.221715,7.5944,338.38991498947144
cachegen_dram,1772731567.632037,7.5944,338.8002369403839
cachegen_dram,1772731567.733474,7.5944,338.9016740322113
cachegen_dram,1772731567.845652,7.5944,339.0138521194458
cachegen_dram,1772731567.974881,7.5944,339.1430809497833
cachegen_dram,1772731568.123366,7.5944,339.29156613349915
cachegen_dram,1772731568.233803,7.5944,339.40200304985046
cachegen_dram,1772731568.372644,7.5944,339.54084396362305
cachegen_dram,1772731568.510129,7.5944,339.6783289909363
cachegen_dram,1772731568.639922,7.5944,339.80812191963196
cachegen_dram,1772731568.771993,7.5944,339.94019293785095
cachegen_dram,1772731568.919007,7.5944,340.0872070789337
cachegen_dram,1772731569.041031,7.5944,340.2092308998108
cachegen_dram,1772731569.406566,7.5944,340.57476592063904
cachegen_dram,1772731569.534391,7.5944,340.7025909423828
cachegen_dram,1772731569.68326,7.5944,340.851459980011
cachegen_dram,1772731569.826203,7.5944,340.9944031238556
cachegen_dram,1772731569.932944,7.5944,341.1011440753937
cachegen_dram,1772731570.065813,7.5944,341.2340130805969
cachegen_dram,1772731570.192309,7.5944,341.3605089187622
cachegen_dram,1772731570.321101,7.5944,341.4893009662628
cachegen_dram,1772731570.460365,7.5944,341.6285650730133
cachegen_dram,1772731570.588196,7.5944,341.75639605522156
cachegen_dram,1772731570.71825,7.5944,341.88645005226135
cachegen_dram,1772731571.416502,7.5944,342.5847020149231
cachegen_dram,1772731571.550091,7.5944,342.71829104423523
cachegen_dram,1772731571.678914,7.5944,342.8471140861511
cachegen_dram,1772731571.82355,7.5944,342.99175000190735
cachegen_dram,1772731571.935984,7.5944,343.1041839122772
cachegen_dram,1772731572.083884,7.5944,343.2520840167999
cachegen_dram,1772731572.208847,7.5944,343.37704706192017
cachegen_dram,1772731572.336736,7.5944,343.50493597984314
cachegen_dram,1772731572.483404,7.5944,343.65160393714905
cachegen_dram,1772731572.658171,7.5944,343.82637095451355
cachegen_dram,1772731572.995241,7.5944,344.1634409427643
cachegen_dram,1772731573.105101,7.5944,344.27330112457275
cachegen_dram,1772731573.234317,7.5944,344.402517080307
cachegen_dram,1772731573.362092,7.5944,344.53029203414917
cachegen_dram,1772731573.490453,7.5944,344.65865302085876
cachegen_dram,1772731573.639302,7.5944,344.8075020313263
cachegen_dram,1772731573.75079,7.5944,344.91899013519287
cachegen_dram,1772731573.902207,7.5944,345.0704069137573
cachegen_dram,1772731574.043443,7.5944,345.21164298057556
cachegen_dram,1772731574.173352,7.5944,345.34155201911926
cachegen_dram,1772731574.300756,7.5944,345.46895599365234
cachegen_dram,1772731574.429555,7.5944,345.59775495529175
cachegen_dram,1772731574.833358,7.5944,346.00155806541443
cachegen_dram,1772731574.96437,7.5944,346.13257002830505
cachegen_dram,1772731575.110032,7.5944,346.27823209762573
cachegen_dram,1772731575.221619,7.5944,346.38981890678406
cachegen_dram,1772731575.351058,7.5944,346.51925802230835
cachegen_dram,1772731575.499412,7.5944,346.66761207580566
cachegen_dram,1772731575.627507,7.5944,346.795706987381
cachegen_dram,1772731575.757114,7.5944,346.92531394958496
cachegen_dram,1772731575.884908,7.5944,347.05310797691345
cachegen_dram,1772731576.027979,7.5944,347.19617891311646
cachegen_dram,1772731576.176815,7.5944,347.3450150489807
cachegen_dram,1772731576.654181,7.5944,347.8223810195923
cachegen_dram,1772731576.756998,7.5944,347.9251980781555
cachegen_dram,1772731576.870917,7.5944,348.0391170978546
cachegen_dram,1772731577.018989,7.5944,348.18718910217285
cachegen_dram,1772731577.148207,7.5944,348.31640696525574
cachegen_dram,1772731577.26352,7.5944,348.43172001838684
cachegen_dram,1772731577.391093,7.5944,348.5592930316925
cachegen_dram,1772731577.521066,7.5944,348.6892659664154
cachegen_dram,1772731577.667924,7.5944,348.83612394332886
cachegen_dram,1772731577.794655,7.5944,348.9628551006317
cachegen_dram,1772731577.968622,7.5944,349.13682198524475
cachegen_dram,1772731578.339257,7.5944,349.50745701789856
cachegen_dram,1772731578.439983,7.5944,349.6081829071045
cachegen_dram,1772731578.570475,7.5944,349.7386751174927
cachegen_dram,1772731578.710385,7.5944,349.87858510017395
cachegen_dram,1772731578.825181,7.5944,349.993381023407
cachegen_dram,1772731578.957299,7.5944,350.12549901008606
cachegen_dram,1772731579.085862,7.5944,350.25406193733215
cachegen_dram,1772731579.214514,7.5944,350.38271403312683
cachegen_dram,1772731579.359792,7.5944,350.5279920101166
cachegen_dram,1772731579.50384,7.5944,350.67203998565674
cachegen_dram,1772731579.635004,7.5944,350.80320405960083
cachegen_dram,1772731579.763079,7.5944,350.9312789440155
cachegen_dram,1772731580.145411,7.5944,351.3136110305786
cachegen_dram,1772731580.273225,7.5944,351.44142508506775
cachegen_dram,1772731580.406,7.5944,351.57419991493225
cachegen_dram,1772731580.536458,7.5944,351.7046580314636
cachegen_dram,1772731580.67719,7.5944,351.84539008140564
cachegen_dram,1772731580.809617,7.5944,351.97781705856323
cachegen_dram,1772731580.942897,7.5944,352.11109709739685
cachegen_dram,1772731581.069804,7.5944,352.2380039691925
cachegen_dram,1772731581.200226,7.5944,352.36842608451843
cachegen_dram,1772731581.328773,7.5944,352.4969730377197
cachegen_dram,1772731581.456677,7.5944,352.6248769760132
cachegen_dram,1772731581.937418,7.5944,353.1056180000305
cachegen_dram,1772731582.065646,7.5944,353.233845949173
cachegen_dram,1772731582.176176,7.5944,353.3443760871887
cachegen_dram,1772731582.306334,7.5944,353.474534034729
cachegen_dram,1772731582.432986,7.5944,353.6011860370636
cachegen_dram,1772731582.586193,7.5944,353.7543931007385
cachegen_dram,1772731582.715496,7.5944,353.88369607925415
cachegen_dram,1772731582.893108,7.5944,354.0613079071045
cachegen_dram,1772731583.007327,7.5944,354.1755270957947
cachegen_dram,1772731583.132819,7.5944,354.30101895332336
cachegen_dram,1772731583.264421,7.5944,354.43262100219727
cachegen_dram,1772731583.622693,7.5944,354.79089307785034
cachegen_dram,1772731583.755129,7.5944,354.92332911491394
cachegen_dram,1772731583.883774,7.5944,355.05197405815125
cachegen_dram,1772731584.013528,7.5944,355.18172812461853
cachegen_dram,1772731584.175017,7.5944,355.3432171344757
cachegen_dram,1772731584.275902,7.5944,355.4441020488739
cachegen_dram,1772731584.404598,7.5944,355.57279801368713
cachegen_dram,1772731584.544535,7.5944,355.71273493766785
cachegen_dram,1772731584.707129,7.5944,355.87532901763916
cachegen_dram,1772731584.807956,7.5944,355.97615599632263
cachegen_dram,1772731584.938913,7.5944,356.10711312294006
cachegen_dram,1772731585.312931,7.5944,356.48113107681274
cachegen_dram,1772731585.431954,7.5944,356.60015392303467
cachegen_dram,1772731585.559781,7.5944,356.72798109054565
cachegen_dram,1772731585.689717,7.5944,356.8579170703888
cachegen_dram,1772731585.821498,7.5944,356.989697933197
cachegen_dram,1772731585.998327,7.5944,357.1665270328522
cachegen_dram,1772731586.106653,7.5944,357.2748529911041
cachegen_dram,1772731586.235598,7.5944,357.4037981033325
cachegen_dram,1772731586.368074,7.5944,357.5362739562988
cachegen_dram,1772731586.504657,7.5944,357.6728570461273
cachegen_dram,1772731586.630539,7.5944,357.7987389564514
cachegen_dram,1772731586.98674,7.5944,358.1549401283264
cachegen_dram,1772731587.127922,7.5944,358.2961220741272
cachegen_dram,1772731587.257535,7.5944,358.42573499679565
cachegen_dram,1772731587.387613,7.5944,358.55581307411194
cachegen_dram,1772731587.522264,7.5944,358.6904640197754
cachegen_dram,1772731587.646456,7.5944,358.8146560192108
cachegen_dram,1772731587.822985,7.5944,358.9911849498749
cachegen_dram,1772731587.93607,7.5944,359.1042699813843
cachegen_dram,1772731588.064399,7.5944,359.2325990200043
cachegen_dram,1772731588.195039,7.5944,359.3632390499115
cachegen_dram,1772731588.323699,7.5944,359.4918990135193
cachegen_dram,1772731588.71263,7.5944,359.88083004951477
cachegen_dram,1772731588.860644,7.5944,360.0288441181183
cachegen_dram,1772731588.975796,7.5944,360.1439960002899
cachegen_dram,1772731589.10578,7.5944,360.27397990226746
cachegen_dram,1772731589.252625,7.5944,360.42082500457764
cachegen_dram,1772731589.364898,7.5944,360.5330979824066
cachegen_dram,1772731589.492569,7.5944,360.6607689857483
cachegen_dram,1772731589.623439,7.5944,360.79163908958435
cachegen_dram,1772731589.770504,7.5944,360.93870401382446
cachegen_dram,1772731589.899689,7.5944,361.06788897514343
cachegen_dram,1772731590.028926,7.5944,361.19712591171265
cachegen_dram,1772731590.4319,7.5944,361.6001000404358
cachegen_dram,1772731590.550787,7.5944,361.7189869880676
cachegen_dram,1772731590.681038,7.5944,361.84923791885376
cachegen_dram,1772731590.811037,7.5944,361.97923707962036
cachegen_dram,1772731590.943823,7.5944,362.1120231151581
cachegen_dram,1772731591.081663,7.5944,362.249862909317
cachegen_dram,1772731591.227371,7.5944,362.39557099342346
cachegen_dram,1772731591.356208,7.5944,362.5244081020355
cachegen_dram,1772731591.522262,7.5944,362.69046211242676
cachegen_dram,1772731591.633075,7.5944,362.8012750148773
cachegen_dram,1772731592.015387,7.5944,363.1835870742798
cachegen_dram,1772731592.149286,7.5944,363.31748604774475
cachegen_dram,1772731592.279904,7.5944,363.4481039047241
cachegen_dram,1772731592.407055,7.5944,363.5752549171448
cachegen_dram,1772731592.542991,7.5944,363.7111909389496
cachegen_dram,1772731592.705993,7.5944,363.87419295310974
cachegen_dram,1772731592.816413,7.5944,363.98461294174194
cachegen_dram,1772731592.945663,7.5944,364.113862991333
cachegen_dram,1772731593.092713,7.5944,364.2609131336212
cachegen_dram,1772731593.265604,7.5944,364.43380403518677
cachegen_dram,1772731593.371985,7.5944,364.5401849746704
cachegen_dram,1772731593.729116,7.5944,364.8973159790039
cachegen_dram,1772731593.860396,7.5944,365.02859592437744
cachegen_dram,1772731593.991014,7.5944,365.1592140197754
cachegen_dram,1772731594.11877,7.5944,365.2869699001312
cachegen_dram,1772731594.24957,7.5944,365.41776990890503
cachegen_dram,1772731594.379984,7.5944,365.54818391799927
cachegen_dram,1772731594.513932,7.5944,365.6821320056915
cachegen_dram,1772731594.65913,7.5944,365.8273301124573
cachegen_dram,1772731594.788378,7.5944,365.9565780162811
cachegen_dram,1772731594.940466,7.5944,366.10866594314575
cachegen_dram,1772731595.570941,7.5944,366.73914098739624
cachegen_dram,1772731595.671854,7.5944,366.84005403518677
cachegen_dram,1772731595.786655,7.5944,366.95485496520996
cachegen_dram,1772731595.930797,7.5944,367.09899711608887
cachegen_dram,1772731596.036668,7.5944,367.2048680782318
cachegen_dram,1772731596.160502,7.5944,367.3287019729614
cachegen_dram,1772731596.288503,7.5944,367.4567029476166
cachegen_dram,1772731596.420566,7.5944,367.58876609802246
cachegen_dram,1772731596.551167,7.5944,367.7193670272827
cachegen_dram,1772731596.68099,7.5944,367.84918999671936
cachegen_dram,1772731596.818634,7.5944,367.98683404922485
cachegen_dram,1772731597.211901,7.5944,368.3801009654999
cachegen_dram,1772731597.34032,7.5944,368.5085201263428
cachegen_dram,1772731597.469073,7.5944,368.6372730731964
cachegen_dram,1772731597.599228,7.5944,368.76742792129517
cachegen_dram,1772731597.745595,7.5944,368.91379499435425
cachegen_dram,1772731597.87606,7.5944,369.0442600250244
cachegen_dram,1772731598.006879,7.5944,369.17507910728455
cachegen_dram,1772731598.13829,7.5944,369.306489944458
cachegen_dram,1772731598.297795,7.5944,369.4659950733185
cachegen_dram,1772731598.424422,7.5944,369.59262204170227
cachegen_dram,1772731598.772388,7.5944,369.9405879974365
cachegen_dram,1772731598.903394,7.5944,370.07159399986267
cachegen_dram,1772731599.035166,7.5944,370.2033660411835
cachegen_dram,1772731599.170905,7.5944,370.33910512924194
cachegen_dram,1772731599.306641,7.5944,370.4748411178589
cachegen_dram,1772731599.439227,7.5944,370.60742712020874
cachegen_dram,1772731599.570767,7.5944,370.7389669418335
cachegen_dram,1772731599.716931,7.5944,370.88513112068176
cachegen_dram,1772731599.846435,7.5944,371.01463508605957
cachegen_dram,1772731599.978628,7.5944,371.1468279361725
cachegen_dram,1772731600.130208,7.5944,371.2984080314636
cachegen_dram,1772731600.509724,7.5944,371.6779239177704
cachegen_dram,1772731600.642753,7.5944,371.8109529018402
cachegen_dram,1772731600.772951,7.5944,371.9411509037018
cachegen_dram,1772731600.904662,7.5944,372.07286190986633
cachegen_dram,1772731601.035176,7.5944,372.2033760547638
cachegen_dram,1772731601.179774,7.5944,372.34797406196594
cachegen_dram,1772731601.336406,7.5944,372.50460600852966
cachegen_dram,1772731601.498251,7.5944,372.66645097732544
cachegen_dram,1772731601.624007,7.5944,372.79220700263977
cachegen_dram,1772731601.743331,7.5944,372.9115309715271
cachegen_dram,1772731602.113627,7.5944,373.2818269729614
cachegen_dram,1772731602.248108,7.5944,373.416307926178
cachegen_dram,1772731602.376768,7.5944,373.54496812820435
cachegen_dram,1772731602.507774,7.5944,373.6759741306305
cachegen_dram,1772731602.639998,7.5944,373.8081979751587
cachegen_dram,1772731602.769645,7.5944,373.93784499168396
cachegen_dram,1772731602.900076,7.5944,374.0682759284973
cachegen_dram,1772731603.030949,7.5944,374.1991491317749
cachegen_dram,1772731603.196182,7.5944,374.3643820285797
cachegen_dram,1772731603.326221,7.5944,374.494421005249
cachegen_dram,1772731603.473919,7.5944,374.64211893081665
cachegen_dram,1772731603.834032,7.5944,375.00223207473755
cachegen_dram,1772731603.957664,7.5944,375.12586402893066
cachegen_dram,1772731604.087805,7.5944,375.25600504875183
cachegen_dram,1772731604.231886,7.5944,375.4000859260559
cachegen_dram,1772731604.357923,7.5944,375.526123046875
cachegen_dram,1772731604.487117,7.5944,375.6553170681
cachegen_dram,1772731604.617856,7.5944,375.78605604171753
cachegen_dram,1772731604.765638,7.5944,375.9338381290436
cachegen_dram,1772731604.876445,7.5944,376.04464507102966
cachegen_dram,1772731605.008252,7.5944,376.176451921463
cachegen_dram,1772731605.145581,7.5944,376.3137810230255
cachegen_dram,1772731605.521469,7.5944,376.68966913223267
cachegen_dram,1772731605.638428,7.5944,376.8066279888153
cachegen_dram,1772731605.768786,7.5944,376.93698596954346
cachegen_dram,1772731605.896679,7.5944,377.0648789405823
cachegen_dram,1772731606.042103,7.5944,377.210303068161
cachegen_dram,1772731606.206651,7.5944,377.37485098838806
cachegen_dram,1772731606.309979,7.5944,377.4781789779663
cachegen_dram,1772731606.441424,7.5944,377.6096239089966
cachegen_dram,1772731606.591836,7.5944,377.7600359916687
cachegen_dram,1772731606.705369,7.5944,377.87356901168823
cachegen_dram,1772731606.834929,7.5944,378.00312900543213
cachegen_dram,1772731607.233554,7.5944,378.4017539024353
cachegen_dram,1772731607.365322,7.5944,378.53352212905884
cachegen_dram,1772731607.488195,7.5944,378.6563949584961
cachegen_dram,1772731607.621555,7.5944,378.7897551059723
cachegen_dram,1772731607.750116,7.5944,378.91831612586975
cachegen_dram,1772731607.879363,7.5944,379.0475630760193
cachegen_dram,1772731608.012035,7.5944,379.1802349090576
cachegen_dram,1772731608.140954,7.5944,379.3091540336609
cachegen_dram,1772731608.289302,7.5944,379.4575021266937
cachegen_dram,1772731608.417686,7.5944,379.5858860015869
cachegen_dram,1772731608.872517,7.5944,380.04071712493896
cachegen_dram,1772731609.006229,7.5944,380.17442893981934
cachegen_dram,1772731609.139953,7.5944,380.30815291404724
cachegen_dram,1772731609.271655,7.5944,380.43985509872437
cachegen_dram,1772731609.401207,7.5944,380.5694069862366
cachegen_dram,1772731609.546623,7.5944,380.7148230075836
cachegen_dram,1772731609.689375,7.5944,380.8575749397278
cachegen_dram,1772731609.814307,7.5944,380.98250699043274
cachegen_dram,1772731609.943521,7.5944,381.11172103881836
cachegen_dram,1772731610.089121,7.5944,381.2573211193085
cachegen_dram,1772731610.513557,7.5944,381.6817569732666
cachegen_dram,1772731610.643709,7.5944,381.8119089603424
cachegen_dram,1772731610.757004,7.5944,381.92520403862
cachegen_dram,1772731610.904287,7.5944,382.07248711586
cachegen_dram,1772731611.019531,7.5944,382.18773102760315
cachegen_dram,1772731611.148374,7.5944,382.3165740966797
cachegen_dram,1772731611.278789,7.5944,382.44698905944824
cachegen_dram,1772731611.413186,7.5944,382.58138608932495
cachegen_dram,1772731611.54788,7.5944,382.71607995033264
cachegen_dram,1772731611.67938,7.5944,382.8475799560547
cachegen_dram,1772731612.068873,7.5944,383.2370729446411
cachegen_dram,1772731612.185085,7.5944,383.353285074234
cachegen_dram,1772731612.330182,7.5944,383.4983820915222
cachegen_dram,1772731612.463252,7.5944,383.63145208358765
cachegen_dram,1772731612.575172,7.5944,383.743371963501
cachegen_dram,1772731612.708409,7.5944,383.87660908699036
cachegen_dram,1772731612.836862,7.5944,384.0050621032715
cachegen_dram,1772731612.988822,7.5944,384.15702199935913
cachegen_dram,1772731613.123513,7.5944,384.2917129993439
cachegen_dram,1772731613.25506,7.5944,384.423259973526
cachegen_dram,1772731613.635188,7.5944,384.8033881187439
cachegen_dram,1772731613.76652,7.5944,384.9347200393677
cachegen_dram,1772731613.897327,7.5944,385.0655269622803
cachegen_dram,1772731614.039281,7.5944,385.2074809074402
cachegen_dram,1772731614.201137,7.5944,385.3693370819092
cachegen_dram,1772731614.307271,7.5944,385.4754710197449
cachegen_dram,1772731614.432663,7.5944,385.6008629798889
cachegen_dram,1772731614.565326,7.5944,385.7335259914398
cachegen_dram,1772731614.69566,7.5944,385.86386013031006
cachegen_dram,1772731615.103679,7.5944,386.2718789577484
cachegen_dram,1772731615.214911,7.5944,386.38311100006104
cachegen_dram,1772731615.332412,7.5944,386.50061202049255
cachegen_dram,1772731615.461054,7.5944,386.6292541027069
cachegen_dram,1772731615.592807,7.5944,386.7610070705414
cachegen_dram,1772731615.721961,7.5944,386.89016103744507
cachegen_dram,1772731615.852649,7.5944,387.0208489894867
cachegen_dram,1772731615.985852,7.5944,387.15405201911926
cachegen_dram,1772731616.128464,7.5944,387.2966639995575
cachegen_dram,1772731616.277419,7.5944,387.4456191062927
cachegen_dram,1772731616.652689,7.5944,387.82088899612427
cachegen_dram,1772731616.778742,7.5944,387.94694209098816
cachegen_dram,1772731616.908455,7.5944,388.07665491104126
cachegen_dram,1772731617.039195,7.5944,388.2073950767517
cachegen_dram,1772731617.170976,7.5944,388.33917593955994
cachegen_dram,1772731617.302716,7.5944,388.47091603279114
cachegen_dram,1772731617.465469,7.5944,388.63366889953613
cachegen_dram,1772731617.58456,7.5944,388.7527599334717
cachegen_dram,1772731617.71475,7.5944,388.88295006752014
cachegen_dram,1772731617.848011,7.5944,389.01621103286743
cachegen_dram,1772731618.245608,7.5944,389.4138081073761
cachegen_dram,1772731618.356896,7.5944,389.52509593963623
cachegen_dram,1772731618.474451,7.5944,389.6426510810852
cachegen_dram,1772731618.625176,7.5944,389.7933759689331
cachegen_dram,1772731618.739975,7.5944,389.90817499160767
cachegen_dram,1772731618.870836,7.5944,390.0390360355377
cachegen_dram,1772731619.032553,7.5944,390.2007529735565
cachegen_dram,1772731619.145286,7.5944,390.31348609924316
cachegen_dram,1772731619.278886,7.5944,390.44708609580994
cachegen_dram,1772731619.413341,7.5944,390.58154106140137
cachegen_dram,1772731619.830681,7.5944,390.9988811016083
cachegen_dram,1772731619.950598,7.5944,391.11879801750183
cachegen_dram,1772731620.063163,7.5944,391.2313630580902
cachegen_dram,1772731620.211038,7.5944,391.3792381286621
cachegen_dram,1772731620.358233,7.5944,391.52643299102783
cachegen_dram,1772731620.473133,7.5944,391.64133310317993
cachegen_dram,1772731620.603415,7.5944,391.77161502838135
cachegen_dram,1772731620.740433,7.5944,391.9086329936981
cachegen_dram,1772731620.880289,7.5944,392.0484890937805
cachegen_dram,1772731621.044289,7.5944,392.2124891281128
cachegen_dram,1772731621.405952,7.5944,392.57415199279785
cachegen_dram,1772731621.538058,7.5944,392.706258058548
cachegen_dram,1772731621.667598,7.5944,392.8357980251312
cachegen_dram,1772731621.805989,7.5944,392.97418904304504
cachegen_dram,1772731621.938786,7.5944,393.1069860458374
cachegen_dram,1772731622.087004,7.5944,393.25520396232605
cachegen_dram,1772731622.20362,7.5944,393.37181997299194
cachegen_dram,1772731622.335598,7.5944,393.5037980079651
cachegen_dram,1772731622.465742,7.5944,393.6339421272278
cachegen_dram,1772731622.599453,7.5944,393.76765298843384
cachegen_dram,1772731622.732507,7.5944,393.90070700645447
cachegen_dram,1772731623.113448,7.5944,394.2816479206085
cachegen_dram,1772731623.261376,7.5944,394.429575920105
cachegen_dram,1772731623.394576,7.5944,394.5627760887146
cachegen_dram,1772731623.52462,7.5944,394.6928200721741
cachegen_dram,1772731623.658596,7.5944,394.8267960548401
cachegen_dram,1772731623.786561,7.5944,394.9547610282898
cachegen_dram,1772731623.919741,7.5944,395.0879409313202
cachegen_dram,1772731624.076417,7.5944,395.24461698532104
cachegen_dram,1772731624.204707,7.5944,395.37290692329407
cachegen_dram,1772731624.355178,7.5944,395.5233781337738
cachegen_dram,1772731624.736751,7.5944,395.90495109558105
cachegen_dram,1772731624.85373,7.5944,396.02192997932434
cachegen_dram,1772731624.987062,7.5944,396.1552619934082
cachegen_dram,1772731625.120788,7.5944,396.2889881134033
cachegen_dram,1772731625.287371,7.5944,396.455570936203
cachegen_dram,1772731625.401428,7.5944,396.5696280002594
cachegen_dram,1772731625.518837,7.5944,396.6870369911194
cachegen_dram,1772731625.674991,7.5944,396.843190908432
cachegen_dram,1772731625.803764,7.5944,396.97196412086487
cachegen_dram,1772731625.946228,7.5944,397.1144280433655
cachegen_dram,1772731626.331576,7.5944,397.4997761249542
cachegen_dram,1772731626.46416,7.5944,397.63235998153687
cachegen_dram,1772731626.596556,7.5944,397.7647559642792
cachegen_dram,1772731626.730332,7.5944,397.8985319137573
cachegen_dram,1772731626.859203,7.5944,398.0274031162262
cachegen_dram,1772731627.024439,7.5944,398.19263911247253
cachegen_dram,1772731627.136874,7.5944,398.3050739765167
cachegen_dram,1772731627.269331,7.5944,398.4375309944153
cachegen_dram,1772731627.400701,7.5944,398.5689010620117
cachegen_dram,1772731627.532277,7.5944,398.7004771232605
cachegen_dram,1772731628.054542,7.5944,399.2227420806885
cachegen_dram,1772731628.182814,7.5944,399.3510138988495
cachegen_dram,1772731628.335134,7.5944,399.50333404541016
cachegen_dram,1772731628.448477,7.5944,399.61667704582214
cachegen_dram,1772731628.58579,7.5944,399.75398993492126
cachegen_dram,1772731628.719859,7.5944,399.88805890083313
cachegen_dram,1772731628.847785,7.5944,400.01598501205444
cachegen_dram,1772731628.984485,7.5944,400.1526849269867
cachegen_dram,1772731629.116066,7.5944,400.28426599502563
cachegen_dram,1772731629.247267,7.5944,400.4154670238495
cachegen_dram,1772731629.724716,7.5944,400.8929159641266
cachegen_dram,1772731629.826304,7.5944,400.99450397491455
cachegen_dram,1772731629.957865,7.5944,401.12606501579285
cachegen_dram,1772731630.088241,7.5944,401.256441116333
cachegen_dram,1772731630.220136,7.5944,401.38833594322205
cachegen_dram,1772731630.350969,7.5944,401.51916909217834
cachegen_dram,1772731630.48558,7.5944,401.6537799835205
cachegen_dram,1772731630.665697,7.5944,401.83389711380005
cachegen_dram,1772731630.765957,7.5944,401.9341571331024
cachegen_dram,1772731630.895257,7.5944,402.0634570121765
cachegen_dram,1772731631.248846,7.5944,402.4170460700989
cachegen_dram,1772731631.384996,7.5944,402.55319595336914
cachegen_dram,1772731631.513863,7.5944,402.68206310272217
cachegen_dram,1772731631.66732,7.5944,402.835520029068
cachegen_dram,1772731631.782938,7.5944,402.95113801956177
cachegen_dram,1772731631.914376,7.5944,403.08257603645325
cachegen_dram,1772731632.047508,7.5944,403.21570801734924
cachegen_dram,1772731632.200592,7.5944,403.36879205703735
cachegen_dram,1772731632.343477,7.5944,403.51167702674866
cachegen_dram,1772731632.7363,7.5944,403.9045000076294
cachegen_dram,1772731632.837506,7.5944,404.00570607185364
cachegen_dram,1772731632.972185,7.5944,404.14038491249084
cachegen_dram,1772731633.1035,7.5944,404.2716999053955
cachegen_dram,1772731633.237426,7.5944,404.4056260585785
cachegen_dram,1772731633.380004,7.5944,404.5482039451599
cachegen_dram,1772731633.512262,7.5944,404.6804621219635
cachegen_dram,1772731633.661914,7.5944,404.83011412620544
cachegen_dram,1772731633.776326,7.5944,404.94452595710754
cachegen_dram,1772731633.906427,7.5944,405.0746269226074
cachegen_dram,1772731634.05433,7.5944,405.22253012657166
cachegen_dram,1772731634.43447,7.5944,405.6026699542999
cachegen_dram,1772731634.567231,7.5944,405.73543095588684
cachegen_dram,1772731634.700733,7.5944,405.8689329624176
cachegen_dram,1772731634.830344,7.5944,405.9985439777374
cachegen_dram,1772731634.967659,7.5944,406.13585901260376
cachegen_dram,1772731635.101439,7.5944,406.26963901519775
cachegen_dram,1772731635.298508,7.5944,406.46670794487
cachegen_dram,1772731635.399236,7.5944,406.56743597984314
cachegen_dram,1772731635.546896,7.5944,406.7150959968567
cachegen_dram,1772731635.965706,7.5944,407.13390612602234
cachegen_dram,1772731636.07267,7.5944,407.2408699989319
cachegen_dram,1772731636.201921,7.5944,407.37012100219727
cachegen_dram,1772731636.335672,7.5944,407.5038719177246
cachegen_dram,1772731636.465324,7.5944,407.63352394104004
cachegen_dram,1772731636.597677,7.5944,407.7658770084381
cachegen_dram,1772731636.743938,7.5944,407.9121379852295
cachegen_dram,1772731636.897579,7.5944,408.0657789707184
cachegen_dram,1772731637.02744,7.5944,408.1956400871277
cachegen_dram,1772731637.174812,7.5944,408.3430120944977
cachegen_dram,1772731637.603115,7.5944,408.77131509780884
cachegen_dram,1772731637.705735,7.5944,408.87393498420715
cachegen_dram,1772731637.822185,7.5944,408.990385055542
cachegen_dram,1772731637.955445,7.5944,409.12364506721497
cachegen_dram,1772731638.090898,7.5944,409.2590980529785
cachegen_dram,1772731638.234965,7.5944,409.403165102005
cachegen_dram,1772731638.371431,7.5944,409.53963112831116
cachegen_dram,1772731638.503326,7.5944,409.6715259552002
cachegen_dram,1772731638.63748,7.5944,409.8056800365448
cachegen_dram,1772731638.771793,7.5944,409.9399929046631
cachegen_dram,1772731639.1466,7.5944,410.3148000240326
cachegen_dram,1772731639.281959,7.5944,410.450159072876
cachegen_dram,1772731639.411582,7.5944,410.57978200912476
cachegen_dram,1772731639.545687,7.5944,410.71388697624207
cachegen_dram,1772731639.677478,7.5944,410.8456780910492
cachegen_dram,1772731639.840074,7.5944,411.00827407836914
cachegen_dram,1772731639.965794,7.5944,411.133994102478
cachegen_dram,1772731640.100714,7.5944,411.2689139842987
cachegen_dram,1772731640.232107,7.5944,411.40030694007874
cachegen_dram,1772731640.364341,7.5944,411.53254103660583
cachegen_dram,1772731640.806503,7.5944,411.9747030735016
cachegen_dram,1772731640.926177,7.5944,412.09437704086304
cachegen_dram,1772731641.0576,7.5944,412.22580003738403
cachegen_dram,1772731641.187153,7.5944,412.35535311698914
cachegen_dram,1772731641.319658,7.5944,412.4878580570221
cachegen_dram,1772731641.451545,7.5944,412.619745016098
cachegen_dram,1772731641.58273,7.5944,412.7509300708771
cachegen_dram,1772731641.716302,7.5944,412.8845019340515
cachegen_dram,1772731641.852183,7.5944,413.02038311958313
cachegen_dram,1772731641.984185,7.5944,413.1523849964142
cachegen_dram,1772731642.539007,7.5944,413.7072069644928
cachegen_dram,1772731642.662099,7.5944,413.83029890060425
cachegen_dram,1772731642.794225,7.5944,413.962424993515
cachegen_dram,1772731642.931996,7.5944,414.10019612312317
cachegen_dram,1772731643.06586,7.5944,414.234060049057
cachegen_dram,1772731643.204333,7.5944,414.37253308296204
cachegen_dram,1772731643.336251,7.5944,414.50445103645325
cachegen_dram,1772731643.469923,7.5944,414.6381230354309
cachegen_dram,1772731643.610382,7.5944,414.77858209609985
cachegen_dram,1772731643.735045,7.5944,414.903244972229
cachegen_dram,1772731644.122199,7.5944,415.29039907455444
cachegen_dram,1772731644.25796,7.5944,415.4261600971222
cachegen_dram,1772731644.393109,7.5944,415.5613090991974
cachegen_dram,1772731644.544557,7.5944,415.7127571105957
cachegen_dram,1772731644.656718,7.5944,415.8249180316925
cachegen_dram,1772731644.810732,7.5944,415.9789319038391
cachegen_dram,1772731644.928476,7.5944,416.0966761112213
cachegen_dram,1772731645.061275,7.5944,416.2294750213623
cachegen_dram,1772731645.192381,7.5944,416.3605809211731
cachegen_dram,1772731645.610555,7.5944,416.7787549495697
cachegen_dram,1772731645.745369,7.5944,416.91356897354126
cachegen_dram,1772731645.876511,7.5944,417.0447111129761
cachegen_dram,1772731646.02627,7.5944,417.19446992874146
cachegen_dram,1772731646.156719,7.5944,417.3249189853668
cachegen_dram,1772731646.305021,7.5944,417.4732210636139
cachegen_dram,1772731646.423294,7.5944,417.59149408340454
cachegen_dram,1772731646.555996,7.5944,417.72419595718384
cachegen_dram,1772731646.693284,7.5944,417.86148405075073
cachegen_dram,1772731646.825806,7.5944,417.9940059185028
cachegen_dram,1772731647.18051,7.5944,418.34871006011963
cachegen_dram,1772731647.311647,7.5944,418.4798469543457
cachegen_dram,1772731647.442219,7.5944,418.6104190349579
cachegen_dram,1772731647.579492,7.5944,418.7476921081543
cachegen_dram,1772731647.708442,7.5944,418.8766419887543
cachegen_dram,1772731647.860891,7.5944,419.02909111976624
cachegen_dram,1772731647.999812,7.5944,419.1680119037628
cachegen_dram,1772731648.136285,7.5944,419.30448508262634
cachegen_dram,1772731648.263439,7.5944,419.43163895606995
cachegen_dram,1772731648.412291,7.5944,419.580491065979
cachegen_dram,1772731648.825668,7.5944,419.9938681125641
cachegen_dram,1772731648.957023,7.5944,420.12522292137146
cachegen_dram,1772731649.11559,7.5944,420.28379011154175
cachegen_dram,1772731649.223273,7.5944,420.39147305488586
cachegen_dram,1772731649.372477,7.5944,420.5406770706177
cachegen_dram,1772731649.51458,7.5944,420.6827800273895
cachegen_dram,1772731649.651083,7.5944,420.81928300857544
cachegen_dram,1772731649.785406,7.5944,420.9536061286926
cachegen_dram,1772731649.916644,7.5944,421.08484411239624
cachegen_dram,1772731650.298198,7.5944,421.46639800071716
cachegen_dram,1772731650.428987,7.5944,421.5971870422363
cachegen_dram,1772731650.562936,7.5944,421.7311360836029
cachegen_dram,1772731650.6981,7.5944,421.8663001060486
cachegen_dram,1772731650.828565,7.5944,421.99676489830017
cachegen_dram,1772731650.99352,7.5944,422.1617200374603
cachegen_dram,1772731651.12788,7.5944,422.2960801124573
cachegen_dram,1772731651.259479,7.5944,422.42767906188965
cachegen_dram,1772731651.393539,7.5944,422.5617389678955
cachegen_dram,1772731651.527435,7.5944,422.6956350803375
cachegen_dram,1772731651.907132,7.5944,423.0753319263458
cachegen_dram,1772731652.041818,7.5944,423.2100179195404
cachegen_dram,1772731652.173539,7.5944,423.3417389392853
cachegen_dram,1772731652.325203,7.5944,423.49340295791626
cachegen_dram,1772731652.438681,7.5944,423.606880903244
cachegen_dram,1772731652.577597,7.5944,423.745796918869
cachegen_dram,1772731652.711063,7.5944,423.87926292419434
cachegen_dram,1772731652.843719,7.5944,424.01191902160645
cachegen_dram,1772731653.002158,7.5944,424.1703579425812
cachegen_dram,1772731653.400518,7.5944,424.56871795654297
cachegen_dram,1772731653.530089,7.5944,424.6982889175415
cachegen_dram,1772731653.662321,7.5944,424.83052110671997
cachegen_dram,1772731653.797857,7.5944,424.96605706214905
cachegen_dram,1772731653.937525,7.5944,425.10572504997253
cachegen_dram,1772731654.071852,7.5944,425.240051984787
cachegen_dram,1772731654.206064,7.5944,425.3742640018463
cachegen_dram,1772731654.369956,7.5944,425.53815603256226
cachegen_dram,1772731654.484343,7.5944,425.65254306793213
cachegen_dram,1772731654.620502,7.5944,425.7887020111084
cachegen_dram,1772731655.01185,7.5944,426.1800501346588
cachegen_dram,1772731655.142737,7.5944,426.3109369277954
cachegen_dram,1772731655.275723,7.5944,426.443922996521
cachegen_dram,1772731655.409743,7.5944,426.57794308662415
cachegen_dram,1772731655.56383,7.5944,426.73202991485596
cachegen_dram,1772731655.694735,7.5944,426.86293506622314
cachegen_dram,1772731655.829332,7.5944,426.9975321292877
cachegen_dram,1772731655.961417,7.5944,427.1296169757843
cachegen_dram,1772731656.094378,7.5944,427.2625780105591
cachegen_dram,1772731656.247766,7.5944,427.41596603393555
cachegen_dram,1772731656.621829,7.5944,427.7900290489197
cachegen_dram,1772731656.753931,7.5944,427.92213106155396
cachegen_dram,1772731656.88884,7.5944,428.05703997612
cachegen_dram,1772731657.024229,7.5944,428.19242906570435
cachegen_dram,1772731657.156306,7.5944,428.3245060443878
cachegen_dram,1772731657.31821,7.5944,428.48640990257263
cachegen_dram,1772731657.438695,7.5944,428.6068949699402
cachegen_dram,1772731657.574801,7.5944,428.7430009841919
cachegen_dram,1772731657.704732,7.5944,428.8729319572449
cachegen_dram,1772731658.174904,7.5944,429.3431041240692
cachegen_dram,1772731658.281202,7.5944,429.44940209388733
cachegen_dram,1772731658.407396,7.5944,429.57559609413147
cachegen_dram,1772731658.545045,7.5944,429.71324491500854
cachegen_dram,1772731658.670742,7.5944,429.83894205093384
cachegen_dram,1772731658.801853,7.5944,429.9700529575348
cachegen_dram,1772731658.945418,7.5944,430.1136178970337
cachegen_dram,1772731659.069631,7.5944,430.23783111572266
cachegen_dram,1772731659.217274,7.5944,430.3854739665985
cachegen_dram,1772731659.57918,7.5944,430.74738001823425
cachegen_dram,1772731659.702513,7.5944,430.8707129955292
cachegen_dram,1772731659.834052,7.5944,431.0022521018982
cachegen_dram,1772731659.985711,7.5944,431.153911113739
cachegen_dram,1772731660.103695,7.5944,431.2718949317932
cachegen_dram,1772731660.235276,7.5944,431.40347599983215
cachegen_dram,1772731660.368977,7.5944,431.53717708587646
cachegen_dram,1772731660.49967,7.5944,431.66787004470825
cachegen_dram,1772731660.651717,7.5944,431.81991696357727
cachegen_dram,1772731660.782556,7.5944,431.95075607299805
cachegen_dram,1772731661.198348,7.5944,432.36654806137085
cachegen_dram,1772731661.307722,7.5944,432.47592210769653
cachegen_dram,1772731661.439996,7.5944,432.60819602012634
cachegen_dram,1772731661.601581,7.5944,432.7697811126709
cachegen_dram,1772731661.707401,7.5944,432.8756010532379
cachegen_dram,1772731661.84186,7.5944,433.0100600719452
cachegen_dram,1772731662.006326,7.5944,433.17452597618103
cachegen_dram,1772731662.131086,7.5944,433.29928612709045
cachegen_dram,1772731662.244767,7.5944,433.412966966629
cachegen_dram,1772731662.37861,7.5944,433.5468099117279
cachegen_dram,1772731662.817772,7.5944,433.9859719276428
cachegen_dram,1772731662.928433,7.5944,434.0966329574585
cachegen_dram,1772731663.063879,7.5944,434.23207902908325
cachegen_dram,1772731663.231353,7.5944,434.3995530605316
cachegen_dram,1772731663.348781,7.5944,434.51698112487793
cachegen_dram,1772731663.484583,7.5944,434.6527829170227
cachegen_dram,1772731663.61689,7.5944,434.785089969635
cachegen_dram,1772731663.749709,7.5944,434.91790890693665
cachegen_dram,1772731663.903076,7.5944,435.07127594947815
cachegen_dram,1772731664.356623,7.5944,435.52482295036316
cachegen_dram,1772731664.491697,7.5944,435.6598970890045
cachegen_dram,1772731664.622064,7.5944,435.7902641296387
cachegen_dram,1772731664.754998,7.5944,435.92319798469543
cachegen_dram,1772731664.891825,7.5944,436.06002497673035
cachegen_dram,1772731665.047265,7.5944,436.21546506881714
cachegen_dram,1772731665.224425,7.5944,436.3926250934601
cachegen_dram,1772731665.32982,7.5944,436.49801993370056
cachegen_dram,1772731665.462532,7.5944,436.63073205947876
cachegen_dram,1772731665.598605,7.5944,436.766804933548
cachegen_dram,1772731665.972737,7.5944,437.14093708992004
cachegen_dram,1772731666.107587,7.5944,437.27578711509705
cachegen_dram,1772731666.260749,7.5944,437.4289491176605
cachegen_dram,1772731666.376436,7.5944,437.54463601112366
cachegen_dram,1772731666.510883,7.5944,437.679083108902
cachegen_dram,1772731666.649333,7.5944,437.81753301620483
cachegen_dram,1772731666.773212,7.5944,437.9414119720459
cachegen_dram,1772731666.906635,7.5944,438.074835062027
cachegen_dram,1772731667.039864,7.5944,438.20806407928467
cachegen_dram,1772731667.586968,7.5944,438.7551679611206
cachegen_dram,1772731667.719159,7.5944,438.8873589038849
cachegen_dram,1772731667.852889,7.5944,439.02108907699585
cachegen_dram,1772731667.998045,7.5944,439.1662449836731
cachegen_dram,1772731668.130874,7.5944,439.29907393455505
cachegen_dram,1772731668.264517,7.5944,439.43271708488464
cachegen_dram,1772731668.404048,7.5944,439.57224798202515
cachegen_dram,1772731668.539721,7.5944,439.7079210281372
cachegen_dram,1772731668.672437,7.5944,439.84063696861267
cachegen_dram,1772731669.031018,7.5944,440.19921803474426
cachegen_dram,1772731669.165432,7.5944,440.3336319923401
cachegen_dram,1772731669.298978,7.5944,440.467178106308
cachegen_dram,1772731669.452767,7.5944,440.6209669113159
cachegen_dram,1772731669.582919,7.5944,440.7511188983917
cachegen_dram,1772731669.715727,7.5944,440.8839271068573
cachegen_dram,1772731669.849097,7.5944,441.01729702949524
cachegen_dram,1772731669.985621,7.5944,441.1538209915161
cachegen_dram,1772731670.118059,7.5944,441.28625893592834
cachegen_dram,1772731670.261735,7.5944,441.4299349784851
cachegen_dram,1772731670.710016,7.5944,441.8782160282135
cachegen_dram,1772731670.85028,7.5944,442.01848006248474
cachegen_dram,1772731670.984393,7.5944,442.15259289741516
cachegen_dram,1772731671.125477,7.5944,442.2936770915985
cachegen_dram,1772731671.25855,7.5944,442.4267499446869
cachegen_dram,1772731671.409843,7.5944,442.5780429840088
cachegen_dram,1772731671.528986,7.5944,442.6971859931946
cachegen_dram,1772731671.692041,7.5944,442.8602409362793
cachegen_dram,1772731671.796152,7.5944,442.9643521308899
cachegen_dram,1772731672.194934,7.5944,443.3631339073181
cachegen_dram,1772731672.301316,7.5944,443.46951603889465
cachegen_dram,1772731672.428094,7.5944,443.596293926239
cachegen_dram,1772731672.561405,7.5944,443.7296049594879
cachegen_dram,1772731672.696248,7.5944,443.8644480705261
cachegen_dram,1772731672.834496,7.5944,444.0026960372925
cachegen_dram,1772731672.961304,7.5944,444.1295039653778
cachegen_dram,1772731673.096207,7.5944,444.26440691947937
cachegen_dram,1772731673.229267,7.5944,444.3974668979645
cachegen_dram,1772731673.625169,7.5944,444.7933690547943
cachegen_dram,1772731673.744458,7.5944,444.9126579761505
cachegen_dram,1772731673.878578,7.5944,445.0467779636383
cachegen_dram,1772731674.012819,7.5944,445.1810190677643
cachegen_dram,1772731674.146728,7.5944,445.31492805480957
cachegen_dram,1772731674.285275,7.5944,445.4534749984741
cachegen_dram,1772731674.421388,7.5944,445.5895879268646
cachegen_dram,1772731674.574521,7.5944,445.74272108078003
cachegen_dram,1772731674.713435,7.5944,445.8816349506378
cachegen_dram,1772731674.852276,7.5944,446.020476102829
cachegen_dram,1772731675.209161,7.5944,446.37736105918884
cachegen_dram,1772731675.345677,7.5944,446.513876914978
cachegen_dram,1772731675.47827,7.5944,446.64647006988525
cachegen_dram,1772731675.616554,7.5944,446.78475403785706
cachegen_dram,1772731675.786584,7.5944,446.9547839164734
cachegen_dram,1772731675.8879,7.5944,447.0561001300812
cachegen_dram,1772731676.024375,7.5944,447.19257497787476
cachegen_dram,1772731676.173378,7.5944,447.3415780067444
cachegen_dram,1772731676.306846,7.5944,447.47504591941833
cachegen_dram,1772731676.680874,7.5944,447.8490741252899
cachegen_dram,1772731676.798571,7.5944,447.96677112579346
cachegen_dram,1772731676.93131,7.5944,448.0995099544525
cachegen_dram,1772731677.09003,7.5944,448.258229970932
cachegen_dram,1772731677.219593,7.5944,448.38779306411743
cachegen_dram,1772731677.355851,7.5944,448.524050951004
cachegen_dram,1772731677.491122,7.5944,448.6593220233917
cachegen_dram,1772731677.623615,7.5944,448.7918150424957
cachegen_dram,1772731677.773014,7.5944,448.94121408462524
cachegen_dram,1772731678.245621,7.5944,449.41382098197937
cachegen_dram,1772731678.363437,7.5944,449.5316369533539
cachegen_dram,1772731678.498716,7.5944,449.66691613197327
cachegen_dram,1772731678.630171,7.5944,449.79837107658386
cachegen_dram,1772731678.761531,7.5944,449.9297311306
cachegen_dram,1772731678.896087,7.5944,450.06428694725037
cachegen_dram,1772731679.028893,7.5944,450.19709300994873
cachegen_dram,1772731679.161337,7.5944,450.32953691482544
cachegen_dram,1772731679.295184,7.5944,450.46338391304016
cachegen_dram,1772731679.431881,7.5944,450.60008096694946
cachegen_dram,1772731679.872934,7.5944,451.0411341190338
cachegen_dram,1772731679.978022,7.5944,451.146222114563
cachegen_dram,1772731680.119775,7.5944,451.2879750728607
cachegen_dram,1772731680.257373,7.5944,451.42557311058044
cachegen_dram,1772731680.389315,7.5944,451.55751490592957
cachegen_dram,1772731680.522645,7.5944,451.6908450126648
cachegen_dram,1772731680.671617,7.5944,451.83981704711914
cachegen_dram,1772731680.838196,7.5944,452.00639605522156
cachegen_dram,1772731680.952385,7.5944,452.1205849647522
cachegen_dram,1772731681.402823,7.5944,452.5710229873657
cachegen_dram,1772731681.503769,7.5944,452.67196893692017
cachegen_dram,1772731681.62162,7.5944,452.7898199558258
cachegen_dram,1772731681.737759,7.5944,452.9059591293335
cachegen_dram,1772731681.870771,7.5944,453.0389709472656
cachegen_dram,1772731682.004035,7.5944,453.17223501205444
cachegen_dram,1772731682.141654,7.5944,453.30985403060913
cachegen_dram,1772731682.289908,7.5944,453.4581079483032
cachegen_dram,1772731682.427348,7.5944,453.595547914505
cachegen_dram,1772731682.820319,7.5944,453.98851895332336
cachegen_dram,1772731682.954593,7.5944,454.12279295921326
cachegen_dram,1772731683.089473,7.5944,454.2576730251312
cachegen_dram,1772731683.22368,7.5944,454.3918800354004
cachegen_dram,1772731683.358358,7.5944,454.5265579223633
cachegen_dram,1772731683.494054,7.5944,454.6622540950775
cachegen_dram,1772731683.628164,7.5944,454.796364068985
cachegen_dram,1772731683.761562,7.5944,454.92976212501526
cachegen_dram,1772731683.911302,7.5944,455.0795021057129
cachegen_dram,1772731684.292255,7.5944,455.4604549407959
cachegen_dram,1772731684.423991,7.5944,455.59219098091125
cachegen_dram,1772731684.558861,7.5944,455.7270610332489
cachegen_dram,1772731684.713277,7.5944,455.88147711753845
cachegen_dram,1772731684.830707,7.5944,455.9989070892334
cachegen_dram,1772731684.981346,7.5944,456.14954590797424
cachegen_dram,1772731685.100188,7.5944,456.2683880329132
cachegen_dram,1772731685.232679,7.5944,456.40087890625
cachegen_dram,1772731685.367303,7.5944,456.535502910614
cachegen_dram,1772731685.980027,7.5944,457.14822697639465
cachegen_dram,1772731686.118136,7.5944,457.2863359451294
cachegen_dram,1772731686.252411,7.5944,457.4206109046936
cachegen_dram,1772731686.403751,7.5944,457.5719509124756
cachegen_dram,1772731686.536764,7.5944,457.7049639225006
cachegen_dram,1772731686.672674,7.5944,457.8408739566803
cachegen_dram,1772731686.805966,7.5944,457.97416591644287
cachegen_dram,1772731686.973762,7.5944,458.1419620513916
cachegen_dram,1772731687.379359,7.5944,458.54755902290344
cachegen_dram,1772731687.513303,7.5944,458.68150305747986
cachegen_dram,1772731687.646232,7.5944,458.81443190574646
cachegen_dram,1772731687.802545,7.5944,458.9707450866699
cachegen_dram,1772731687.923979,7.5944,459.0921790599823
cachegen_dram,1772731688.057821,7.5944,459.22602105140686
cachegen_dram,1772731688.237499,7.5944,459.4056990146637
cachegen_dram,1772731688.349625,7.5944,459.51782512664795
cachegen_dram,1772731688.50578,7.5944,459.6739799976349
cachegen_dram,1772731688.854196,7.5944,460.0223960876465
cachegen_dram,1772731688.989369,7.5944,460.1575689315796
cachegen_dram,1772731689.123614,7.5944,460.2918140888214
cachegen_dram,1772731689.257311,7.5944,460.4255111217499
cachegen_dram,1772731689.390919,7.5944,460.55911898612976
cachegen_dram,1772731689.543388,7.5944,460.7115879058838
cachegen_dram,1772731689.674477,7.5944,460.84267711639404
cachegen_dram,1772731689.84092,7.5944,461.0091199874878
cachegen_dram,1772731689.983383,7.5944,461.1515829563141
cachegen_dram,1772731690.355339,7.5944,461.5235390663147
cachegen_dram,1772731690.489389,7.5944,461.65758895874023
cachegen_dram,1772731690.626045,7.5944,461.79424500465393
cachegen_dram,1772731690.762194,7.5944,461.9303939342499
cachegen_dram,1772731690.895151,7.5944,462.0633509159088
cachegen_dram,1772731691.04617,7.5944,462.2143700122833
cachegen_dram,1772731691.162101,7.5944,462.33030104637146
cachegen_dram,1772731691.297764,7.5944,462.4659640789032
cachegen_dram,1772731691.450636,7.5944,462.6188359260559
cachegen_dram,1772731691.859135,7.5944,463.0273349285126
cachegen_dram,1772731691.993297,7.5944,463.16149711608887
cachegen_dram,1772731692.127557,7.5944,463.2957570552826
cachegen_dram,1772731692.261199,7.5944,463.4293990135193
cachegen_dram,1772731692.400549,7.5944,463.56874895095825
cachegen_dram,1772731692.538021,7.5944,463.7062211036682
cachegen_dram,1772731692.696114,7.5944,463.86431407928467
cachegen_dram,1772731692.848426,7.5944,464.01662611961365
cachegen_dram,1772731692.966841,7.5944,464.13504099845886
cachegen_dram,1772731693.394752,7.5944,464.562952041626
cachegen_dram,1772731693.49857,7.5944,464.6667699813843
cachegen_dram,1772731693.634716,7.5944,464.8029160499573
cachegen_dram,1772731693.767301,7.5944,464.9355010986328
cachegen_dram,1772731693.901608,7.5944,465.0698080062866
cachegen_dram,1772731694.03473,7.5944,465.2029299736023
cachegen_dram,1772731694.167762,7.5944,465.33596205711365
cachegen_dram,1772731694.315765,7.5944,465.48396492004395
cachegen_dram,1772731694.449357,7.5944,465.6175570487976
cachegen_dram,1772731694.873976,7.5944,466.0421760082245
cachegen_dram,1772731695.012562,7.5944,466.180762052536
cachegen_dram,1772731695.143601,7.5944,466.3118009567261
cachegen_dram,1772731695.278676,7.5944,466.44687604904175
cachegen_dram,1772731695.414798,7.5944,466.58299803733826
cachegen_dram,1772731695.557002,7.5944,466.72520208358765
cachegen_dram,1772731695.699453,7.5944,466.867653131485
cachegen_dram,1772731695.841872,7.5944,467.01007199287415
cachegen_dram,1772731695.973047,7.5944,467.1412470340729
cachegen_dram,1772731696.367912,7.5944,467.5361120700836
cachegen_dram,1772731696.509915,7.5944,467.6781151294708
cachegen_dram,1772731696.637052,7.5944,467.8052520751953
cachegen_dram,1772731696.770775,7.5944,467.9389750957489
cachegen_dram,1772731696.905311,7.5944,468.0735111236572
cachegen_dram,1772731697.055199,7.5944,468.2233989238739
cachegen_dram,1772731697.17684,7.5944,468.3450400829315
cachegen_dram,1772731697.327155,7.5944,468.49535512924194
cachegen_dram,1772731697.447151,7.5944,468.6153509616852
cachegen_dram,1772731697.847117,7.5944,469.0153169631958
cachegen_dram,1772731697.98017,7.5944,469.1483700275421
cachegen_dram,1772731698.118864,7.5944,469.28706407546997
cachegen_dram,1772731698.244821,7.5944,469.4130210876465
cachegen_dram,1772731698.399987,7.5944,469.5681869983673
cachegen_dram,1772731698.555055,7.5944,469.7232549190521
cachegen_dram,1772731698.693073,7.5944,469.8612730503082
cachegen_dram,1772731698.827101,7.5944,469.9953010082245
cachegen_dram,1772731699.204546,7.5944,470.3727459907532
cachegen_dram,1772731699.339438,7.5944,470.5076379776001
cachegen_dram,1772731699.472243,7.5944,470.64044308662415
cachegen_dram,1772731699.640001,7.5944,470.8082010746002
cachegen_dram,1772731699.760844,7.5944,470.929044008255
cachegen_dram,1772731699.891811,7.5944,471.0600109100342
cachegen_dram,1772731700.04047,7.5944,471.20866990089417
cachegen_dram,1772731700.176197,7.5944,471.3443970680237
cachegen_dram,1772731700.309515,7.5944,471.4777150154114
cachegen_dram,1772731700.738365,7.5944,471.906564950943
cachegen_dram,1772731700.84394,7.5944,472.0121400356293
cachegen_dram,1772731700.963531,7.5944,472.1317310333252
cachegen_dram,1772731701.096959,7.5944,472.26515913009644
cachegen_dram,1772731701.236708,7.5944,472.40490794181824
cachegen_dram,1772731701.373392,7.5944,472.54159212112427
cachegen_dram,1772731701.508998,7.5944,472.677197933197
cachegen_dram,1772731701.675607,7.5944,472.8438069820404
cachegen_dram,1772731701.79902,7.5944,472.9672200679779
cachegen_dram,1772731702.197639,7.5944,473.3658390045166
cachegen_dram,1772731702.334551,7.5944,473.50275111198425
cachegen_dram,1772731702.468962,7.5944,473.63716197013855
cachegen_dram,1772731702.603129,7.5944,473.7713289260864
cachegen_dram,1772731702.738057,7.5944,473.9062569141388
cachegen_dram,1772731702.873641,7.5944,474.04184103012085
cachegen_dram,1772731703.010155,7.5944,474.1783549785614
cachegen_dram,1772731703.166257,7.5944,474.3344569206238
cachegen_dram,1772731703.304412,7.5944,474.4726119041443
cachegen_dram,1772731703.717747,7.5944,474.88594698905945
cachegen_dram,1772731703.848394,7.5944,475.01659393310547
cachegen_dram,1772731703.996405,7.5944,475.16460490226746
cachegen_dram,1772731704.134543,7.5944,475.30274295806885
cachegen_dram,1772731704.276494,7.5944,475.4446940422058
cachegen_dram,1772731704.41316,7.5944,475.58136010169983
cachegen_dram,1772731704.574628,7.5944,475.74282813072205
cachegen_dram,1772731704.687922,7.5944,475.85612201690674
cachegen_dram,1772731705.090966,7.5944,476.25916600227356
cachegen_dram,1772731705.227799,7.5944,476.39599895477295
cachegen_dram,1772731705.361497,7.5944,476.52969694137573
cachegen_dram,1772731705.499582,7.5944,476.66778206825256
cachegen_dram,1772731705.639419,7.5944,476.80761909484863
cachegen_dram,1772731705.773289,7.5944,476.94148898124695
cachegen_dram,1772731705.926375,7.5944,477.0945749282837
cachegen_dram,1772731706.063038,7.5944,477.23123812675476
cachegen_dram,1772731706.197359,7.5944,477.36555910110474
cachegen_dram,1772731706.32963,7.5944,477.497829914093
cachegen_dram,1772731706.755665,7.5944,477.92386507987976
cachegen_dram,1772731706.87663,7.5944,478.04483008384705
cachegen_dram,1772731707.008878,7.5944,478.17707800865173
cachegen_dram,1772731707.145697,7.5944,478.31389713287354
cachegen_dram,1772731707.280487,7.5944,478.4486870765686
cachegen_dram,1772731707.449666,7.5944,478.6178660392761
cachegen_dram,1772731707.553458,7.5944,478.7216579914093
cachegen_dram,1772731707.691541,7.5944,478.8597409725189
cachegen_dram,1772731708.094585,7.5944,479.26278495788574
cachegen_dram,1772731708.197439,7.5944,479.36563897132874
cachegen_dram,1772731708.333726,7.5944,479.501925945282
cachegen_dram,1772731708.46775,7.5944,479.635950088501
cachegen_dram,1772731708.611409,7.5944,479.77960896492004
cachegen_dram,1772731708.747766,7.5944,479.91596603393555
cachegen_dram,1772731708.882994,7.5944,480.0511939525604
cachegen_dram,1772731709.018822,7.5944,480.1870219707489
cachegen_dram,1772731709.171836,7.5944,480.34003591537476
cachegen_dram,1772731709.583093,7.5944,480.75129294395447
cachegen_dram,1772731709.708279,7.5944,480.87647891044617
cachegen_dram,1772731709.843797,7.5944,481.0119969844818
cachegen_dram,1772731709.980103,7.5944,481.1483030319214
cachegen_dram,1772731710.129386,7.5944,481.2975859642029
cachegen_dram,1772731710.266069,7.5944,481.434268951416
cachegen_dram,1772731710.400518,7.5944,481.56871795654297
cachegen_dram,1772731710.535529,7.5944,481.70372891426086
cachegen_dram,1772731710.685339,7.5944,481.85353899002075
cachegen_dram,1772731711.138263,7.5944,482.30646300315857
cachegen_dram,1772731711.269565,7.5944,482.43776512145996
cachegen_dram,1772731711.405775,7.5944,482.57397508621216
cachegen_dram,1772731711.544531,7.5944,482.7127311229706
cachegen_dram,1772731711.677223,7.5944,482.84542298316956
cachegen_dram,1772731711.818621,7.5944,482.986820936203
cachegen_dram,1772731711.964291,7.5944,483.13249111175537
cachegen_dram,1772731712.098118,7.5944,483.26631808280945
cachegen_dram,1772731712.508976,7.5944,483.67717599868774
cachegen_dram,1772731712.651883,7.5944,483.8200829029083
cachegen_dram,1772731712.816877,7.5944,483.9850769042969
cachegen_dram,1772731712.937549,7.5944,484.105749130249
cachegen_dram,1772731713.075216,7.5944,484.2434160709381
cachegen_dram,1772731713.212574,7.5944,484.3807740211487
cachegen_dram,1772731713.348477,7.5944,484.516676902771
cachegen_dram,1772731713.48562,7.5944,484.6538200378418
cachegen_dram,1772731713.641577,7.5944,484.8097770214081
cachegen_dram,1772731714.031677,7.5944,485.1998770236969
cachegen_dram,1772731714.139137,7.5944,485.30733704566956
cachegen_dram,1772731714.274337,7.5944,485.4425370693207
cachegen_dram,1772731714.411999,7.5944,485.5801990032196
cachegen_dram,1772731714.54827,7.5944,485.71647000312805
cachegen_dram,1772731714.684242,7.5944,485.8524420261383
cachegen_dram,1772731714.821521,7.5944,485.9897210597992
cachegen_dram,1772731714.958071,7.5944,486.1262710094452
cachegen_dram,1772731715.341955,7.5944,486.5101549625397
cachegen_dram,1772731715.497265,7.5944,486.66546511650085
cachegen_dram,1772731715.630754,7.5944,486.79895401000977
cachegen_dram,1772731715.765209,7.5944,486.9334089756012
cachegen_dram,1772731715.919395,7.5944,487.0875949859619
cachegen_dram,1772731716.069644,7.5944,487.2378439903259
cachegen_dram,1772731716.206959,7.5944,487.37515902519226
cachegen_dram,1772731716.361584,7.5944,487.5297839641571
cachegen_dram,1772731716.482343,7.5944,487.65054297447205
cachegen_dram,1772731716.862167,7.5944,488.030366897583
cachegen_dram,1772731716.998897,7.5944,488.1670970916748
cachegen_dram,1772731717.133705,7.5944,488.3019049167633
cachegen_dram,1772731717.268202,7.5944,488.43640208244324
cachegen_dram,1772731717.418773,7.5944,488.58697295188904
cachegen_dram,1772731717.537853,7.5944,488.70605301856995
cachegen_dram,1772731717.675918,7.5944,488.84411811828613
cachegen_dram,1772731717.865656,7.5944,489.0338559150696
cachegen_dram,1772731718.251527,7.5944,489.4197270870209
cachegen_dram,1772731718.382522,7.5944,489.5507221221924
cachegen_dram,1772731718.519387,7.5944,489.6875870227814
cachegen_dram,1772731718.651942,7.5944,489.82014203071594
cachegen_dram,1772731718.789544,7.5944,489.9577441215515
cachegen_dram,1772731718.924554,7.5944,490.0927541255951
cachegen_dram,1772731719.060093,7.5944,490.2282929420471
cachegen_dram,1772731719.202661,7.5944,490.3708610534668
cachegen_dram,1772731719.340537,7.5944,490.50873708724976
cachegen_dram,1772731719.759007,7.5944,490.927206993103
cachegen_dram,1772731719.888513,7.5944,491.05671310424805
cachegen_dram,1772731720.027418,7.5944,491.19561791419983
cachegen_dram,1772731720.165259,7.5944,491.33345890045166
cachegen_dram,1772731720.319897,7.5944,491.48809695243835
cachegen_dram,1772731720.437042,7.5944,491.6052420139313
cachegen_dram,1772731720.572206,7.5944,491.74040603637695
cachegen_dram,1772731720.722605,7.5944,491.8908050060272
cachegen_dram,1772731721.117527,7.5944,492.28572702407837
cachegen_dram,1772731721.247303,7.5944,492.41550302505493
cachegen_dram,1772731721.382914,7.5944,492.5511140823364
cachegen_dram,1772731721.517126,7.5944,492.68532609939575
cachegen_dram,1772731721.655284,7.5944,492.8234839439392
cachegen_dram,1772731721.800365,7.5944,492.9685649871826
cachegen_dram,1772731721.996007,7.5944,493.16420698165894
cachegen_dram,1772731722.113059,7.5944,493.281259059906
cachegen_dram,1772731722.249478,7.5944,493.4176781177521
cachegen_dram,1772731722.626203,7.5944,493.7944030761719
cachegen_dram,1772731722.760152,7.5944,493.92835211753845
cachegen_dram,1772731722.895796,7.5944,494.06399607658386
cachegen_dram,1772731723.032414,7.5944,494.2006139755249
cachegen_dram,1772731723.166075,7.5944,494.3342750072479
cachegen_dram,1772731723.317537,7.5944,494.4857370853424
cachegen_dram,1772731723.437417,7.5944,494.6056170463562
cachegen_dram,1772731723.571166,7.5944,494.7393660545349
cachegen_dram,1772731723.721792,7.5944,494.8899919986725
cachegen_dram,1772731724.135818,7.5944,495.3040180206299
cachegen_dram,1772731724.267055,7.5944,495.4352550506592
cachegen_dram,1772731724.383132,7.5944,495.5513319969177
cachegen_dram,1772731724.523572,7.5944,495.69177198410034
cachegen_dram,1772731724.662827,7.5944,495.8310270309448
cachegen_dram,1772731724.799208,7.5944,495.96740794181824
cachegen_dram,1772731724.93631,7.5944,496.10451006889343
cachegen_dram,1772731725.074029,7.5944,496.24222898483276
cachegen_dram,1772731725.436716,7.5944,496.60491609573364
cachegen_dram,1772731725.575233,7.5944,496.7434329986572
cachegen_dram,1772731725.730013,7.5944,496.8982129096985
cachegen_dram,1772731725.850148,7.5944,497.0183479785919
cachegen_dram,1772731726.003405,7.5944,497.17160511016846
cachegen_dram,1772731726.13642,7.5944,497.3046200275421
cachegen_dram,1772731726.277463,7.5944,497.4456629753113
cachegen_dram,1772731726.413023,7.5944,497.58122301101685
cachegen_dram,1772731726.548549,7.5944,497.7167489528656
cachegen_dram,1772731726.954047,7.5944,498.1222469806671
cachegen_dram,1772731727.075808,7.5944,498.24400806427
cachegen_dram,1772731727.216105,7.5944,498.3843050003052
cachegen_dram,1772731727.349678,7.5944,498.5178780555725
cachegen_dram,1772731727.502558,7.5944,498.6707580089569
cachegen_dram,1772731727.645214,7.5944,498.8134140968323
cachegen_dram,1772731727.783232,7.5944,498.9514319896698
cachegen_dram,1772731727.917754,7.5944,499.08595395088196
cachegen_dram,1772731728.314602,7.5944,499.4828019142151
cachegen_dram,1772731728.449528,7.5944,499.6177279949188
cachegen_dram,1772731728.586852,7.5944,499.75505208969116
cachegen_dram,1772731728.721761,7.5944,499.8899610042572
cachegen_dram,1772731728.874053,7.5944,500.04225301742554
cachegen_dram,1772731728.996245,7.5944,500.1644449234009
cachegen_dram,1772731729.136725,7.5944,500.3049249649048
cachegen_dram,1772731729.275566,7.5944,500.44376611709595
cachegen_dram,1772731729.66249,7.5944,500.830689907074
cachegen_dram,1772731729.796139,7.5944,500.96433901786804
cachegen_dram,1772731729.933395,7.5944,501.10159492492676
cachegen_dram,1772731730.071112,7.5944,501.23931193351746
cachegen_dram,1772731730.217389,7.5944,501.3855891227722
cachegen_dram,1772731730.353575,7.5944,501.5217750072479
cachegen_dram,1772731730.487288,7.5944,501.6554880142212
cachegen_dram,1772731730.62138,7.5944,501.78958010673523
cachegen_dram,1772731730.791322,7.5944,501.9595220088959
cachegen_dram,1772731731.218367,7.5944,502.3865671157837
cachegen_dram,1772731731.346446,7.5944,502.5146460533142
cachegen_dram,1772731731.48464,7.5944,502.6528398990631
cachegen_dram,1772731731.619097,7.5944,502.78729701042175
cachegen_dram,1772731731.823318,7.5944,502.9915180206299
cachegen_dram,1772731731.930578,7.5944,503.0987780094147
cachegen_dram,1772731732.078115,7.5944,503.2463150024414
cachegen_dram,1772731732.194963,7.5944,503.36316299438477
cachegen_dram,1772731732.641581,7.5944,503.8097810745239
cachegen_dram,1772731732.775926,7.5944,503.9441261291504
cachegen_dram,1772731732.931931,7.5944,504.1001310348511
cachegen_dram,1772731733.050897,7.5944,504.2190968990326
cachegen_dram,1772731733.187081,7.5944,504.35528111457825
cachegen_dram,1772731733.323927,7.5944,504.4921269416809
cachegen_dram,1772731733.458927,7.5944,504.62712693214417
cachegen_dram,1772731733.617804,7.5944,504.7860040664673
cachegen_dram,1772731733.734331,7.5944,504.9025309085846
cachegen_dram,1772731734.174179,7.5944,505.34237909317017
cachegen_dram,1772731734.312061,7.5944,505.4802610874176
cachegen_dram,1772731734.431549,7.5944,505.59974908828735
cachegen_dram,1772731734.582692,7.5944,505.7508919239044
cachegen_dram,1772731734.720315,7.5944,505.88851499557495
cachegen_dram,1772731734.855339,7.5944,506.0235390663147
cachegen_dram,1772731734.998295,7.5944,506.1664950847626
cachegen_dram,1772731735.13651,7.5944,506.30470991134644
cachegen_dram,1772731735.539435,7.5944,506.7076349258423
cachegen_dram,1772731735.661249,7.5944,506.82944893836975
cachegen_dram,1772731735.815823,7.5944,506.98402309417725
cachegen_dram,1772731735.942277,7.5944,507.1104769706726
cachegen_dram,1772731736.072513,7.5944,507.24071311950684
cachegen_dram,1772731736.212669,7.5944,507.38086891174316
cachegen_dram,1772731736.349733,7.5944,507.5179331302643
cachegen_dram,1772731736.495977,7.5944,507.66417694091797
cachegen_dram,1772731736.628478,7.5944,507.79667806625366
cachegen_dram,1772731737.002247,7.5944,508.17044711112976
cachegen_dram,1772731737.135326,7.5944,508.3035259246826
cachegen_dram,1772731737.268785,7.5944,508.43698501586914
cachegen_dram,1772731737.4092,7.5944,508.57739996910095
cachegen_dram,1772731737.543437,7.5944,508.7116370201111
cachegen_dram,1772731737.703666,7.5944,508.8718659877777
cachegen_dram,1772731737.843008,7.5944,509.01120805740356
cachegen_dram,1772731738.2443,7.5944,509.41249990463257
cachegen_dram,1772731738.38103,7.5944,509.54923009872437
cachegen_dram,1772731738.517786,7.5944,509.6859860420227
cachegen_dram,1772731738.666667,7.5944,509.83486700057983
cachegen_dram,1772731738.797835,7.5944,509.96603512763977
cachegen_dram,1772731738.947632,7.5944,510.1158320903778
cachegen_dram,1772731739.07775,7.5944,510.2459499835968
cachegen_dram,1772731739.216045,7.5944,510.38424491882324
cachegen_dram,1772731739.369598,7.5944,510.53779792785645
cachegen_dram,1772731739.746444,7.5944,510.91464400291443
cachegen_dram,1772731739.886343,7.5944,511.05454301834106
cachegen_dram,1772731740.020577,7.5944,511.18877696990967
cachegen_dram,1772731740.191669,7.5944,511.3598690032959
cachegen_dram,1772731740.326039,7.5944,511.49423909187317
cachegen_dram,1772731740.464856,7.5944,511.63305592536926
cachegen_dram,1772731740.6029,7.5944,511.7711000442505
cachegen_dram,1772731740.773008,7.5944,511.94120812416077
cachegen_dram,1772731741.14414,7.5944,512.3123400211334
cachegen_dram,1772731741.282396,7.5944,512.4505960941315
cachegen_dram,1772731741.417481,7.5944,512.5856809616089
cachegen_dram,1772731741.590063,7.5944,512.7582631111145
cachegen_dram,1772731741.712893,7.5944,512.8810930252075
cachegen_dram,1772731741.864858,7.5944,513.0330579280853
cachegen_dram,1772731741.986537,7.5944,513.154736995697
cachegen_dram,1772731742.123351,7.5944,513.2915511131287
cachegen_dram,1772731742.292077,7.5944,513.4602770805359
cachegen_dram,1772731742.633924,7.5944,513.8021240234375
cachegen_dram,1772731742.770694,7.5944,513.938894033432
cachegen_dram,1772731742.92666,7.5944,514.0948600769043
cachegen_dram,1772731743.046905,7.5944,514.2151050567627
cachegen_dram,1772731743.19691,7.5944,514.3651099205017
cachegen_dram,1772731743.3371,7.5944,514.5053000450134
cachegen_dram,1772731743.489835,7.5944,514.6580350399017
cachegen_dram,1772731743.607411,7.5944,514.7756109237671
cachegen_dram,1772731744.067118,7.5944,515.2353179454803
cachegen_dram,1772731744.190748,7.5944,515.3589479923248
cachegen_dram,1772731744.324873,7.5944,515.4930729866028
cachegen_dram,1772731744.462986,7.5944,515.6311860084534
cachegen_dram,1772731744.599766,7.5944,515.7679660320282
cachegen_dram,1772731744.740501,7.5944,515.9087009429932
cachegen_dram,1772731744.880798,7.5944,516.0489981174469
cachegen_dram,1772731745.033821,7.5944,516.2020211219788
cachegen_dram,1772731745.465137,7.5944,516.633337020874
cachegen_dram,1772731745.574677,7.5944,516.7428770065308
cachegen_dram,1772731745.729821,7.5944,516.8980209827423
cachegen_dram,1772731745.851313,7.5944,517.019513130188
cachegen_dram,1772731745.988103,7.5944,517.1563029289246
cachegen_dram,1772731746.155387,7.5944,517.3235869407654
cachegen_dram,1772731746.263889,7.5944,517.4320890903473
cachegen_dram,1772731746.404977,7.5944,517.5731770992279
cachegen_dram,1772731746.843825,7.5944,518.0120251178741
cachegen_dram,1772731746.960894,7.5944,518.1290941238403
cachegen_dram,1772731747.096374,7.5944,518.2645740509033
cachegen_dram,1772731747.252259,7.5944,518.4204590320587
cachegen_dram,1772731747.387742,7.5944,518.5559420585632
cachegen_dram,1772731747.523918,7.5944,518.6921179294586
cachegen_dram,1772731747.667137,7.5944,518.8353369235992
cachegen_dram,1772731747.805804,7.5944,518.9740040302277
cachegen_dram,1772731748.246811,7.5944,519.4150109291077
cachegen_dram,1772731748.347104,7.5944,519.5153040885925
cachegen_dram,1772731748.480245,7.5944,519.6484451293945
cachegen_dram,1772731748.617751,7.5944,519.7859508991241
cachegen_dram,1772731748.752555,7.5944,519.9207549095154
cachegen_dram,1772731748.890705,7.5944,520.0589051246643
cachegen_dram,1772731749.027148,7.5944,520.1953480243683
cachegen_dram,1772731749.180884,7.5944,520.3490839004517
cachegen_dram,1772731749.310335,7.5944,520.4785349369049
cachegen_dram,1772731749.748681,7.5944,520.9168810844421
cachegen_dram,1772731749.86699,7.5944,521.0351901054382
cachegen_dram,1772731749.997049,7.5944,521.1652491092682
cachegen_dram,1772731750.135504,7.5944,521.3037040233612
cachegen_dram,1772731750.271591,7.5944,521.4397909641266
cachegen_dram,1772731750.425828,7.5944,521.5940279960632
cachegen_dram,1772731750.576811,7.5944,521.7450110912323
cachegen_dram,1772731750.972257,7.5944,522.1404569149017
cachegen_dram,1772731751.109974,7.5944,522.2781739234924
cachegen_dram,1772731751.247672,7.5944,522.4158720970154
cachegen_dram,1772731751.419228,7.5944,522.5874280929565
cachegen_dram,1772731751.536642,7.5944,522.7048420906067
cachegen_dram,1772731751.691542,7.5944,522.8597419261932
cachegen_dram,1772731751.827318,7.5944,522.9955179691315
cachegen_dram,1772731751.961839,7.5944,523.1300389766693
cachegen_dram,1772731752.361407,7.5944,523.5296070575714
cachegen_dram,1772731752.506907,7.5944,523.6751070022583
cachegen_dram,1772731752.637438,7.5944,523.8056380748749
cachegen_dram,1772731752.773634,7.5944,523.9418339729309
cachegen_dram,1772731752.93312,7.5944,524.101320028305
cachegen_dram,1772731753.052458,7.5944,524.2206580638885
cachegen_dram,1772731753.20427,7.5944,524.3724699020386
cachegen_dram,1772731753.93391,7.5944,525.1021099090576
cachegen_dram,1772731754.035643,7.5944,525.2038431167603
cachegen_dram,1772731754.174301,7.5944,525.3425009250641
cachegen_dram,1772731754.313337,7.5944,525.481537103653
cachegen_dram,1772731754.452379,7.5944,525.6205790042877
cachegen_dram,1772731754.592379,7.5944,525.7605791091919
cachegen_dram,1772731754.728229,7.5944,525.8964290618896
cachegen_dram,1772731754.864955,7.5944,526.033154964447
cachegen_dram,1772731755.018021,7.5944,526.1862211227417
cachegen_dram,1772731755.47548,7.5944,526.6436800956726
cachegen_dram,1772731755.60039,7.5944,526.7685899734497
cachegen_dram,1772731755.736166,7.5944,526.9043660163879
cachegen_dram,1772731755.888719,7.5944,527.0569190979004
cachegen_dram,1772731756.043304,7.5944,527.211503982544
cachegen_dram,1772731756.177444,7.5944,527.3456439971924
cachegen_dram,1772731756.328273,7.5944,527.4964730739594
cachegen_dram,1772731756.486869,7.5944,527.6550691127777
cachegen_dram,1772731756.62388,7.5944,527.7920799255371
cachegen_dram,1772731757.023788,7.5944,528.191987991333
cachegen_dram,1772731757.146666,7.5944,528.314866065979
cachegen_dram,1772731757.286254,7.5944,528.4544539451599
cachegen_dram,1772731757.426785,7.5944,528.5949850082397
cachegen_dram,1772731757.562538,7.5944,528.7307379245758
cachegen_dram,1772731757.716464,7.5944,528.8846640586853
cachegen_dram,1772731757.855099,7.5944,529.0232989788055
cachegen_dram,1772731758.025934,7.5944,529.1941339969635
cachegen_dram,1772731758.152691,7.5944,529.3208909034729
cachegen_dram,1772731758.54946,7.5944,529.7176599502563
cachegen_dram,1772731758.686894,7.5944,529.8550939559937
cachegen_dram,1772731758.833772,7.5944,530.0019719600677
cachegen_dram,1772731758.967954,7.5944,530.1361539363861
cachegen_dram,1772731759.107181,7.5944,530.2753810882568
cachegen_dram,1772731759.243149,7.5944,530.4113490581512
cachegen_dram,1772731759.382409,7.5944,530.5506091117859
cachegen_dram,1772731759.520021,7.5944,530.6882209777832
cachegen_dram,1772731759.671515,7.5944,530.8397150039673
cachegen_dram,1772731760.084837,7.5944,531.2530369758606
cachegen_dram,1772731760.2249,7.5944,531.3931000232697
cachegen_dram,1772731760.361583,7.5944,531.5297830104828
cachegen_dram,1772731760.517447,7.5944,531.6856470108032
cachegen_dram,1772731760.652233,7.5944,531.8204329013824
cachegen_dram,1772731760.801173,7.5944,531.9693729877472
cachegen_dram,1772731760.925286,7.5944,532.0934860706329
cachegen_dram,1772731761.088449,7.5944,532.256649017334
cachegen_dram,1772731761.209914,7.5944,532.3781139850616
cachegen_dram,1772731761.347322,7.5944,532.5155220031738
cachegen_dram,1772731761.754667,7.5944,532.9228670597076
cachegen_dram,1772731761.889121,7.5944,533.0573210716248
cachegen_dram,1772731762.044013,7.5944,533.2122130393982
cachegen_dram,1772731762.206426,7.5944,533.3746259212494
cachegen_dram,1772731762.328568,7.5944,533.4967679977417
cachegen_dram,1772731762.463166,7.5944,533.6313660144806
cachegen_dram,1772731762.633153,7.5944,533.8013529777527
cachegen_dram,1772731762.989605,7.5944,534.1578049659729
cachegen_dram,1772731763.12613,7.5944,534.2943301200867
cachegen_dram,1772731763.286056,7.5944,534.4542560577393
cachegen_dram,1772731763.402107,7.5944,534.5703070163727
cachegen_dram,1772731763.557026,7.5944,534.7252259254456
cachegen_dram,1772731763.697082,7.5944,534.8652820587158
cachegen_dram,1772731763.835991,7.5944,535.0041909217834
cachegen_dram,1772731763.976812,7.5944,535.1450119018555
cachegen_dram,1772731764.1172,7.5944,535.2853999137878
cachegen_dram,1772731764.501597,7.5944,535.6697969436646
cachegen_dram,1772731764.639456,7.5944,535.8076560497284
cachegen_dram,1772731764.777185,7.5944,535.945384979248
cachegen_dram,1772731764.933525,7.5944,536.101725101471
cachegen_dram,1772731765.068578,7.5944,536.2367780208588
cachegen_dram,1772731765.2081,7.5944,536.3763000965118
cachegen_dram,1772731765.35497,7.5944,536.5231699943542
cachegen_dram,1772731765.75227,7.5944,536.9204699993134
cachegen_dram,1772731765.890517,7.5944,537.0587170124054
cachegen_dram,1772731766.026626,7.5944,537.1948261260986
cachegen_dram,1772731766.162015,7.5944,537.3302149772644
cachegen_dram,1772731766.299515,7.5944,537.4677150249481
cachegen_dram,1772731766.440319,7.5944,537.608519077301
cachegen_dram,1772731766.619879,7.5944,537.7880790233612
cachegen_dram,1772731766.740514,7.5944,537.908714056015
cachegen_dram,1772731767.14963,7.5944,538.3178300857544
cachegen_dram,1772731767.264101,7.5944,538.4323010444641
cachegen_dram,1772731767.403075,7.5944,538.5712749958038
cachegen_dram,1772731767.541211,7.5944,538.709410905838
cachegen_dram,1772731767.698248,7.5944,538.8664479255676
cachegen_dram,1772731767.828614,7.5944,538.9968140125275
cachegen_dram,1772731767.968159,7.5944,539.1363589763641
cachegen_dram,1772731768.107675,7.5944,539.2758750915527
cachegen_dram,1772731768.260502,7.5944,539.4287021160126
cachegen_dram,1772731768.632273,7.5944,539.8004729747772
cachegen_dram,1772731768.768092,7.5944,539.9362919330597
cachegen_dram,1772731768.907045,7.5944,540.0752449035645
cachegen_dram,1772731769.057642,7.5944,540.225841999054
cachegen_dram,1772731769.17889,7.5944,540.3470900058746
cachegen_dram,1772731769.330394,7.5944,540.498594045639
cachegen_dram,1772731769.451508,7.5944,540.6197080612183
cachegen_dram,1772731769.939398,7.5944,541.10759806633
cachegen_dram,1772731770.065788,7.5944,541.2339880466461
cachegen_dram,1772731770.203796,7.5944,541.3719959259033
cachegen_dram,1772731770.34155,7.5944,541.5097501277924
cachegen_dram,1772731770.514829,7.5944,541.6830289363861
cachegen_dram,1772731770.622645,7.5944,541.7908449172974
cachegen_dram,1772731770.762293,7.5944,541.9304931163788
cachegen_dram,1772731770.902002,7.5944,542.0702021121979
cachegen_dram,1772731771.0413,7.5944,542.2095000743866
cachegen_dram,1772731771.453296,7.5944,542.621495962143
cachegen_dram,1772731771.590059,7.5944,542.7582590579987
cachegen_dram,1772731771.728807,7.5944,542.8970069885254
cachegen_dram,1772731771.885663,7.5944,543.0538630485535
cachegen_dram,1772731772.022933,7.5944,543.1911330223083
cachegen_dram,1772731772.182621,7.5944,543.350821018219
cachegen_dram,1772731772.317416,7.5944,543.4856159687042
cachegen_dram,1772731772.737677,7.5944,543.9058771133423
cachegen_dram,1772731772.881143,7.5944,544.0493431091309
cachegen_dram,1772731773.006396,7.5944,544.1745960712433
cachegen_dram,1772731773.146641,7.5944,544.3148410320282
cachegen_dram,1772731773.28823,7.5944,544.4564299583435
cachegen_dram,1772731773.429372,7.5944,544.5975720882416
cachegen_dram,1772731773.564727,7.5944,544.7329270839691
cachegen_dram,1772731773.710655,7.5944,544.8788549900055
cachegen_dram,1772731774.103692,7.5944,545.2718920707703
cachegen_dram,1772731774.225744,7.5944,545.3939440250397
cachegen_dram,1772731774.365941,7.5944,545.5341410636902
cachegen_dram,1772731774.504346,7.5944,545.6725459098816
cachegen_dram,1772731774.640962,7.5944,545.809161901474
cachegen_dram,1772731774.780237,7.5944,545.9484369754791
cachegen_dram,1772731774.919792,7.5944,546.0879919528961
cachegen_dram,1772731775.073438,7.5944,546.2416379451752
cachegen_dram,1772731775.473335,7.5944,546.6415350437164
cachegen_dram,1772731775.597194,7.5944,546.7653939723969
cachegen_dram,1772731775.733283,7.5944,546.9014830589294
cachegen_dram,1772731775.905674,7.5944,547.0738739967346
cachegen_dram,1772731776.012533,7.5944,547.1807329654694
cachegen_dram,1772731776.149229,7.5944,547.3174290657043
cachegen_dram,1772731776.298125,7.5944,547.466325044632
cachegen_dram,1772731776.434755,7.5944,547.6029551029205
cachegen_dram,1772731776.570375,7.5944,547.7385749816895
cachegen_dram,1772731777.007301,7.5944,548.1755011081696
cachegen_dram,1772731777.142692,7.5944,548.3108921051025
cachegen_dram,1772731777.294121,7.5944,548.4623210430145
cachegen_dram,1772731777.436945,7.5944,548.6051449775696
cachegen_dram,1772731777.576879,7.5944,548.7450790405273
cachegen_dram,1772731777.718792,7.5944,548.8869919776917
cachegen_dram,1772731777.855615,7.5944,549.0238149166107
cachegen_dram,1772731778.261277,7.5944,549.4294769763947
cachegen_dram,1772731778.388859,7.5944,549.5570590496063
cachegen_dram,1772731778.534247,7.5944,549.702446937561
cachegen_dram,1772731778.673989,7.5944,549.8421890735626
cachegen_dram,1772731778.814467,7.5944,549.9826669692993
cachegen_dram,1772731778.958809,7.5944,550.1270089149475
cachegen_dram,1772731779.09867,7.5944,550.2668700218201
cachegen_dram,1772731779.237523,7.5944,550.4057230949402
cachegen_dram,1772731779.631672,7.5944,550.7998719215393
cachegen_dram,1772731779.761966,7.5944,550.9301660060883
cachegen_dram,1772731779.916898,7.5944,551.085098028183
cachegen_dram,1772731780.041234,7.5944,551.2094340324402
cachegen_dram,1772731780.181066,7.5944,551.3492660522461
cachegen_dram,1772731780.318568,7.5944,551.4867680072784
cachegen_dram,1772731780.455816,7.5944,551.624016046524
cachegen_dram,1772731780.599214,7.5944,551.7674140930176
cachegen_dram,1772731781.019481,7.5944,552.1876809597015
cachegen_dram,1772731781.143169,7.5944,552.3113689422607
cachegen_dram,1772731781.281503,7.5944,552.4497029781342
cachegen_dram,1772731781.438285,7.5944,552.6064851284027
cachegen_dram,1772731781.567707,7.5944,552.7359070777893
cachegen_dram,1772731781.710406,7.5944,552.8786060810089
cachegen_dram,1772731781.867735,7.5944,553.0359349250793
cachegen_dram,1772731782.005338,7.5944,553.1735379695892
cachegen_dram,1772731782.145224,7.5944,553.3134241104126
cachegen_dram,1772731782.559078,7.5944,553.7272779941559
cachegen_dram,1772731782.69893,7.5944,553.8671300411224
cachegen_dram,1772731782.844026,7.5944,554.0122261047363
cachegen_dram,1772731782.984377,7.5944,554.1525769233704
cachegen_dram,1772731783.125095,7.5944,554.2932949066162
cachegen_dram,1772731783.289004,7.5944,554.4572041034698
cachegen_dram,1772731783.413939,7.5944,554.5821390151978
cachegen_dram,1772731783.82164,7.5944,554.9898400306702
cachegen_dram,1772731783.959703,7.5944,555.1279029846191
cachegen_dram,1772731784.096645,7.5944,555.2648451328278
cachegen_dram,1772731784.23473,7.5944,555.402930021286
cachegen_dram,1772731784.381473,7.5944,555.5496730804443
cachegen_dram,1772731784.519066,7.5944,555.6872661113739
cachegen_dram,1772731784.656688,7.5944,555.8248879909515
cachegen_dram,1772731784.813349,7.5944,555.9815490245819
cachegen_dram,1772731785.211068,7.5944,556.3792679309845
cachegen_dram,1772731785.341503,7.5944,556.5097029209137
cachegen_dram,1772731785.483209,7.5944,556.6514089107513
cachegen_dram,1772731785.636364,7.5944,556.804563999176
cachegen_dram,1772731785.776502,7.5944,556.9447019100189
cachegen_dram,1772731785.916256,7.5944,557.0844559669495
cachegen_dram,1772731786.074093,7.5944,557.2422931194305
cachegen_dram,1772731786.210367,7.5944,557.3785669803619
cachegen_dram,1772731786.381904,7.5944,557.5501039028168
cachegen_dram,1772731786.754599,7.5944,557.9227991104126
cachegen_dram,1772731786.892309,7.5944,558.0605089664459
cachegen_dram,1772731787.032342,7.5944,558.200541973114
cachegen_dram,1772731787.174973,7.5944,558.3431730270386
cachegen_dram,1772731787.316904,7.5944,558.4851040840149
cachegen_dram,1772731787.456417,7.5944,558.624617099762
cachegen_dram,1772731787.597609,7.5944,558.7658090591431
cachegen_dram,1772731788.012133,7.5944,559.1803328990936
cachegen_dram,1772731788.135946,7.5944,559.3041460514069
cachegen_dram,1772731788.295138,7.5944,559.4633378982544
cachegen_dram,1772731788.431838,7.5944,559.6000380516052
cachegen_dram,1772731788.569566,7.5944,559.7377660274506
cachegen_dram,1772731788.724906,7.5944,559.8931059837341
cachegen_dram,1772731788.865703,7.5944,560.0339031219482
cachegen_dram,1772731789.004728,7.5944,560.1729280948639
cachegen_dram,1772731789.384188,7.5944,560.5523879528046
cachegen_dram,1772731789.524215,7.5944,560.6924149990082
cachegen_dram,1772731789.663245,7.5944,560.831444978714
cachegen_dram,1772731789.809079,7.5944,560.9772789478302
cachegen_dram,1772731789.962834,7.5944,561.1310338973999
cachegen_dram,1772731790.106135,7.5944,561.2743349075317
cachegen_dram,1772731790.243807,7.5944,561.4120070934296
cachegen_dram,1772731790.703137,7.5944,561.8713369369507
cachegen_dram,1772731790.831334,7.5944,561.9995341300964
cachegen_dram,1772731790.970297,7.5944,562.1384971141815
cachegen_dram,1772731791.109627,7.5944,562.2778270244598
cachegen_dram,1772731791.265548,7.5944,562.4337480068207
cachegen_dram,1772731791.388467,7.5944,562.5566670894623
cachegen_dram,1772731791.529744,7.5944,562.6979439258575
cachegen_dram,1772731791.730983,7.5944,562.8991830348969
cachegen_dram,1772731792.097963,7.5944,563.266163110733
cachegen_dram,1772731792.252088,7.5944,563.4202880859375
cachegen_dram,1772731792.376964,7.5944,563.5451641082764
cachegen_dram,1772731792.515926,7.5944,563.6841259002686
cachegen_dram,1772731792.657924,7.5944,563.8261239528656
cachegen_dram,1772731792.814851,7.5944,563.9830510616302
cachegen_dram,1772731792.95556,7.5944,564.1237599849701
cachegen_dram,1772731793.095401,7.5944,564.263601064682
cachegen_dram,1772731793.543099,7.5944,564.7112989425659
cachegen_dram,1772731793.687363,7.5944,564.8555629253387
cachegen_dram,1772731793.822079,7.5944,564.9902789592743
cachegen_dram,1772731793.95959,7.5944,565.1277899742126
cachegen_dram,1772731794.096671,7.5944,565.2648711204529
cachegen_dram,1772731794.255175,7.5944,565.4233751296997
cachegen_dram,1772731794.426587,7.5944,565.5947871208191
cachegen_dram,1772731794.567519,7.5944,565.7357189655304
cachegen_dram,1772731794.983841,7.5944,566.1520409584045
cachegen_dram,1772731795.108619,7.5944,566.2768189907074
cachegen_dram,1772731795.265777,7.5944,566.4339771270752
cachegen_dram,1772731795.387156,7.5944,566.5553560256958
cachegen_dram,1772731795.525311,7.5944,566.6935110092163
cachegen_dram,1772731795.679721,7.5944,566.8479211330414
cachegen_dram,1772731795.825227,7.5944,566.9934270381927
cachegen_dram,1772731795.977614,7.5944,567.1458139419556
cachegen_dram,1772731796.406996,7.5944,567.5751960277557
cachegen_dram,1772731796.545579,7.5944,567.7137789726257
cachegen_dram,1772731796.708151,7.5944,567.8763511180878
cachegen_dram,1772731796.832777,7.5944,568.0009770393372
cachegen_dram,1772731796.978727,7.5944,568.1469271183014
cachegen_dram,1772731797.110755,7.5944,568.2789549827576
cachegen_dram,1772731797.267123,7.5944,568.4353229999542
cachegen_dram,1772731797.402926,7.5944,568.5711259841919
cachegen_dram,1772731797.923121,7.5944,569.0913209915161
cachegen_dram,1772731798.025544,7.5944,569.1937439441681
cachegen_dram,1772731798.164195,7.5944,569.3323950767517
cachegen_dram,1772731798.306178,7.5944,569.4743781089783
cachegen_dram,1772731798.46065,7.5944,569.6288499832153
cachegen_dram,1772731798.617558,7.5944,569.7857580184937
cachegen_dram,1772731798.738358,7.5944,569.9065580368042
cachegen_dram,1772731798.880959,7.5944,570.0491590499878
cachegen_dram,1772731799.322479,7.5944,570.49067902565
cachegen_dram,1772731799.454739,7.5944,570.6229391098022
cachegen_dram,1772731799.592726,7.5944,570.7609260082245
cachegen_dram,1772731799.751283,7.5944,570.9194829463959
cachegen_dram,1772731799.870659,7.5944,571.038859128952
cachegen_dram,1772731800.027729,7.5944,571.1959290504456
cachegen_dram,1772731800.166161,7.5944,571.334361076355
cachegen_dram,1772731800.307389,7.5944,571.4755890369415
cachegen_dram,1772731800.701058,7.5944,571.8692579269409
cachegen_dram,1772731800.840956,7.5944,572.0091559886932
cachegen_dram,1772731800.982752,7.5944,572.1509521007538
cachegen_dram,1772731801.151962,7.5944,572.3201620578766
cachegen_dram,1772731801.273019,7.5944,572.4412190914154
cachegen_dram,1772731801.412281,7.5944,572.5804810523987
cachegen_dram,1772731801.571625,7.5944,572.7398250102997
cachegen_dram,1772731801.712987,7.5944,572.8811869621277
cachegen_dram,1772731802.110666,7.5944,573.2788660526276
cachegen_dram,1772731802.267572,7.5944,573.4357719421387
cachegen_dram,1772731802.392562,7.5944,573.5607619285583
cachegen_dram,1772731802.530877,7.5944,573.699077129364
cachegen_dram,1772731802.685781,7.5944,573.8539810180664
cachegen_dram,1772731802.856719,7.5944,574.0249190330505
cachegen_dram,1772731802.980664,7.5944,574.148864030838
cachegen_dram,1772731803.373245,7.5944,574.541445016861
cachegen_dram,1772731803.496229,7.5944,574.6644289493561
cachegen_dram,1772731803.635627,7.5944,574.803827047348
cachegen_dram,1772731803.776651,7.5944,574.9448509216309
cachegen_dram,1772731803.927766,7.5944,575.0959661006927
cachegen_dram,1772731804.084435,7.5944,575.2526350021362
cachegen_dram,1772731804.211361,7.5944,575.3795609474182
cachegen_dram,1772731804.353598,7.5944,575.5217981338501
cachegen_dram,1772731804.772801,7.5944,575.9410009384155
cachegen_dram,1772731804.91238,7.5944,576.080579996109
cachegen_dram,1772731805.054269,7.5944,576.2224690914154
cachegen_dram,1772731805.229245,7.5944,576.3974449634552
cachegen_dram,1772731805.352506,7.5944,576.5207059383392
cachegen_dram,1772731805.493714,7.5944,576.6619141101837
cachegen_dram,1772731805.631643,7.5944,576.7998430728912
cachegen_dram,1772731805.792,7.5944,576.9602000713348
cachegen_dram,1772731806.222595,7.5944,577.3907949924469
cachegen_dram,1772731806.323643,7.5944,577.4918429851532
cachegen_dram,1772731806.463636,7.5944,577.6318359375
cachegen_dram,1772731806.600675,7.5944,577.7688751220703
cachegen_dram,1772731806.778807,7.5944,577.9470069408417
cachegen_dram,1772731806.897174,7.5944,578.0653738975525
cachegen_dram,1772731807.039293,7.5944,578.2074930667877
cachegen_dram,1772731807.416309,7.5944,578.5845091342926
cachegen_dram,1772731807.542958,7.5944,578.7111580371857
cachegen_dram,1772731807.681281,7.5944,578.8494811058044
cachegen_dram,1772731807.819921,7.5944,578.9881210327148
cachegen_dram,1772731807.959003,7.5944,579.1272029876709
cachegen_dram,1772731808.117892,7.5944,579.286092042923
cachegen_dram,1772731808.257349,7.5944,579.425549030304
cachegen_dram,1772731808.395145,7.5944,579.5633449554443
cachegen_dram,1772731808.842664,7.5944,580.0108640193939
cachegen_dram,1772731809.001762,7.5944,580.1699619293213
cachegen_dram,1772731809.140852,7.5944,580.309051990509
cachegen_dram,1772731809.269885,7.5944,580.4380850791931
cachegen_dram,1772731809.409996,7.5944,580.5781960487366
cachegen_dram,1772731809.552245,7.5944,580.7204449176788
cachegen_dram,1772731809.68766,7.5944,580.8558599948883
cachegen_dram,1772731809.836422,7.5944,581.0046219825745
cachegen_dram,1772731810.246198,7.5944,581.4143979549408
cachegen_dram,1772731810.385305,7.5944,581.5535049438477
cachegen_dram,1772731810.523457,7.5944,581.6916570663452
cachegen_dram,1772731810.663355,7.5944,581.8315551280975
cachegen_dram,1772731810.816321,7.5944,581.9845209121704
cachegen_dram,1772731810.967549,7.5944,582.1357491016388
cachegen_dram,1772731811.091113,7.5944,582.2593131065369
cachegen_dram,1772731811.238306,7.5944,582.406506061554
cachegen_dram,1772731811.630466,7.5944,582.7986660003662
cachegen_dram,1772731811.768034,7.5944,582.936233997345
cachegen_dram,1772731811.910201,7.5944,583.0784010887146
cachegen_dram,1772731812.064281,7.5944,583.2324810028076
cachegen_dram,1772731812.206583,7.5944,583.374783039093
cachegen_dram,1772731812.345033,7.5944,583.5132329463959
cachegen_dram,1772731812.50091,7.5944,583.6691100597382
cachegen_dram,1772731812.901539,7.5944,584.0697391033173
cachegen_dram,1772731813.031404,7.5944,584.1996040344238
cachegen_dram,1772731813.17532,7.5944,584.3435199260712
cachegen_dram,1772731813.333643,7.5944,584.5018429756165
cachegen_dram,1772731813.475088,7.5944,584.64328789711
cachegen_dram,1772731813.629984,7.5944,584.7981839179993
cachegen_dram,1772731813.755885,7.5944,584.9240849018097
cachegen_dram,1772731813.896056,7.5944,585.0642559528351
cachegen_dram,1772731814.362475,7.5944,585.5306749343872
cachegen_dram,1772731814.470766,7.5944,585.6389660835266
cachegen_dram,1772731814.592888,7.5944,585.7610881328583
cachegen_dram,1772731814.736009,7.5944,585.9042088985443
cachegen_dram,1772731814.905052,7.5944,586.0732519626617
cachegen_dram,1772731815.04581,7.5944,586.2140100002289
cachegen_dram,1772731815.183869,7.5944,586.352068901062
cachegen_dram,1772731815.321934,7.5944,586.4901340007782
cachegen_dram,1772731815.763324,7.5944,586.9315240383148
cachegen_dram,1772731815.903563,7.5944,587.0717630386353
cachegen_dram,1772731816.044031,7.5944,587.2122309207916
cachegen_dram,1772731816.1804,7.5944,587.3485999107361
cachegen_dram,1772731816.321169,7.5944,587.4893689155579
cachegen_dram,1772731816.461505,7.5944,587.62970495224
cachegen_dram,1772731816.615235,7.5944,587.7834351062775
cachegen_dram,1772731817.035377,7.5944,588.203577041626
cachegen_dram,1772731817.161557,7.5944,588.329756975174
cachegen_dram,1772731817.30838,7.5944,588.4765799045563
cachegen_dram,1772731817.466877,7.5944,588.6350769996643
cachegen_dram,1772731817.590816,7.5944,588.7590160369873
cachegen_dram,1772731817.729706,7.5944,588.8979060649872
cachegen_dram,1772731817.869925,7.5944,589.038125038147
cachegen_dram,1772731818.007005,7.5944,589.1752049922943
cachegen_dram,1772731818.424494,7.5944,589.5926940441132
cachegen_dram,1772731818.579971,7.5944,589.7481710910797
cachegen_dram,1772731818.706576,7.5944,589.8747761249542
cachegen_dram,1772731818.872389,7.5944,590.040589094162
cachegen_dram,1772731818.992344,7.5944,590.1605439186096
cachegen_dram,1772731819.134933,7.5944,590.3031330108643
cachegen_dram,1772731819.29336,7.5944,590.46156001091
cachegen_dram,1772731819.683168,7.5944,590.8513679504395
cachegen_dram,1772731819.823326,7.5944,590.9915261268616
cachegen_dram,1772731819.983835,7.5944,591.1520349979401
cachegen_dram,1772731820.103915,7.5944,591.2721149921417
cachegen_dram,1772731820.241258,7.5944,591.4094579219818
cachegen_dram,1772731820.391762,7.5944,591.5599620342255
cachegen_dram,1772731820.53005,7.5944,591.6982500553131
cachegen_dram,1772731820.692911,7.5944,591.8611109256744
cachegen_dram,1772731821.138388,7.5944,592.306587934494
cachegen_dram,1772731821.270407,7.5944,592.4386069774628
cachegen_dram,1772731821.42692,7.5944,592.5951199531555
cachegen_dram,1772731821.550934,7.5944,592.7191340923309
cachegen_dram,1772731821.695535,7.5944,592.863734960556
cachegen_dram,1772731821.8344,7.5944,593.0025999546051
cachegen_dram,1772731821.976744,7.5944,593.1449439525604
cachegen_dram,1772731822.428625,7.5944,593.5968251228333
cachegen_dram,1772731822.570758,7.5944,593.7389581203461
cachegen_dram,1772731822.712388,7.5944,593.880588054657
cachegen_dram,1772731822.85425,7.5944,594.0224499702454
cachegen_dram,1772731822.994323,7.5944,594.1625230312347
cachegen_dram,1772731823.135307,7.5944,594.3035070896149
cachegen_dram,1772731823.279961,7.5944,594.4481611251831
cachegen_dram,1772731823.419425,7.5944,594.5876250267029
cachegen_dram,1772731823.814243,7.5944,594.9824430942535
cachegen_dram,1772731823.956487,7.5944,595.1246869564056
cachegen_dram,1772731824.115573,7.5944,595.283772945404
cachegen_dram,1772731824.288501,7.5944,595.456701040268
cachegen_dram,1772731824.40378,7.5944,595.5719799995422
cachegen_dram,1772731824.541287,7.5944,595.7094869613647
cachegen_dram,1772731824.68316,7.5944,595.8513600826263
cachegen_dram,1772731824.839184,7.5944,596.0073840618134
cachegen_dram,1772731825.205319,7.5944,596.3735189437866
cachegen_dram,1772731825.346978,7.5944,596.5151779651642
cachegen_dram,1772731825.510437,7.5944,596.6786370277405
cachegen_dram,1772731825.646542,7.5944,596.8147420883179
cachegen_dram,1772731825.787682,7.5944,596.9558820724487
cachegen_dram,1772731825.932812,7.5944,597.1010119915009
cachegen_dram,1772731826.074714,7.5944,597.2429139614105
cachegen_dram,1772731826.4817,7.5944,597.6498999595642
cachegen_dram,1772731826.624691,7.5944,597.7928910255432
cachegen_dram,1772731826.779699,7.5944,597.9478991031647
cachegen_dram,1772731826.918845,7.5944,598.0870449542999
cachegen_dram,1772731827.051312,7.5944,598.2195119857788
cachegen_dram,1772731827.191473,7.5944,598.3596730232239
cachegen_dram,1772731827.332301,7.5944,598.5005009174347
cachegen_dram,1772731827.754285,7.5944,598.9224851131439
cachegen_dram,1772731827.911574,7.5944,599.0797739028931
cachegen_dram,1772731828.036118,7.5944,599.2043180465698
cachegen_dram,1772731828.211827,7.5944,599.3800270557404
cachegen_dram,1772731828.340577,7.5944,599.5087769031525
cachegen_dram,1772731828.479726,7.5944,599.6479260921478
cachegen_dram,1772731828.622172,7.5944,599.790372133255
cachegen_disk,1772732306.340328,7.0339,2.7894973754882812e-05
cachegen_disk,1772732306.449305,7.0339,0.10900497436523438
cachegen_disk,1772732306.559052,7.0339,0.2187519073486328
cachegen_disk,1772732306.668154,7.0339,0.3278539180755615
cachegen_disk,1772732306.777957,7.0339,0.43765687942504883
cachegen_disk,1772732306.88856,7.0339,0.548259973526001
cachegen_disk,1772732307.037463,7.0339,0.6971628665924072
cachegen_disk,1772732307.159382,7.0339,0.8190820217132568
cachegen_disk,1772732307.265943,7.0339,0.9256429672241211
cachegen_disk,1772732307.385174,7.0339,1.0448739528656006
cachegen_disk,1772732307.525344,7.0339,1.1850438117980957
cachegen_disk,1772732307.629312,7.0339,1.2890119552612305
cachegen_disk,1772732307.762208,7.0339,1.421907901763916
cachegen_disk,1772732307.890301,7.0339,1.5500009059906006
cachegen_disk,1772732307.995136,7.0339,1.6548359394073486
cachegen_disk,1772732308.129551,7.0378,1.7892508506774902
cachegen_disk,1772732308.231121,7.0378,1.8908209800720215
cachegen_disk,1772732308.344414,7.5847,2.0041139125823975
cachegen_disk,1772732308.45474,7.5847,2.1144399642944336
cachegen_disk,1772732308.56098,7.5847,2.220679998397827
cachegen_disk,1772732308.670454,7.5847,2.3301539421081543
cachegen_disk,1772732308.781808,7.5847,2.4415078163146973
cachegen_disk,1772732308.893714,7.5847,2.5534138679504395
cachegen_disk,1772732309.00268,7.5847,2.6623799800872803
cachegen_disk,1772732309.113501,7.5847,2.7732009887695312
cachegen_disk,1772732309.222486,7.5847,2.882185935974121
cachegen_disk,1772732309.33757,7.5847,2.997269868850708
cachegen_disk,1772732309.449327,7.5847,3.1090269088745117
cachegen_disk,1772732309.558895,7.5866,3.218595027923584
cachegen_disk,1772732309.668018,7.5866,3.3277180194854736
cachegen_disk,1772732309.778258,7.5866,3.437958002090454
cachegen_disk,1772732309.886995,7.5866,3.5466949939727783
cachegen_disk,1772732309.998257,7.5866,3.657956838607788
cachegen_disk,1772732310.11305,7.5866,3.772749900817871
cachegen_disk,1772732310.224238,7.5866,3.8839378356933594
cachegen_disk,1772732310.334365,7.5866,3.9940648078918457
cachegen_disk,1772732310.456678,7.5866,4.116377830505371
cachegen_disk,1772732310.580401,7.5866,4.240100860595703
cachegen_disk,1772732310.688866,7.5866,4.3485658168792725
cachegen_disk,1772732310.796582,7.5866,4.456281900405884
cachegen_disk,1772732310.906162,7.5866,4.565861940383911
cachegen_disk,1772732311.253719,7.5866,4.913419008255005
cachegen_disk,1772732311.362732,7.5866,5.02243185043335
cachegen_disk,1772732311.472986,7.5866,5.132685899734497
cachegen_disk,1772732311.583996,7.5866,5.243695974349976
cachegen_disk,1772732311.815176,7.5866,5.4748759269714355
cachegen_disk,1772732311.927945,7.5866,5.587644815444946
cachegen_disk,1772732313.764221,7.5866,7.4239208698272705
cachegen_disk,1772732315.334607,7.5866,8.994306802749634
cachegen_disk,1772732315.438816,7.5866,9.09851598739624
cachegen_disk,1772732315.556504,7.5866,9.216203927993774
cachegen_disk,1772732315.671324,7.5866,9.331023931503296
cachegen_disk,1772732316.508524,7.5866,10.168223857879639
cachegen_disk,1772732316.623671,7.5866,10.283370971679688
cachegen_disk,1772732316.734402,7.5866,10.394101858139038
cachegen_disk,1772732316.841326,7.5866,10.501025915145874
cachegen_disk,1772732316.955058,7.5866,10.614758014678955
cachegen_disk,1772732317.062519,7.5866,10.722218990325928
cachegen_disk,1772732317.175804,7.5866,10.835503816604614
cachegen_disk,1772732317.285726,7.5866,10.945425987243652
cachegen_disk,1772732317.394775,7.5866,11.054474830627441
cachegen_disk,1772732317.505138,7.5866,11.164837837219238
cachegen_disk,1772732317.617479,7.5866,11.27717900276184
cachegen_disk,1772732317.731909,7.5866,11.391608953475952
cachegen_disk,1772732317.852373,7.5866,11.512072801589966
cachegen_disk,1772732317.986372,7.5866,11.646071910858154
cachegen_disk,1772732318.09753,7.5866,11.757229804992676
cachegen_disk,1772732318.207284,7.5866,11.866983890533447
cachegen_disk,1772732318.318778,7.5866,11.978477954864502
cachegen_disk,1772732318.436049,7.5866,12.095748901367188
cachegen_disk,1772732318.543007,7.5866,12.202706813812256
cachegen_disk,1772732318.657252,7.5866,12.316951990127563
cachegen_disk,1772732318.786543,7.5866,12.446242809295654
cachegen_disk,1772732318.888107,7.5866,12.547806978225708
cachegen_disk,1772732318.990112,7.5866,12.64981198310852
cachegen_disk,1772732319.097013,7.5866,12.756712913513184
cachegen_disk,1772732319.23709,7.5866,12.896790027618408
cachegen_disk,1772732319.344038,7.5866,13.003737926483154
cachegen_disk,1772732319.478188,7.5866,13.137887954711914
cachegen_disk,1772732319.58904,7.5866,13.248739957809448
cachegen_disk,1772732319.728193,7.5866,13.387892961502075
cachegen_disk,1772732319.874506,7.5866,13.534205913543701
cachegen_disk,1772732319.974805,7.5866,13.634505033493042
cachegen_disk,1772732320.083308,7.5866,13.743007898330688
cachegen_disk,1772732320.191136,7.5866,13.850835800170898
cachegen_disk,1772732320.320211,7.5866,13.979910850524902
cachegen_disk,1772732320.42906,7.5866,14.088759899139404
cachegen_disk,1772732320.536863,7.5866,14.196563005447388
cachegen_disk,1772732320.655502,7.5866,14.315201997756958
cachegen_disk,1772732320.765905,7.5866,14.425604820251465
cachegen_disk,1772732320.881376,7.5866,14.541075944900513
cachegen_disk,1772732320.987785,7.5866,14.64748501777649
cachegen_disk,1772732321.096965,7.5866,14.756664991378784
cachegen_disk,1772732321.212182,7.5866,14.87188196182251
cachegen_disk,1772732321.323626,7.5866,14.983325958251953
cachegen_disk,1772732321.434502,7.5866,15.094201803207397
cachegen_disk,1772732321.562536,7.5866,15.222235918045044
cachegen_disk,1772732321.673844,7.5866,15.3335440158844
cachegen_disk,1772732321.781405,7.5866,15.441104888916016
cachegen_disk,1772732321.898597,7.5866,15.558296918869019
cachegen_disk,1772732322.002515,7.5866,15.662214994430542
cachegen_disk,1772732322.11285,7.5866,15.772549867630005
cachegen_disk,1772732322.224699,7.5866,15.884398937225342
cachegen_disk,1772732322.36517,7.5866,16.024869918823242
cachegen_disk,1772732322.4739,7.5866,16.133599996566772
cachegen_disk,1772732322.613096,7.5866,16.272795915603638
cachegen_disk,1772732322.721465,7.5866,16.381165027618408
cachegen_disk,1772732322.832987,7.5866,16.492686986923218
cachegen_disk,1772732322.958363,7.5866,16.61806297302246
cachegen_disk,1772732323.071351,7.5866,16.731050968170166
cachegen_disk,1772732323.201578,7.5866,16.86127781867981
cachegen_disk,1772732323.32082,7.5866,16.980520009994507
cachegen_disk,1772732323.427889,7.5866,17.087589025497437
cachegen_disk,1772732323.540687,7.5866,17.200387001037598
cachegen_disk,1772732323.675257,7.5866,17.334956884384155
cachegen_disk,1772732323.782694,7.5866,17.442394018173218
cachegen_disk,1772732323.892778,7.5866,17.552477836608887
cachegen_disk,1772732324.003514,7.5866,17.663213968276978
cachegen_disk,1772732324.115077,7.5866,17.774776935577393
cachegen_disk,1772732324.225755,7.5866,17.885454893112183
cachegen_disk,1772732324.334466,7.5866,17.994165897369385
cachegen_disk,1772732324.489341,7.5866,18.149040937423706
cachegen_disk,1772732324.600513,7.5866,18.260212898254395
cachegen_disk,1772732324.711703,7.5866,18.371402978897095
cachegen_disk,1772732324.822855,7.5866,18.48255491256714
cachegen_disk,1772732324.935108,7.5866,18.594807863235474
cachegen_disk,1772732325.075982,7.5866,18.735682010650635
cachegen_disk,1772732325.183885,7.5866,18.84358501434326
cachegen_disk,1772732325.296635,7.5866,18.956334829330444
cachegen_disk,1772732325.40723,7.5866,19.066929817199707
cachegen_disk,1772732325.518842,7.5866,19.178541898727417
cachegen_disk,1772732325.632337,7.5866,19.29203701019287
cachegen_disk,1772732325.78574,7.5866,19.44543981552124
cachegen_disk,1772732325.890131,7.5866,19.5498309135437
cachegen_disk,1772732326.001311,7.5866,19.66101098060608
cachegen_disk,1772732326.112983,7.5866,19.772682905197144
cachegen_disk,1772732326.221334,7.5866,19.881033897399902
cachegen_disk,1772732326.331976,7.5866,19.991675853729248
cachegen_disk,1772732326.456088,7.5866,20.115787982940674
cachegen_disk,1772732326.573425,7.5866,20.23312497138977
cachegen_disk,1772732326.692279,7.5866,20.35197901725769
cachegen_disk,1772732326.800283,7.5866,20.459982872009277
cachegen_disk,1772732326.910647,7.5866,20.57034683227539
cachegen_disk,1772732327.021907,7.5866,20.681607007980347
cachegen_disk,1772732327.137702,7.5866,20.797401905059814
cachegen_disk,1772732327.249104,7.5866,20.908803939819336
cachegen_disk,1772732327.359508,7.5866,21.01920795440674
cachegen_disk,1772732327.46965,7.5866,21.129349946975708
cachegen_disk,1772732327.583997,7.5866,21.243696928024292
cachegen_disk,1772732327.694352,7.5866,21.3540518283844
cachegen_disk,1772732327.804245,7.5866,21.463944911956787
cachegen_disk,1772732327.941153,7.5866,21.600852966308594
cachegen_disk,1772732328.049453,7.5866,21.709152936935425
cachegen_disk,1772732328.158289,7.5866,21.817988872528076
cachegen_disk,1772732328.271202,7.5866,21.930902004241943
cachegen_disk,1772732328.434697,7.5866,22.094396829605103
cachegen_disk,1772732328.535535,7.5866,22.195235013961792
cachegen_disk,1772732328.642251,7.5866,22.301950931549072
cachegen_disk,1772732328.746158,7.5866,22.405857801437378
cachegen_disk,1772732328.862532,7.5866,22.522231817245483
cachegen_disk,1772732328.963294,7.5866,22.62299394607544
cachegen_disk,1772732329.067366,7.5866,22.727065801620483
cachegen_disk,1772732329.193856,7.5866,22.853555917739868
cachegen_disk,1772732329.304599,7.5866,22.964298963546753
cachegen_disk,1772732329.414004,7.5866,23.07370400428772
cachegen_disk,1772732329.526026,7.5866,23.185725927352905
cachegen_disk,1772732329.640283,7.5866,23.299983024597168
cachegen_disk,1772732329.844401,7.5866,23.504100799560547
cachegen_disk,1772732329.949491,7.5866,23.609190940856934
cachegen_disk,1772732330.062734,7.5866,23.7224338054657
cachegen_disk,1772732330.171047,7.5866,23.83074688911438
cachegen_disk,1772732330.286377,7.5866,23.9460768699646
cachegen_disk,1772732330.394284,7.5866,24.05398392677307
cachegen_disk,1772732330.503482,7.5866,24.163182020187378
cachegen_disk,1772732330.617448,7.5866,24.277148008346558
cachegen_disk,1772732330.732915,7.5866,24.39261484146118
cachegen_disk,1772732330.841262,7.5866,24.500962018966675
cachegen_disk,1772732330.951019,7.5866,24.610718965530396
cachegen_disk,1772732331.055507,7.5866,24.71520686149597
cachegen_disk,1772732331.163378,7.5866,24.823077917099
cachegen_disk,1772732331.281617,7.5866,24.941316843032837
cachegen_disk,1772732331.389342,7.5866,25.049041986465454
cachegen_disk,1772732331.529061,7.5866,25.188760995864868
cachegen_disk,1772732331.630091,7.5866,25.289790868759155
cachegen_disk,1772732331.744975,7.5866,25.404675006866455
cachegen_disk,1772732331.858832,7.5866,25.518531799316406
cachegen_disk,1772732331.966639,7.5866,25.626338958740234
cachegen_disk,1772732332.077655,7.5866,25.73735499382019
cachegen_disk,1772732332.187689,7.5866,25.847388982772827
cachegen_disk,1772732332.314845,7.5866,25.974545001983643
cachegen_disk,1772732332.426573,7.5866,26.086272954940796
cachegen_disk,1772732332.554119,7.5866,26.21381902694702
cachegen_disk,1772732332.667918,7.5866,26.32761788368225
cachegen_disk,1772732332.78239,7.5866,26.442090034484863
cachegen_disk,1772732332.889662,7.5866,26.54936194419861
cachegen_disk,1772732333.014569,7.5866,26.67426896095276
cachegen_disk,1772732333.241097,7.5866,26.90079689025879
cachegen_disk,1772732333.391557,7.5866,27.051256895065308
cachegen_disk,1772732333.501558,7.5866,27.16125798225403
cachegen_disk,1772732333.615754,7.5866,27.275453805923462
cachegen_disk,1772732333.726659,7.5866,27.386358976364136
cachegen_disk,1772732333.834973,7.5866,27.494673013687134
cachegen_disk,1772732333.945207,7.5866,27.604907035827637
cachegen_disk,1772732334.058002,7.5866,27.71770191192627
cachegen_disk,1772732334.171516,7.5866,27.831215858459473
cachegen_disk,1772732334.279537,7.5866,27.939236879348755
cachegen_disk,1772732334.394441,7.5866,28.05414080619812
cachegen_disk,1772732334.505012,7.5866,28.164711952209473
cachegen_disk,1772732334.618253,7.5866,28.277952909469604
cachegen_disk,1772732334.749136,7.5866,28.408835887908936
cachegen_disk,1772732334.879161,7.5866,28.53886079788208
cachegen_disk,1772732334.979591,7.5866,28.639290809631348
cachegen_disk,1772732335.083292,7.5866,28.74299192428589
cachegen_disk,1772732335.183748,7.5866,28.84344792366028
cachegen_disk,1772732335.323763,7.5866,28.983462810516357
cachegen_disk,1772732335.43361,7.5866,29.09330987930298
cachegen_disk,1772732335.542654,7.5866,29.202353954315186
cachegen_disk,1772732335.671083,7.5866,29.330782890319824
cachegen_disk,1772732335.796825,7.5866,29.45652484893799
cachegen_disk,1772732335.919631,7.5866,29.579330921173096
cachegen_disk,1772732336.051663,7.5866,29.711362838745117
cachegen_disk,1772732336.162424,7.5866,29.822124004364014
cachegen_disk,1772732336.271972,7.5866,29.931671857833862
cachegen_disk,1772732336.384191,7.5866,30.043890953063965
cachegen_disk,1772732336.493537,7.5866,30.153236865997314
cachegen_disk,1772732336.606522,7.5866,30.26622200012207
cachegen_disk,1772732336.719459,7.5866,30.379158973693848
cachegen_disk,1772732336.829205,7.5866,30.48890495300293
cachegen_disk,1772732336.939437,7.5866,30.59913682937622
cachegen_disk,1772732337.052393,7.5866,30.712092876434326
cachegen_disk,1772732337.166287,7.5866,30.825986862182617
cachegen_disk,1772732337.276272,7.5866,30.935971975326538
cachegen_disk,1772732337.387696,7.5866,31.047395944595337
cachegen_disk,1772732337.499563,7.5866,31.159262895584106
cachegen_disk,1772732337.609764,7.5866,31.269464015960693
cachegen_disk,1772732337.723212,7.5866,31.382911920547485
cachegen_disk,1772732337.836838,7.5866,31.496537923812866
cachegen_disk,1772732337.947746,7.5866,31.60744595527649
cachegen_disk,1772732338.05835,7.5866,31.718050003051758
cachegen_disk,1772732338.183003,7.5866,31.842702865600586
cachegen_disk,1772732338.286863,7.5866,31.946563005447388
cachegen_disk,1772732338.404906,7.5866,32.064605951309204
cachegen_disk,1772732338.511091,7.5866,32.170790910720825
cachegen_disk,1772732338.62445,7.5866,32.28414988517761
cachegen_disk,1772732338.739643,7.5866,32.39934301376343
cachegen_disk,1772732338.865767,7.5866,32.52546691894531
cachegen_disk,1772732338.975223,7.5866,32.63492298126221
cachegen_disk,1772732339.08765,7.5866,32.747349977493286
cachegen_disk,1772732339.199279,7.5866,32.85897898674011
cachegen_disk,1772732339.312672,7.5866,32.97237181663513
cachegen_disk,1772732339.440442,7.5866,33.10014200210571
cachegen_disk,1772732339.589623,7.5866,33.24932289123535
cachegen_disk,1772732339.701162,7.5866,33.360862016677856
cachegen_disk,1772732339.824742,7.5866,33.48444199562073
cachegen_disk,1772732339.939574,7.5866,33.599273920059204
cachegen_disk,1772732340.049119,7.5866,33.7088189125061
cachegen_disk,1772732340.161903,7.5866,33.8216028213501
cachegen_disk,1772732340.27634,7.5866,33.93603992462158
cachegen_disk,1772732340.386612,7.5866,34.04631185531616
cachegen_disk,1772732340.500665,7.5866,34.160364866256714
cachegen_disk,1772732340.612853,7.5866,34.27255296707153
cachegen_disk,1772732340.732307,7.5866,34.39200687408447
cachegen_disk,1772732340.894079,7.5866,34.553778886795044
cachegen_disk,1772732341.008419,7.5866,34.668118953704834
cachegen_disk,1772732341.137661,7.5866,34.79736089706421
cachegen_disk,1772732341.252046,7.5866,34.91174602508545
cachegen_disk,1772732341.364896,7.5866,35.024595975875854
cachegen_disk,1772732341.482063,7.5866,35.14176297187805
cachegen_disk,1772732341.595621,7.5866,35.25532102584839
cachegen_disk,1772732341.709071,7.5866,35.36877083778381
cachegen_disk,1772732342.082365,7.5866,35.74206495285034
cachegen_disk,1772732342.20562,7.5866,35.8653199672699
cachegen_disk,1772732342.318376,7.5866,35.97807598114014
cachegen_disk,1772732342.431842,7.5866,36.09154200553894
cachegen_disk,1772732342.546639,7.5866,36.20633888244629
cachegen_disk,1772732342.658508,7.5866,36.31820797920227
cachegen_disk,1772732342.768503,7.5866,36.428202867507935
cachegen_disk,1772732342.880827,7.5866,36.54052686691284
cachegen_disk,1772732342.997713,7.5866,36.65741300582886
cachegen_disk,1772732343.144579,7.5866,36.80427885055542
cachegen_disk,1772732343.2493,7.5866,36.90899991989136
cachegen_disk,1772732343.361471,7.5866,37.02117085456848
cachegen_disk,1772732343.475198,7.5866,37.1348979473114
cachegen_disk,1772732343.58787,7.5866,37.24756979942322
cachegen_disk,1772732343.698864,7.5866,37.3585638999939
cachegen_disk,1772732343.812495,7.5866,37.47219491004944
cachegen_disk,1772732343.933263,7.5866,37.592962980270386
cachegen_disk,1772732344.046702,7.5866,37.70640182495117
cachegen_disk,1772732344.175853,7.5866,37.83555293083191
cachegen_disk,1772732344.289276,7.5866,37.948975801467896
cachegen_disk,1772732344.401502,7.5866,38.06120181083679
cachegen_disk,1772732344.517113,7.5866,38.17681288719177
cachegen_disk,1772732344.617359,7.5866,38.277058839797974
cachegen_disk,1772732344.720858,7.5866,38.380558013916016
cachegen_disk,1772732344.871487,7.5866,38.53118681907654
cachegen_disk,1772732344.972411,7.5866,38.632110834121704
cachegen_disk,1772732345.088616,7.5866,38.74831581115723
cachegen_disk,1772732345.201639,7.5866,38.86133885383606
cachegen_disk,1772732345.310338,7.5866,38.97003793716431
cachegen_disk,1772732345.419202,7.5866,39.07890200614929
cachegen_disk,1772732345.534582,7.5866,39.194281816482544
cachegen_disk,1772732345.644247,7.5866,39.30394697189331
cachegen_disk,1772732345.757899,7.5866,39.41759896278381
cachegen_disk,1772732345.870467,7.5866,39.53016686439514
cachegen_disk,1772732346.002778,7.5866,39.66247797012329
cachegen_disk,1772732346.114767,7.5866,39.77446699142456
cachegen_disk,1772732346.241248,7.5866,39.90094780921936
cachegen_disk,1772732346.349386,7.5866,40.00908589363098
cachegen_disk,1772732346.483676,7.5866,40.143375873565674
cachegen_disk,1772732346.628201,7.5866,40.28790092468262
cachegen_disk,1772732346.740389,7.5866,40.40008902549744
cachegen_disk,1772732346.93986,7.5866,40.599560022354126
cachegen_disk,1772732347.040834,7.5866,40.700533866882324
cachegen_disk,1772732347.141348,7.5866,40.801047801971436
cachegen_disk,1772732347.251186,7.5866,40.91088581085205
cachegen_disk,1772732347.365068,7.5866,41.02476787567139
cachegen_disk,1772732347.477478,7.5866,41.13717794418335
cachegen_disk,1772732347.596311,7.5866,41.25601100921631
cachegen_disk,1772732347.703562,7.5866,41.36326193809509
cachegen_disk,1772732347.8166,7.5866,41.47630000114441
cachegen_disk,1772732347.931245,7.5866,41.59094500541687
cachegen_disk,1772732348.049371,7.5866,41.709070920944214
cachegen_disk,1772732348.155887,7.5866,41.81558680534363
cachegen_disk,1772732348.270261,7.5866,41.92996096611023
cachegen_disk,1772732348.382543,7.5866,42.042243003845215
cachegen_disk,1772732348.497948,7.5866,42.15764784812927
cachegen_disk,1772732348.603075,7.5866,42.26277494430542
cachegen_disk,1772732348.719665,7.5866,42.37936496734619
cachegen_disk,1772732348.831021,7.5866,42.490720987319946
cachegen_disk,1772732348.981973,7.5866,42.64167284965515
cachegen_disk,1772732349.08271,7.5866,42.7424099445343
cachegen_disk,1772732349.195913,7.5866,42.855612993240356
cachegen_disk,1772732349.305365,7.5866,42.965065002441406
cachegen_disk,1772732349.42201,7.5866,43.08170986175537
cachegen_disk,1772732349.529034,7.5866,43.18873381614685
cachegen_disk,1772732349.63444,7.5866,43.29413986206055
cachegen_disk,1772732349.737294,7.5866,43.39699387550354
cachegen_disk,1772732349.886137,7.5866,43.54583692550659
cachegen_disk,1772732349.997971,7.5866,43.657670974731445
cachegen_disk,1772732350.164392,7.5866,43.82409191131592
cachegen_disk,1772732350.294415,7.5866,43.95411491394043
cachegen_disk,1772732350.395422,7.5866,44.05512189865112
cachegen_disk,1772732350.533948,7.5866,44.19364786148071
cachegen_disk,1772732350.63519,7.5866,44.2948899269104
cachegen_disk,1772732350.739545,7.5866,44.39924502372742
cachegen_disk,1772732350.840261,7.5866,44.49996089935303
cachegen_disk,1772732350.940716,7.5866,44.6004159450531
cachegen_disk,1772732351.049236,7.5866,44.70893597602844
cachegen_disk,1772732351.17297,7.5866,44.83266997337341
cachegen_disk,1772732351.28725,7.5866,44.94694995880127
cachegen_disk,1772732351.449775,7.5866,45.109474897384644
cachegen_disk,1772732351.552641,7.5866,45.21234083175659
cachegen_disk,1772732351.670271,7.5866,45.329970836639404
cachegen_disk,1772732351.858457,7.5866,45.51815700531006
cachegen_disk,1772732351.959097,7.5866,45.618796825408936
cachegen_disk,1772732352.086832,7.5866,45.74653196334839
cachegen_disk,1772732352.187606,7.5866,45.8473060131073
cachegen_disk,1772732352.296598,7.5866,45.956297874450684
cachegen_disk,1772732352.415423,7.5866,46.07512283325195
cachegen_disk,1772732352.543351,7.5866,46.2030508518219
cachegen_disk,1772732352.644804,7.5866,46.30450391769409
cachegen_disk,1772732352.7594,7.5866,46.41909980773926
cachegen_disk,1772732352.870916,7.5866,46.53061580657959
cachegen_disk,1772732352.985699,7.5866,46.64539885520935
cachegen_disk,1772732353.096329,7.5866,46.75602889060974
cachegen_disk,1772732353.209195,7.5866,46.868894815444946
cachegen_disk,1772732353.320108,7.5866,46.97980785369873
cachegen_disk,1772732353.437047,7.5866,47.09674692153931
cachegen_disk,1772732353.54849,7.5866,47.208189964294434
cachegen_disk,1772732353.667639,7.5866,47.3273389339447
cachegen_disk,1772732353.780206,7.5866,47.439905881881714
cachegen_disk,1772732353.89324,7.5866,47.552939891815186
cachegen_disk,1772732354.005312,7.5866,47.66501188278198
cachegen_disk,1772732354.115553,7.5866,47.77525281906128
cachegen_disk,1772732354.229,7.5866,47.888700008392334
cachegen_disk,1772732354.344452,7.5866,48.004151821136475
cachegen_disk,1772732354.456007,7.5866,48.11570692062378
cachegen_disk,1772732354.5701,7.5866,48.22979998588562
cachegen_disk,1772732354.685584,7.5866,48.34528398513794
cachegen_disk,1772732354.823196,7.5866,48.482895851135254
cachegen_disk,1772732354.936179,7.5866,48.5958788394928
cachegen_disk,1772732355.085138,7.5866,48.74483799934387
cachegen_disk,1772732355.197103,7.5866,48.85680294036865
cachegen_disk,1772732355.309969,7.5866,48.96966886520386
cachegen_disk,1772732355.430021,7.5866,49.08972096443176
cachegen_disk,1772732355.576683,7.5866,49.23638296127319
cachegen_disk,1772732355.690319,7.5866,49.3500189781189
cachegen_disk,1772732355.797695,7.5866,49.45739483833313
cachegen_disk,1772732355.918977,7.5866,49.57867693901062
cachegen_disk,1772732356.03195,7.5866,49.69164991378784
cachegen_disk,1772732356.202412,7.5866,49.86211180686951
cachegen_disk,1772732356.323555,7.5866,49.98325490951538
cachegen_disk,1772732356.42529,7.5866,50.08499002456665
cachegen_disk,1772732356.528676,7.5866,50.18837594985962
cachegen_disk,1772732356.655708,7.5866,50.3154079914093
cachegen_disk,1772732356.791673,7.5866,50.45137286186218
cachegen_disk,1772732356.903077,7.5866,50.56277680397034
cachegen_disk,1772732357.017321,7.5866,50.67702102661133
cachegen_disk,1772732357.133031,7.5866,50.79273080825806
cachegen_disk,1772732357.252995,7.5866,50.91269493103027
cachegen_disk,1772732357.365047,7.5866,51.024746894836426
cachegen_disk,1772732357.476486,7.5866,51.13618588447571
cachegen_disk,1772732357.591706,7.5866,51.25140595436096
cachegen_disk,1772732357.705973,7.5866,51.36567282676697
cachegen_disk,1772732357.834769,7.5866,51.49446892738342
cachegen_disk,1772732357.950755,7.5866,51.61045479774475
cachegen_disk,1772732358.066425,7.5866,51.72612500190735
cachegen_disk,1772732358.18419,7.5866,51.84388995170593
cachegen_disk,1772732358.292578,7.5866,51.95227789878845
cachegen_disk,1772732358.405917,7.5866,52.065616846084595
cachegen_disk,1772732358.518588,7.5866,52.178287982940674
cachegen_disk,1772732358.649597,7.5866,52.30929684638977
cachegen_disk,1772732358.750491,7.5866,52.41019082069397
cachegen_disk,1772732358.865734,7.5866,52.5254340171814
cachegen_disk,1772732358.972177,7.5866,52.631876945495605
cachegen_disk,1772732359.086889,7.5866,52.746588945388794
cachegen_disk,1772732359.202935,7.5866,52.862634897232056
cachegen_disk,1772732359.319367,7.5866,52.97906684875488
cachegen_disk,1772732359.425493,7.5866,53.085192918777466
cachegen_disk,1772732359.541856,7.5866,53.20155596733093
cachegen_disk,1772732359.65407,7.5866,53.313769817352295
cachegen_disk,1772732359.769136,7.5866,53.42883586883545
cachegen_disk,1772732359.900886,7.5866,53.56058597564697
cachegen_disk,1772732360.013998,7.5866,53.67369794845581
cachegen_disk,1772732360.128685,7.5866,53.78838491439819
cachegen_disk,1772732360.274617,7.5866,53.934316873550415
cachegen_disk,1772732360.387405,7.5866,54.047104835510254
cachegen_disk,1772732360.522051,7.5866,54.181751012802124
cachegen_disk,1772732360.661743,7.5866,54.32144284248352
cachegen_disk,1772732360.793924,7.5866,54.45362401008606
cachegen_disk,1772732360.968013,7.5866,54.6277129650116
cachegen_disk,1772732361.069644,7.5866,54.7293438911438
cachegen_disk,1772732361.175126,7.5866,54.83482599258423
cachegen_disk,1772732361.296933,7.5866,54.95663285255432
cachegen_disk,1772732361.414538,7.5866,55.07423782348633
cachegen_disk,1772732361.527439,7.5866,55.18713903427124
cachegen_disk,1772732361.648629,7.5866,55.30832886695862
cachegen_disk,1772732361.763506,7.5866,55.423205852508545
cachegen_disk,1772732361.877291,7.5866,55.53699088096619
cachegen_disk,1772732361.989877,7.5866,55.649576902389526
cachegen_disk,1772732362.108332,7.5866,55.76803183555603
cachegen_disk,1772732362.240355,7.5866,55.900054931640625
cachegen_disk,1772732362.349971,7.5866,56.0096709728241
cachegen_disk,1772732362.456273,7.5866,56.11597299575806
cachegen_disk,1772732362.570143,7.5866,56.22984290122986
cachegen_disk,1772732362.701794,7.5866,56.361493825912476
cachegen_disk,1772732362.817971,7.5866,56.47767090797424
cachegen_disk,1772732362.934791,7.5866,56.59449100494385
cachegen_disk,1772732363.050595,7.5866,56.71029496192932
cachegen_disk,1772732363.161687,7.5866,56.82138681411743
cachegen_disk,1772732363.277151,7.5866,56.936851024627686
cachegen_disk,1772732363.389349,7.5866,57.04904890060425
cachegen_disk,1772732363.504978,7.5866,57.16467785835266
cachegen_disk,1772732363.616563,7.5866,57.27626299858093
cachegen_disk,1772732363.730475,7.5866,57.390174865722656
cachegen_disk,1772732363.842691,7.5866,57.50239086151123
cachegen_disk,1772732363.990621,7.5866,57.6503210067749
cachegen_disk,1772732364.103256,7.5866,57.76295590400696
cachegen_disk,1772732364.255919,7.5866,57.915618896484375
cachegen_disk,1772732364.361984,7.5866,58.02168393135071
cachegen_disk,1772732364.482934,7.5866,58.14263391494751
cachegen_disk,1772732364.587713,7.5866,58.24741291999817
cachegen_disk,1772732364.693517,7.5866,58.353216886520386
cachegen_disk,1772732364.830104,7.5866,58.48980402946472
cachegen_disk,1772732364.960893,7.5866,58.62059283256531
cachegen_disk,1772732365.120252,7.5866,58.77995181083679
cachegen_disk,1772732365.253198,7.5866,58.91289782524109
cachegen_disk,1772732365.390789,7.5866,59.05048894882202
cachegen_disk,1772732365.504586,7.5866,59.16428589820862
cachegen_disk,1772732365.622151,7.5866,59.281850814819336
cachegen_disk,1772732365.735247,7.5866,59.394946813583374
cachegen_disk,1772732365.850084,7.5866,59.50978398323059
cachegen_disk,1772732365.986253,7.5866,59.64595293998718
cachegen_disk,1772732366.106557,7.5866,59.76625680923462
cachegen_disk,1772732366.215097,7.5866,59.874796867370605
cachegen_disk,1772732366.333175,7.5866,59.99287486076355
cachegen_disk,1772732366.445202,7.5866,60.104902029037476
cachegen_disk,1772732366.566457,7.5866,60.22615694999695
cachegen_disk,1772732366.677728,7.5866,60.337427854537964
cachegen_disk,1772732366.805572,7.5866,60.465271949768066
cachegen_disk,1772732366.913676,7.5866,60.573375940322876
cachegen_disk,1772732367.02914,7.5866,60.68883991241455
cachegen_disk,1772732367.163779,7.5866,60.82347893714905
cachegen_disk,1772732367.282563,7.5866,60.94226288795471
cachegen_disk,1772732367.390518,7.5866,61.05021786689758
cachegen_disk,1772732367.506042,7.5866,61.16574192047119
cachegen_disk,1772732367.636484,7.5866,61.296183824539185
cachegen_disk,1772732367.755482,7.5866,61.41518187522888
cachegen_disk,1772732367.876388,7.5866,61.53608798980713
cachegen_disk,1772732368.009543,7.5866,61.66924285888672
cachegen_disk,1772732368.343321,7.5866,62.003021001815796
cachegen_disk,1772732368.443658,7.5866,62.103358030319214
cachegen_disk,1772732368.559411,7.5866,62.21911096572876
cachegen_disk,1772732368.670852,7.5866,62.330551862716675
cachegen_disk,1772732368.784255,7.5886,62.443954944610596
cachegen_disk,1772732368.897401,7.5886,62.557101011276245
cachegen_disk,1772732369.028775,7.5886,62.688474893569946
cachegen_disk,1772732369.143706,7.5886,62.80340600013733
cachegen_disk,1772732369.258274,7.5886,62.91797399520874
cachegen_disk,1772732369.359114,7.5886,63.01881384849548
cachegen_disk,1772732369.490127,7.5886,63.149827003479004
cachegen_disk,1772732369.603873,7.5886,63.26357293128967
cachegen_disk,1772732369.723643,7.5886,63.3833429813385
cachegen_disk,1772732369.833186,7.5886,63.49288582801819
cachegen_disk,1772732369.94535,7.5886,63.60504984855652
cachegen_disk,1772732370.045746,7.5886,63.705446004867554
cachegen_disk,1772732370.160237,7.5886,63.819936990737915
cachegen_disk,1772732370.271502,7.5886,63.93120193481445
cachegen_disk,1772732370.389996,7.5886,64.04969596862793
cachegen_disk,1772732370.516428,7.5886,64.17612791061401
cachegen_disk,1772732370.670944,7.5886,64.33064389228821
cachegen_disk,1772732370.808647,7.5886,64.46834683418274
cachegen_disk,1772732370.909297,7.5886,64.56899690628052
cachegen_disk,1772732371.014991,7.5886,64.67469096183777
cachegen_disk,1772732371.134317,7.5886,64.79401683807373
cachegen_disk,1772732371.244442,7.5886,64.90414190292358
cachegen_disk,1772732371.408943,7.5886,65.06864285469055
cachegen_disk,1772732371.524834,7.5886,65.1845338344574
cachegen_disk,1772732371.686826,7.5886,65.34652590751648
cachegen_disk,1772732371.798299,7.5886,65.45799899101257
cachegen_disk,1772732371.922182,7.5886,65.58188199996948
cachegen_disk,1772732372.029608,7.5886,65.68930792808533
cachegen_disk,1772732372.130285,7.5886,65.78998494148254
cachegen_disk,1772732372.258528,7.5886,65.91822791099548
cachegen_disk,1772732372.371167,7.5886,66.03086686134338
cachegen_disk,1772732372.485185,7.5886,66.14488482475281
cachegen_disk,1772732372.600843,7.5886,66.26054286956787
cachegen_disk,1772732372.717043,7.5886,66.37674283981323
cachegen_disk,1772732372.82824,7.5886,66.48793983459473
cachegen_disk,1772732372.942574,7.5886,66.60227394104004
cachegen_disk,1772732373.057033,7.5886,66.7167329788208
cachegen_disk,1772732373.170012,7.5886,66.8297119140625
cachegen_disk,1772732373.285902,7.5886,66.94560194015503
cachegen_disk,1772732373.416397,7.5886,67.07609701156616
cachegen_disk,1772732373.532174,7.5886,67.1918740272522
cachegen_disk,1772732373.644794,7.5886,67.30449390411377
cachegen_disk,1772732373.751037,7.5886,67.41073679924011
cachegen_disk,1772732373.874652,7.5886,67.53435182571411
cachegen_disk,1772732373.987491,7.5886,67.64719080924988
cachegen_disk,1772732374.10842,7.5886,67.76811981201172
cachegen_disk,1772732374.23477,7.5886,67.89446997642517
cachegen_disk,1772732374.335439,7.5886,67.9951388835907
cachegen_disk,1772732374.445181,7.5886,68.10488080978394
cachegen_disk,1772732374.562453,7.5886,68.22215294837952
cachegen_disk,1772732374.673217,7.5886,68.33291697502136
cachegen_disk,1772732374.787725,7.5886,68.44742488861084
cachegen_disk,1772732374.903538,7.5886,68.56323790550232
cachegen_disk,1772732375.018173,7.5886,68.67787289619446
cachegen_disk,1772732375.151521,7.5886,68.81122088432312
cachegen_disk,1772732375.266725,7.5886,68.92642498016357
cachegen_disk,1772732375.386345,7.5886,69.04604482650757
cachegen_disk,1772732375.488331,7.5886,69.14803099632263
cachegen_disk,1772732375.60394,7.5886,69.2636399269104
cachegen_disk,1772732375.734493,7.5886,69.39419293403625
cachegen_disk,1772732375.898314,7.5886,69.55801391601562
cachegen_disk,1772732376.054827,7.5886,69.71452689170837
cachegen_disk,1772732376.236706,7.5886,69.89640593528748
cachegen_disk,1772732376.34261,7.5886,70.00230979919434
cachegen_disk,1772732376.443591,7.5886,70.10329103469849
cachegen_disk,1772732376.552048,7.5886,70.21174788475037
cachegen_disk,1772732376.668423,7.5886,70.32812285423279
cachegen_disk,1772732376.781965,7.5886,70.44166493415833
cachegen_disk,1772732376.89462,7.5886,70.55431985855103
cachegen_disk,1772732377.009481,7.5886,70.66918087005615
cachegen_disk,1772732377.123033,7.5886,70.78273296356201
cachegen_disk,1772732377.244049,7.5886,70.90374898910522
cachegen_disk,1772732377.359356,7.5886,71.01905584335327
cachegen_disk,1772732377.475473,7.5886,71.1351728439331
cachegen_disk,1772732377.589185,7.5886,71.24888491630554
cachegen_disk,1772732377.704542,7.5886,71.3642418384552
cachegen_disk,1772732377.819259,7.5886,71.47895884513855
cachegen_disk,1772732377.951319,7.5886,71.6110188961029
cachegen_disk,1772732378.0869,7.5886,71.74659991264343
cachegen_disk,1772732378.199007,7.5886,71.85870695114136
cachegen_disk,1772732378.315315,7.5886,71.97501492500305
cachegen_disk,1772732378.431619,7.5886,72.0913188457489
cachegen_disk,1772732378.544225,7.5886,72.20392489433289
cachegen_disk,1772732378.65837,7.5886,72.31806993484497
cachegen_disk,1772732378.771141,7.5886,72.4308409690857
cachegen_disk,1772732378.886682,7.5886,72.54638195037842
cachegen_disk,1772732379.001492,7.5886,72.66119194030762
cachegen_disk,1772732379.116006,7.5886,72.77570581436157
cachegen_disk,1772732379.232785,7.5886,72.89248490333557
cachegen_disk,1772732379.365326,7.5886,73.02502584457397
cachegen_disk,1772732379.482221,7.5886,73.14192080497742
cachegen_disk,1772732379.594897,7.5886,73.25459694862366
cachegen_disk,1772732379.707913,7.5886,73.36761283874512
cachegen_disk,1772732379.813497,7.5886,73.4731969833374
cachegen_disk,1772732379.921328,7.5886,73.58102798461914
cachegen_disk,1772732380.036012,7.5886,73.69571185112
cachegen_disk,1772732380.149494,7.5886,73.8091938495636
cachegen_disk,1772732380.261281,7.5886,73.92098093032837
cachegen_disk,1772732380.392552,7.5886,74.0522518157959
cachegen_disk,1772732380.501806,7.5886,74.1615059375763
cachegen_disk,1772732380.664501,7.5886,74.32420086860657
cachegen_disk,1772732380.786492,7.5886,74.4461920261383
cachegen_disk,1772732380.903386,7.5886,74.56308603286743
cachegen_disk,1772732381.087496,7.5886,74.74719595909119
cachegen_disk,1772732381.18776,7.5886,74.8474600315094
cachegen_disk,1772732381.288558,7.5886,74.94825792312622
cachegen_disk,1772732381.651871,7.5886,75.31157088279724
cachegen_disk,1772732381.752407,7.5886,75.41210699081421
cachegen_disk,1772732381.852616,7.5886,75.51231598854065
cachegen_disk,1772732381.96017,7.5886,75.61986994743347
cachegen_disk,1772732382.066247,7.5886,75.72594690322876
cachegen_disk,1772732382.180435,7.5886,75.84013485908508
cachegen_disk,1772732382.288543,7.5886,75.94824290275574
cachegen_disk,1772732382.40442,7.5886,76.06411981582642
cachegen_disk,1772732382.538132,7.5886,76.19783186912537
cachegen_disk,1772732382.65167,7.5886,76.31136989593506
cachegen_disk,1772732382.769197,7.5886,76.4288969039917
cachegen_disk,1772732382.87986,7.5886,76.539559841156
cachegen_disk,1772732382.980832,7.5886,76.64053201675415
cachegen_disk,1772732383.111565,7.5886,76.77126502990723
cachegen_disk,1772732383.211723,7.5886,76.87142300605774
cachegen_disk,1772732383.354281,7.5886,77.01398086547852
cachegen_disk,1772732383.468481,7.5886,77.12818098068237
cachegen_disk,1772732383.622496,7.5886,77.2821958065033
cachegen_disk,1772732383.739503,7.5886,77.39920282363892
cachegen_disk,1772732383.857062,7.5886,77.51676201820374
cachegen_disk,1772732383.968597,7.5886,77.62829685211182
cachegen_disk,1772732384.082616,7.5886,77.74231600761414
cachegen_disk,1772732384.257082,7.5886,77.91678190231323
cachegen_disk,1772732384.369478,7.5886,78.02917790412903
cachegen_disk,1772732384.480148,7.5886,78.13984799385071
cachegen_disk,1772732384.594552,7.5886,78.2542519569397
cachegen_disk,1772732384.710929,7.5886,78.37062883377075
cachegen_disk,1772732384.827448,7.5886,78.48714780807495
cachegen_disk,1772732384.942116,7.5886,78.60181593894958
cachegen_disk,1772732385.055978,7.5886,78.71567797660828
cachegen_disk,1772732385.170795,7.5886,78.83049488067627
cachegen_disk,1772732385.287152,7.5886,78.94685196876526
cachegen_disk,1772732385.401357,7.5886,79.0610568523407
cachegen_disk,1772732385.520239,7.5886,79.17993903160095
cachegen_disk,1772732385.636854,7.5886,79.29655385017395
cachegen_disk,1772732385.751202,7.5886,79.41090202331543
cachegen_disk,1772732385.863942,7.5886,79.52364182472229
cachegen_disk,1772732385.983838,7.5886,79.64353799819946
cachegen_disk,1772732386.096895,7.5886,79.75659489631653
cachegen_disk,1772732386.229715,7.5886,79.88941502571106
cachegen_disk,1772732386.330253,7.5886,79.98995280265808
cachegen_disk,1772732386.44306,7.5886,80.10275983810425
cachegen_disk,1772732386.559805,7.5886,80.21950483322144
cachegen_disk,1772732386.67482,7.5886,80.33451986312866
cachegen_disk,1772732386.793375,7.5886,80.45307493209839
cachegen_disk,1772732386.908838,7.5886,80.56853795051575
cachegen_disk,1772732387.023787,7.5886,80.68348693847656
cachegen_disk,1772732387.163084,7.5886,80.82278394699097
cachegen_disk,1772732387.336214,7.5886,80.99591398239136
cachegen_disk,1772732387.437337,7.5886,81.0970368385315
cachegen_disk,1772732387.552615,7.5886,81.21231484413147
cachegen_disk,1772732387.668482,7.5886,81.3281819820404
cachegen_disk,1772732387.783208,7.5886,81.44290781021118
cachegen_disk,1772732387.898391,7.5886,81.55809092521667
cachegen_disk,1772732388.016644,7.5886,81.67634391784668
cachegen_disk,1772732388.128226,7.5886,81.78792595863342
cachegen_disk,1772732388.278261,7.5886,81.9379608631134
cachegen_disk,1772732388.384678,7.5886,82.04437780380249
cachegen_disk,1772732388.496982,7.5886,82.15668201446533
cachegen_disk,1772732388.615011,7.5886,82.27471089363098
cachegen_disk,1772732388.727359,7.5886,82.38705897331238
cachegen_disk,1772732388.844749,7.5886,82.50444889068604
cachegen_disk,1772732388.95926,7.5886,82.61895990371704
cachegen_disk,1772732389.076684,7.5886,82.73638391494751
cachegen_disk,1772732389.18991,7.5886,82.84960985183716
cachegen_disk,1772732389.304217,7.5886,82.96391701698303
cachegen_disk,1772732389.421493,7.5886,83.08119297027588
cachegen_disk,1772732389.602866,7.5886,83.26256585121155
cachegen_disk,1772732389.723454,7.5886,83.38315391540527
cachegen_disk,1772732389.842143,7.5886,83.50184297561646
cachegen_disk,1772732389.958173,7.5886,83.61787295341492
cachegen_disk,1772732390.072618,7.5886,83.73231792449951
cachegen_disk,1772732390.187447,7.5886,83.84714698791504
cachegen_disk,1772732390.304718,7.5886,83.96441793441772
cachegen_disk,1772732390.420552,7.5886,84.08025193214417
cachegen_disk,1772732390.536459,7.5886,84.19615888595581
cachegen_disk,1772732390.652918,7.5886,84.31261801719666
cachegen_disk,1772732390.768773,7.5886,84.42847299575806
cachegen_disk,1772732390.897892,7.5886,84.55759191513062
cachegen_disk,1772732391.013698,7.5886,84.6733980178833
cachegen_disk,1772732391.127697,7.5886,84.7873969078064
cachegen_disk,1772732391.243112,7.5886,84.90281200408936
cachegen_disk,1772732391.359076,7.5886,85.0187759399414
cachegen_disk,1772732391.494159,7.5886,85.15385890007019
cachegen_disk,1772732391.604428,7.5886,85.26412796974182
cachegen_disk,1772732391.705735,7.5886,85.36543488502502
cachegen_disk,1772732391.860323,7.5886,85.52002286911011
cachegen_disk,1772732391.967106,7.5886,85.6268060207367
cachegen_disk,1772732392.079179,7.5886,85.73887896537781
cachegen_disk,1772732392.213202,7.5886,85.8729019165039
cachegen_disk,1772732392.325617,7.5886,85.98531699180603
cachegen_disk,1772732392.44187,7.5886,86.10156989097595
cachegen_disk,1772732392.558115,7.5886,86.21781492233276
cachegen_disk,1772732392.691808,7.5886,86.35150790214539
cachegen_disk,1772732392.80595,7.5886,86.46564984321594
cachegen_disk,1772732392.906929,7.5886,86.56662893295288
cachegen_disk,1772732393.019542,7.5886,86.67924189567566
cachegen_disk,1772732393.314733,7.5886,86.97443294525146
cachegen_disk,1772732393.435198,7.5886,87.09489798545837
cachegen_disk,1772732393.552432,7.5886,87.2121319770813
cachegen_disk,1772732393.674829,7.5886,87.33452892303467
cachegen_disk,1772732393.814302,7.5886,87.47400188446045
cachegen_disk,1772732393.9567,7.5886,87.61640000343323
cachegen_disk,1772732394.077474,7.5886,87.73717403411865
cachegen_disk,1772732394.185827,7.5886,87.84552693367004
cachegen_disk,1772732394.28915,7.5886,87.94884991645813
cachegen_disk,1772732394.403107,7.5886,88.0628068447113
cachegen_disk,1772732394.518673,7.5886,88.17837285995483
cachegen_disk,1772732394.634327,7.5886,88.29402685165405
cachegen_disk,1772732394.752134,7.5886,88.41183400154114
cachegen_disk,1772732394.865978,7.5886,88.52567791938782
cachegen_disk,1772732394.985887,7.5886,88.64558696746826
cachegen_disk,1772732395.102803,7.5886,88.76250290870667
cachegen_disk,1772732395.218393,7.5886,88.87809300422668
cachegen_disk,1772732395.335997,7.5886,88.99569702148438
cachegen_disk,1772732395.45355,7.5886,89.11325001716614
cachegen_disk,1772732395.567699,7.5886,89.22739887237549
cachegen_disk,1772732395.685555,7.5886,89.34525489807129
cachegen_disk,1772732395.818366,7.5886,89.47806596755981
cachegen_disk,1772732395.934924,7.5886,89.59462380409241
cachegen_disk,1772732396.051646,7.5886,89.711345911026
cachegen_disk,1772732396.163168,7.5886,89.82286787033081
cachegen_disk,1772732396.263367,7.5886,89.92306685447693
cachegen_disk,1772732396.37431,7.5886,90.03400993347168
cachegen_disk,1772732396.500598,7.5886,90.16029787063599
cachegen_disk,1772732396.615572,7.5886,90.27527189254761
cachegen_disk,1772732396.744061,7.5886,90.40376091003418
cachegen_disk,1772732396.875857,7.5886,90.53555703163147
cachegen_disk,1772732396.977328,7.5886,90.6370279788971
cachegen_disk,1772732397.090639,7.5886,90.75033903121948
cachegen_disk,1772732397.206348,7.5886,90.8660478591919
cachegen_disk,1772732397.32185,7.5886,90.98154997825623
cachegen_disk,1772732397.444108,7.5886,91.10380792617798
cachegen_disk,1772732397.573757,7.5886,91.23345685005188
cachegen_disk,1772732397.6887,7.5886,91.34839987754822
cachegen_disk,1772732397.805912,7.5886,91.46561193466187
cachegen_disk,1772732397.919375,7.5886,91.57907485961914
cachegen_disk,1772732398.034392,7.5886,91.69409203529358
cachegen_disk,1772732398.152151,7.5886,91.81185102462769
cachegen_disk,1772732398.267051,7.5886,91.9267508983612
cachegen_disk,1772732398.406203,7.5886,92.06590294837952
cachegen_disk,1772732398.522303,7.5886,92.18200302124023
cachegen_disk,1772732398.63766,7.5886,92.29735994338989
cachegen_disk,1772732398.779734,7.5886,92.43943381309509
cachegen_disk,1772732398.921303,7.5886,92.58100295066833
cachegen_disk,1772732399.101965,7.5886,92.76166486740112
cachegen_disk,1772732399.203756,7.5886,92.86345601081848
cachegen_disk,1772732399.320554,7.5886,92.98025393486023
cachegen_disk,1772732399.43167,7.5886,93.09136986732483
cachegen_disk,1772732399.532704,7.5886,93.19240403175354
cachegen_disk,1772732399.646696,7.5886,93.30639600753784
cachegen_disk,1772732399.763113,7.5886,93.42281293869019
cachegen_disk,1772732399.877427,7.5886,93.53712701797485
cachegen_disk,1772732399.999751,7.5886,93.65945100784302
cachegen_disk,1772732400.116017,7.5886,93.77571702003479
cachegen_disk,1772732400.231243,7.5886,93.89094281196594
cachegen_disk,1772732400.343528,7.5886,94.00322794914246
cachegen_disk,1772732400.459501,7.5886,94.11920094490051
cachegen_disk,1772732400.583102,7.5886,94.24280190467834
cachegen_disk,1772732400.697214,7.5886,94.35691380500793
cachegen_disk,1772732400.813378,7.5886,94.47307801246643
cachegen_disk,1772732400.942631,7.5886,94.60233092308044
cachegen_disk,1772732401.057746,7.5886,94.71744585037231
cachegen_disk,1772732401.472095,7.5886,95.1317949295044
cachegen_disk,1772732401.573105,7.5886,95.23280501365662
cachegen_disk,1772732401.689647,7.5886,95.34934687614441
cachegen_disk,1772732401.802564,7.5886,95.46226382255554
cachegen_disk,1772732401.908928,7.5886,95.56862783432007
cachegen_disk,1772732402.016271,7.5886,95.67597103118896
cachegen_disk,1772732402.130553,7.5886,95.79025292396545
cachegen_disk,1772732402.252656,7.5886,95.91235589981079
cachegen_disk,1772732402.363258,7.5886,96.02295780181885
cachegen_disk,1772732402.479208,7.5886,96.13890790939331
cachegen_disk,1772732402.596022,7.5886,96.25572180747986
cachegen_disk,1772732402.711912,7.5886,96.37161183357239
cachegen_disk,1772732402.882596,7.5886,96.54229593276978
cachegen_disk,1772732403.007207,7.5886,96.66690683364868
cachegen_disk,1772732403.123348,7.5886,96.783047914505
cachegen_disk,1772732403.271924,7.5886,96.93162393569946
cachegen_disk,1772732403.379587,7.5886,97.03928685188293
cachegen_disk,1772732403.488699,7.5886,97.14839887619019
cachegen_disk,1772732403.589038,7.5886,97.24873781204224
cachegen_disk,1772732403.704394,7.5886,97.36409401893616
cachegen_disk,1772732403.820714,7.5886,97.4804139137268
cachegen_disk,1772732403.947579,7.5886,97.60727882385254
cachegen_disk,1772732404.06316,7.5886,97.72285985946655
cachegen_disk,1772732404.18251,7.5886,97.842209815979
cachegen_disk,1772732404.296224,7.5886,97.95592403411865
cachegen_disk,1772732404.421342,7.5886,98.08104181289673
cachegen_disk,1772732404.536886,7.5886,98.19658589363098
cachegen_disk,1772732404.652267,7.5886,98.31196689605713
cachegen_disk,1772732404.768342,7.5886,98.42804193496704
cachegen_disk,1772732404.884754,7.5886,98.54445385932922
cachegen_disk,1772732404.999878,7.5886,98.6595778465271
cachegen_disk,1772732405.11664,7.5886,98.77634000778198
cachegen_disk,1772732405.232839,7.5886,98.89253902435303
cachegen_disk,1772732405.346981,7.5886,99.00668096542358
cachegen_disk,1772732405.463853,7.5886,99.12355279922485
cachegen_disk,1772732405.5813,7.5886,99.2409999370575
cachegen_disk,1772732405.73334,7.5886,99.39303994178772
cachegen_disk,1772732405.833642,7.5886,99.49334192276001
cachegen_disk,1772732405.944198,7.5886,99.6038978099823
cachegen_disk,1772732406.0951,7.5886,99.75479984283447
cachegen_disk,1772732406.204285,7.5886,99.86398482322693
cachegen_disk,1772732406.319446,7.5886,99.97914600372314
cachegen_disk,1772732406.434208,7.5886,100.09390783309937
cachegen_disk,1772732406.551655,7.5886,100.211354970932
cachegen_disk,1772732406.676259,7.5886,100.33595895767212
cachegen_disk,1772732406.794299,7.5886,100.45399880409241
cachegen_disk,1772732406.910688,7.5886,100.570387840271
cachegen_disk,1772732407.027251,7.5886,100.68695092201233
cachegen_disk,1772732407.166226,7.5886,100.82592582702637
cachegen_disk,1772732407.272362,7.5886,100.93206191062927
cachegen_disk,1772732407.410768,7.5886,101.07046794891357
cachegen_disk,1772732407.521492,7.5886,101.18119192123413
cachegen_disk,1772732407.639855,7.5886,101.2995548248291
cachegen_disk,1772732407.75611,7.5886,101.41580986976624
cachegen_disk,1772732407.875416,7.5886,101.53511595726013
cachegen_disk,1772732407.989763,7.5886,101.64946293830872
cachegen_disk,1772732408.10603,7.5886,101.7657299041748
cachegen_disk,1772732408.224438,7.5886,101.88413786888123
cachegen_disk,1772732408.34789,7.5886,102.00758981704712
cachegen_disk,1772732408.461332,7.5886,102.12103199958801
cachegen_disk,1772732408.577913,7.5886,102.23761296272278
cachegen_disk,1772732408.693432,7.5886,102.35313200950623
cachegen_disk,1772732408.828038,7.5886,102.48773789405823
cachegen_disk,1772732408.945158,7.5886,102.60485792160034
cachegen_disk,1772732409.059619,7.5886,102.71931886672974
cachegen_disk,1772732409.176185,7.5886,102.83588480949402
cachegen_disk,1772732409.293348,7.5886,102.95304799079895
cachegen_disk,1772732409.411465,7.5886,103.07116484642029
cachegen_disk,1772732409.862309,7.5886,103.52200889587402
cachegen_disk,1772732409.963791,7.5886,103.62349081039429
cachegen_disk,1772732410.077839,7.5886,103.73753881454468
cachegen_disk,1772732410.195097,7.5886,103.85479688644409
cachegen_disk,1772732410.314424,7.5886,103.97412395477295
cachegen_disk,1772732410.429521,7.5886,104.08922100067139
cachegen_disk,1772732410.551505,7.5886,104.21120500564575
cachegen_disk,1772732410.670275,7.5886,104.32997488975525
cachegen_disk,1772732410.802051,7.5886,104.4617509841919
cachegen_disk,1772732410.935333,7.5886,104.59503293037415
cachegen_disk,1772732411.041704,7.5886,104.70140385627747
cachegen_disk,1772732411.151194,7.5886,104.81089401245117
cachegen_disk,1772732411.271024,7.5886,104.93072390556335
cachegen_disk,1772732411.404615,7.5886,105.06431484222412
cachegen_disk,1772732411.50485,7.5886,105.16454982757568
cachegen_disk,1772732411.622435,7.5886,105.28213500976562
cachegen_disk,1772732411.7401,7.5886,105.39979982376099
cachegen_disk,1772732411.890988,7.5886,105.55068802833557
cachegen_disk,1772732412.043276,7.5886,105.70297598838806
cachegen_disk,1772732412.147669,7.5886,105.80736899375916
cachegen_disk,1772732412.260654,7.5886,105.92035388946533
cachegen_disk,1772732412.362966,7.5886,106.02266597747803
cachegen_disk,1772732412.477087,7.5886,106.13678693771362
cachegen_disk,1772732412.594316,7.5886,106.25401592254639
cachegen_disk,1772732412.73381,7.5886,106.39350986480713
cachegen_disk,1772732412.845487,7.5886,106.50518703460693
cachegen_disk,1772732412.977931,7.5886,106.63763093948364
cachegen_disk,1772732413.110679,7.5886,106.7703788280487
cachegen_disk,1772732413.234236,7.5886,106.89393591880798
cachegen_disk,1772732413.340079,7.5886,106.99977898597717
cachegen_disk,1772732413.456624,7.5886,107.1163239479065
cachegen_disk,1772732413.574716,7.5886,107.2344160079956
cachegen_disk,1772732413.693808,7.5886,107.35350799560547
cachegen_disk,1772732413.826735,7.5886,107.48643493652344
cachegen_disk,1772732413.939981,7.5886,107.59968090057373
cachegen_disk,1772732414.056986,7.5886,107.71668601036072
cachegen_disk,1772732414.197806,7.5886,107.85750579833984
cachegen_disk,1772732414.329141,7.5886,107.98884081840515
cachegen_disk,1772732414.429576,7.5886,108.08927583694458
cachegen_disk,1772732414.542027,7.5886,108.20172691345215
cachegen_disk,1772732414.658914,7.5886,108.31861400604248
cachegen_disk,1772732414.777859,7.5886,108.43755888938904
cachegen_disk,1772732414.933366,7.5886,108.59306597709656
cachegen_disk,1772732415.202618,7.5886,108.86231780052185
cachegen_disk,1772732415.321151,7.5886,108.9808509349823
cachegen_disk,1772732415.439745,7.5886,109.09944486618042
cachegen_disk,1772732415.55682,7.5886,109.21651983261108
cachegen_disk,1772732415.687352,7.5886,109.34705185890198
cachegen_disk,1772732415.824197,7.5886,109.4838969707489
cachegen_disk,1772732415.930568,7.5886,109.59026789665222
cachegen_disk,1772732416.039705,7.5886,109.69940495491028
cachegen_disk,1772732416.15954,7.5886,109.81923985481262
cachegen_disk,1772732416.279283,7.5886,109.93898296356201
cachegen_disk,1772732416.402919,7.5886,110.06261897087097
cachegen_disk,1772732416.529366,7.5886,110.18906593322754
cachegen_disk,1772732416.651527,7.5886,110.3112268447876
cachegen_disk,1772732416.773046,7.5886,110.43274593353271
cachegen_disk,1772732416.889423,7.5886,110.54912281036377
cachegen_disk,1772732417.010711,7.5886,110.67041087150574
cachegen_disk,1772732417.144395,7.5886,110.80409502983093
cachegen_disk,1772732417.245767,7.5886,110.90546703338623
cachegen_disk,1772732417.362478,7.5886,111.0221779346466
cachegen_disk,1772732417.49224,7.5886,111.151939868927
cachegen_disk,1772732417.606867,7.5886,111.26656699180603
cachegen_disk,1772732417.72426,7.5886,111.38396000862122
cachegen_disk,1772732417.842879,7.5886,111.50257897377014
cachegen_disk,1772732418.000048,7.5886,111.659747838974
cachegen_disk,1772732418.111408,7.5886,111.7711079120636
cachegen_disk,1772732418.263525,7.5886,111.92322492599487
cachegen_disk,1772732418.363865,7.5886,112.02356481552124
cachegen_disk,1772732418.479949,7.5886,112.13964891433716
cachegen_disk,1772732418.598316,7.5886,112.25801587104797
cachegen_disk,1772732418.717115,7.5886,112.37681484222412
cachegen_disk,1772732418.83148,7.5886,112.49117994308472
cachegen_disk,1772732418.948317,7.5886,112.60801696777344
cachegen_disk,1772732419.113369,7.5886,112.77306890487671
cachegen_disk,1772732419.215552,7.5886,112.87525200843811
cachegen_disk,1772732419.318275,7.5886,112.9779748916626
cachegen_disk,1772732419.466697,7.5886,113.12639689445496
cachegen_disk,1772732419.574129,7.5886,113.23382902145386
cachegen_disk,1772732419.679916,7.5886,113.33961582183838
cachegen_disk,1772732419.789627,7.5886,113.44932699203491
cachegen_disk,1772732419.905746,7.5886,113.56544589996338
cachegen_disk,1772732420.021359,7.5886,113.68105888366699
cachegen_disk,1772732420.136208,7.5886,113.79590797424316
cachegen_disk,1772732420.266908,7.5886,113.92660784721375
cachegen_disk,1772732420.38056,7.5886,114.04025983810425
cachegen_disk,1772732420.519852,7.5886,114.17955183982849
cachegen_disk,1772732420.633014,7.5886,114.29271388053894
cachegen_disk,1772732420.993968,7.5886,114.65366792678833
cachegen_disk,1772732421.095031,7.5886,114.75473093986511
cachegen_disk,1772732421.250554,7.5886,114.91025400161743
cachegen_disk,1772732421.368109,7.5886,115.02780890464783
cachegen_disk,1772732421.484647,7.5886,115.14434695243835
cachegen_disk,1772732421.609917,7.5886,115.2696168422699
cachegen_disk,1772732421.724912,7.5886,115.38461184501648
cachegen_disk,1772732421.843225,7.5886,115.50292491912842
cachegen_disk,1772732421.959046,7.5886,115.61874580383301
cachegen_disk,1772732422.076373,7.5886,115.73607301712036
cachegen_disk,1772732422.210039,7.5886,115.86973881721497
cachegen_disk,1772732422.310639,7.5886,115.97033882141113
cachegen_disk,1772732422.428989,7.5886,116.08868885040283
cachegen_disk,1772732422.546376,7.5886,116.20607590675354
cachegen_disk,1772732422.66373,7.5886,116.32342982292175
cachegen_disk,1772732422.804076,7.5886,116.4637758731842
cachegen_disk,1772732422.916201,7.5886,116.57590103149414
cachegen_disk,1772732423.082574,7.5886,116.74227380752563
cachegen_disk,1772732423.183622,7.5886,116.84332180023193
cachegen_disk,1772732423.284125,7.5886,116.94382500648499
cachegen_disk,1772732423.404318,7.5886,117.06401801109314
cachegen_disk,1772732423.519013,7.5886,117.17871284484863
cachegen_disk,1772732423.636485,7.5886,117.29618501663208
cachegen_disk,1772732423.793312,7.5886,117.4530119895935
cachegen_disk,1772732423.895593,7.5886,117.55529284477234
cachegen_disk,1772732424.01244,7.5886,117.67213988304138
cachegen_disk,1772732424.114303,7.5886,117.77400302886963
cachegen_disk,1772732424.23122,7.5886,117.89091992378235
cachegen_disk,1772732424.351035,7.5886,118.01073503494263
cachegen_disk,1772732424.471395,7.5886,118.13109493255615
cachegen_disk,1772732424.587032,7.5886,118.24673199653625
cachegen_disk,1772732424.703695,7.5886,118.36339497566223
cachegen_disk,1772732424.821888,7.5886,118.4815878868103
cachegen_disk,1772732424.940031,7.5886,118.59973096847534
cachegen_disk,1772732425.056225,7.5886,118.71592497825623
cachegen_disk,1772732425.172784,7.5886,118.83248400688171
cachegen_disk,1772732425.289943,7.5886,118.94964289665222
cachegen_disk,1772732425.412552,7.5886,119.07225203514099
cachegen_disk,1772732425.535507,7.5886,119.19520688056946
cachegen_disk,1772732425.660793,7.5886,119.32049298286438
cachegen_disk,1772732425.791633,7.5886,119.4513328075409
cachegen_disk,1772732425.922848,7.5886,119.58254790306091
cachegen_disk,1772732426.036305,7.5886,119.69600486755371
cachegen_disk,1772732426.389431,7.5886,120.04913091659546
cachegen_disk,1772732426.494512,7.5886,120.15421199798584
cachegen_disk,1772732426.594889,7.5886,120.25458884239197
cachegen_disk,1772732426.713547,7.5886,120.37324690818787
cachegen_disk,1772732426.828957,7.5886,120.48865699768066
cachegen_disk,1772732426.952177,7.5886,120.61187696456909
cachegen_disk,1772732427.087001,7.5886,120.74670100212097
cachegen_disk,1772732427.221432,7.5886,120.88113188743591
cachegen_disk,1772732427.323057,7.5886,120.98275685310364
cachegen_disk,1772732427.442427,7.5886,121.10212683677673
cachegen_disk,1772732427.560314,7.5886,121.22001385688782
cachegen_disk,1772732427.677166,7.5886,121.33686590194702
cachegen_disk,1772732427.793234,7.5886,121.45293402671814
cachegen_disk,1772732427.937617,7.5886,121.59731698036194
cachegen_disk,1772732428.05317,7.5886,121.71286988258362
cachegen_disk,1772732428.172094,7.5886,121.8317940235138
cachegen_disk,1772732428.314963,7.5886,121.9746630191803
cachegen_disk,1772732428.446025,7.5886,122.10572481155396
cachegen_disk,1772732428.546535,7.5886,122.2062349319458
cachegen_disk,1772732428.664068,7.5886,122.32376790046692
cachegen_disk,1772732428.781509,7.5886,122.4412088394165
cachegen_disk,1772732428.89952,7.5886,122.55921983718872
cachegen_disk,1772732429.015107,7.5886,122.67480683326721
cachegen_disk,1772732429.143004,7.5886,122.80270385742188
cachegen_disk,1772732429.259686,7.5886,122.91938591003418
cachegen_disk,1772732429.380397,7.5886,123.04009699821472
cachegen_disk,1772732429.509987,7.5886,123.16968703269958
cachegen_disk,1772732429.628275,7.5886,123.28797483444214
cachegen_disk,1772732429.745903,7.5886,123.40560293197632
cachegen_disk,1772732429.861152,7.5886,123.52085185050964
cachegen_disk,1772732429.977606,7.5886,123.63730597496033
cachegen_disk,1772732430.095862,7.5886,123.75556182861328
cachegen_disk,1772732430.213796,7.5886,123.87349581718445
cachegen_disk,1772732430.330916,7.5886,123.99061584472656
cachegen_disk,1772732430.480692,7.5886,124.14039182662964
cachegen_disk,1772732430.58704,7.5886,124.24673986434937
cachegen_disk,1772732430.929303,7.5886,124.58900284767151
cachegen_disk,1772732431.049502,7.5886,124.70920181274414
cachegen_disk,1772732431.164164,7.5886,124.8238639831543
cachegen_disk,1772732431.283237,7.5886,124.94293689727783
cachegen_disk,1772732431.400911,7.5886,125.06061100959778
cachegen_disk,1772732431.530316,7.5886,125.19001603126526
cachegen_disk,1772732431.664873,7.5886,125.32457280158997
cachegen_disk,1772732431.780778,7.5886,125.44047784805298
cachegen_disk,1772732431.900111,7.5886,125.55981087684631
cachegen_disk,1772732432.018641,7.5886,125.67834091186523
cachegen_disk,1772732432.136435,7.5886,125.79613494873047
cachegen_disk,1772732432.255175,7.5886,125.91487503051758
cachegen_disk,1772732432.385845,7.5886,126.04554486274719
cachegen_disk,1772732432.509782,7.5886,126.16948199272156
cachegen_disk,1772732432.62807,7.5886,126.28777003288269
cachegen_disk,1772732432.747809,7.5886,126.40750885009766
cachegen_disk,1772732432.86465,7.5886,126.52434992790222
cachegen_disk,1772732432.999599,7.5886,126.65929889678955
cachegen_disk,1772732433.113523,7.5886,126.77322292327881
cachegen_disk,1772732433.230892,7.5886,126.8905918598175
cachegen_disk,1772732433.350998,7.5886,127.01069784164429
cachegen_disk,1772732433.467744,7.5886,127.12744402885437
cachegen_disk,1772732433.587297,7.5886,127.24699687957764
cachegen_disk,1772732433.707578,7.5886,127.36727786064148
cachegen_disk,1772732433.822938,7.5886,127.48263788223267
cachegen_disk,1772732433.940738,7.5886,127.60043787956238
cachegen_disk,1772732434.060604,7.5886,127.72030401229858
cachegen_disk,1772732434.178086,7.5886,127.83778595924377
cachegen_disk,1772732434.295946,7.5886,127.95564579963684
cachegen_disk,1772732434.416923,7.5886,128.07662296295166
cachegen_disk,1772732434.53373,7.5886,128.1934299468994
cachegen_disk,1772732434.654115,7.5886,128.31381487846375
cachegen_disk,1772732434.776095,7.5886,128.43579483032227
cachegen_disk,1772732434.900188,7.5886,128.55988788604736
cachegen_disk,1772732435.071878,7.5886,128.73157787322998
cachegen_disk,1772732435.188487,7.5886,128.84818696975708
cachegen_disk,1772732435.291022,7.5886,128.95072197914124
cachegen_disk,1772732435.545095,7.5886,129.20479488372803
cachegen_disk,1772732435.67891,7.5886,129.33860993385315
cachegen_disk,1772732435.815496,7.5886,129.4751958847046
cachegen_disk,1772732435.917022,7.5886,129.576721906662
cachegen_disk,1772732436.035482,7.5886,129.69518184661865
cachegen_disk,1772732436.152834,7.5886,129.81253385543823
cachegen_disk,1772732436.280846,7.5886,129.9405460357666
cachegen_disk,1772732436.403684,7.5886,130.06338381767273
cachegen_disk,1772732436.521905,7.5886,130.18160486221313
cachegen_disk,1772732436.641624,7.5886,130.30132389068604
cachegen_disk,1772732436.760564,7.5886,130.420264005661
cachegen_disk,1772732436.878466,7.5886,130.538165807724
cachegen_disk,1772732437.002136,7.5886,130.66183590888977
cachegen_disk,1772732437.153461,7.5886,130.81316089630127
cachegen_disk,1772732437.266633,7.5886,130.92633295059204
cachegen_disk,1772732437.388567,7.5886,131.0482668876648
cachegen_disk,1772732437.525312,7.5886,131.1850118637085
cachegen_disk,1772732437.644379,7.5886,131.30407881736755
cachegen_disk,1772732437.763901,7.5886,131.42360091209412
cachegen_disk,1772732437.904775,7.5886,131.5644748210907
cachegen_disk,1772732438.035004,7.5886,131.69470381736755
cachegen_disk,1772732438.152926,7.5886,131.81262588500977
cachegen_disk,1772732438.2708,7.5886,131.93050003051758
cachegen_disk,1772732438.391443,7.5886,132.0511429309845
cachegen_disk,1772732438.548868,7.5886,132.2085678577423
cachegen_disk,1772732438.649872,7.5886,132.30957198143005
cachegen_disk,1772732438.767171,7.5886,132.4268708229065
cachegen_disk,1772732438.887844,7.5886,132.54754400253296
cachegen_disk,1772732439.001698,7.5886,132.66139793395996
cachegen_disk,1772732439.102509,7.5886,132.76220893859863
cachegen_disk,1772732439.218233,7.5886,132.8779330253601
cachegen_disk,1772732439.336488,7.5886,132.99618792533875
cachegen_disk,1772732439.454787,7.5886,133.11448693275452
cachegen_disk,1772732439.590012,7.5886,133.24971199035645
cachegen_disk,1772732439.691944,7.5886,133.35164380073547
cachegen_disk,1772732439.808532,7.5886,133.4682319164276
cachegen_disk,1772732439.927031,7.5886,133.58673095703125
cachegen_disk,1772732440.061033,7.5886,133.7207329273224
cachegen_disk,1772732440.349541,7.5886,134.0092408657074
cachegen_disk,1772732440.46337,7.5886,134.12307000160217
cachegen_disk,1772732440.575928,7.5886,134.23562788963318
cachegen_disk,1772732440.698873,7.5886,134.3585729598999
cachegen_disk,1772732440.817096,7.5886,134.47679591178894
cachegen_disk,1772732440.950579,7.5886,134.61027884483337
cachegen_disk,1772732441.068248,7.5886,134.72794795036316
cachegen_disk,1772732441.200367,7.5886,134.86006689071655
cachegen_disk,1772732441.318569,7.5886,134.97826886177063
cachegen_disk,1772732441.438026,7.5886,135.0977258682251
cachegen_disk,1772732441.555455,7.5886,135.21515488624573
cachegen_disk,1772732441.673592,7.5886,135.3332920074463
cachegen_disk,1772732441.793778,7.5886,135.45347785949707
cachegen_disk,1772732441.910686,7.5886,135.57038593292236
cachegen_disk,1772732442.071508,7.5886,135.73120784759521
cachegen_disk,1772732442.181139,7.5886,135.84083890914917
cachegen_disk,1772732442.288365,7.5886,135.94806480407715
cachegen_disk,1772732442.442545,7.5886,136.1022448539734
cachegen_disk,1772732442.545256,7.5886,136.20495581626892
cachegen_disk,1772732442.648155,7.5886,136.30785489082336
cachegen_disk,1772732442.782631,7.5886,136.44233083724976
cachegen_disk,1772732442.913571,7.5886,136.5732707977295
cachegen_disk,1772732443.032,7.5886,136.69169998168945
cachegen_disk,1772732443.151517,7.5886,136.81121683120728
cachegen_disk,1772732443.275804,7.5886,136.93550395965576
cachegen_disk,1772732443.391958,7.5886,137.05165791511536
cachegen_disk,1772732443.511266,7.5886,137.17096590995789
cachegen_disk,1772732443.663413,7.5886,137.32311296463013
cachegen_disk,1772732443.768414,7.5886,137.42811393737793
cachegen_disk,1772732443.903646,7.5886,137.56334590911865
cachegen_disk,1772732444.020606,7.5886,137.6803059577942
cachegen_disk,1772732444.139899,7.5886,137.79959893226624
cachegen_disk,1772732444.27041,7.5886,137.93010997772217
cachegen_disk,1772732444.603051,7.5886,138.26275086402893
cachegen_disk,1772732444.710381,7.5886,138.37008094787598
cachegen_disk,1772732444.826741,7.5886,138.48644089698792
cachegen_disk,1772732444.944783,7.5886,138.60448288917542
cachegen_disk,1772732445.067967,7.5886,138.7276668548584
cachegen_disk,1772732445.21501,7.5886,138.87470984458923
cachegen_disk,1772732445.319903,7.5886,138.9796028137207
cachegen_disk,1772732445.438753,7.5886,139.09845280647278
cachegen_disk,1772732445.55683,7.5886,139.2165298461914
cachegen_disk,1772732445.675738,7.5886,139.33543801307678
cachegen_disk,1772732445.793623,7.5886,139.45332288742065
cachegen_disk,1772732445.913093,7.5886,139.57279300689697
cachegen_disk,1772732446.039767,7.5886,139.69946694374084
cachegen_disk,1772732446.175804,7.5886,139.83550381660461
cachegen_disk,1772732446.307898,7.5886,139.96759796142578
cachegen_disk,1772732446.425987,7.5886,140.08568692207336
cachegen_disk,1772732446.542966,7.5886,140.20266580581665
cachegen_disk,1772732446.660827,7.5886,140.3205268383026
cachegen_disk,1772732446.795395,7.5886,140.45509481430054
cachegen_disk,1772732446.917011,7.5886,140.57671093940735
cachegen_disk,1772732447.033802,7.5886,140.6935019493103
cachegen_disk,1772732447.152854,7.5886,140.81255388259888
cachegen_disk,1772732447.300364,7.5886,140.96006393432617
cachegen_disk,1772732447.41572,7.5886,141.0754199028015
cachegen_disk,1772732447.555851,7.5886,141.21555089950562
cachegen_disk,1772732447.674843,7.5886,141.33454298973083
cachegen_disk,1772732447.792297,7.5886,141.4519968032837
cachegen_disk,1772732447.913031,7.5886,141.5727310180664
cachegen_disk,1772732448.030325,7.5886,141.69002485275269
cachegen_disk,1772732448.16142,7.5886,141.82112002372742
cachegen_disk,1772732448.517841,7.5886,142.17754101753235
cachegen_disk,1772732448.618222,7.5886,142.27792191505432
cachegen_disk,1772732448.735182,7.5886,142.39488196372986
cachegen_disk,1772732448.854309,7.5886,142.51400899887085
cachegen_disk,1772732448.973614,7.5886,142.63331389427185
cachegen_disk,1772732449.111154,7.5886,142.77085399627686
cachegen_disk,1772732449.22908,7.5886,142.88877987861633
cachegen_disk,1772732449.350028,7.5886,143.0097279548645
cachegen_disk,1772732449.467242,7.5886,143.12694191932678
cachegen_disk,1772732449.588055,7.5886,143.2477548122406
cachegen_disk,1772732449.707385,7.5886,143.367084980011
cachegen_disk,1772732449.825365,7.5886,143.48506498336792
cachegen_disk,1772732449.944649,7.5886,143.60434889793396
cachegen_disk,1772732450.075382,7.5886,143.73508191108704
cachegen_disk,1772732450.200665,7.5886,143.86036491394043
cachegen_disk,1772732450.312816,7.5886,143.9725158214569
cachegen_disk,1772732450.459996,7.5886,144.11969590187073
cachegen_disk,1772732450.581368,7.5886,144.24106788635254
cachegen_disk,1772732450.716278,7.5886,144.37597799301147
cachegen_disk,1772732450.837389,7.5886,144.49708890914917
cachegen_disk,1772732450.956318,7.5886,144.61601781845093
cachegen_disk,1772732451.074999,7.5886,144.734699010849
cachegen_disk,1772732451.193871,7.5886,144.85357093811035
cachegen_disk,1772732451.312706,7.5886,144.97240591049194
cachegen_disk,1772732451.448795,7.5886,145.10849499702454
cachegen_disk,1772732451.55352,7.5886,145.21321988105774
cachegen_disk,1772732451.672574,7.5886,145.33227396011353
cachegen_disk,1772732451.825232,7.5886,145.48493194580078
cachegen_disk,1772732451.930644,7.5886,145.59034395217896
cachegen_disk,1772732452.068281,7.5886,145.72798085212708
cachegen_disk,1772732452.357207,7.5886,146.01690697669983
cachegen_disk,1772732452.475232,7.5886,146.13493180274963
cachegen_disk,1772732452.601652,7.5886,146.26135182380676
cachegen_disk,1772732452.715473,7.5886,146.37517285346985
cachegen_disk,1772732452.837656,7.5886,146.49735593795776
cachegen_disk,1772732452.969599,7.5886,146.62929892539978
cachegen_disk,1772732453.08743,7.5886,146.74712991714478
cachegen_disk,1772732453.207782,7.5886,146.8674819469452
cachegen_disk,1772732453.32409,7.5886,146.98378992080688
cachegen_disk,1772732453.444146,7.5886,147.10384583473206
cachegen_disk,1772732453.561274,7.5886,147.22097396850586
cachegen_disk,1772732453.681468,7.5886,147.34116792678833
cachegen_disk,1772732453.820297,7.5886,147.47999691963196
cachegen_disk,1772732453.932323,7.5886,147.592022895813
cachegen_disk,1772732454.050066,7.5886,147.7097659111023
cachegen_disk,1772732454.169702,7.5886,147.82940196990967
cachegen_disk,1772732454.288515,7.5886,147.94821500778198
cachegen_disk,1772732454.427231,7.5886,148.08693099021912
cachegen_disk,1772732454.558837,7.5886,148.21853685379028
cachegen_disk,1772732454.677008,7.5886,148.33670783042908
cachegen_disk,1772732454.795746,7.5886,148.45544600486755
cachegen_disk,1772732454.918601,7.5886,148.57830095291138
cachegen_disk,1772732455.053062,7.5886,148.71276187896729
cachegen_disk,1772732455.201595,7.5886,148.8612949848175
cachegen_disk,1772732455.304994,7.5886,148.96469402313232
cachegen_disk,1772732455.423785,7.5886,149.08348488807678
cachegen_disk,1772732455.541229,7.5886,149.2009289264679
cachegen_disk,1772732455.662917,7.5886,149.32261681556702
cachegen_disk,1772732455.985517,7.5886,149.6452169418335
cachegen_disk,1772732456.105404,7.5886,149.76510381698608
cachegen_disk,1772732456.256575,7.5886,149.91627502441406
cachegen_disk,1772732456.35922,7.5886,150.01891994476318
cachegen_disk,1772732456.479393,7.5886,150.1390929222107
cachegen_disk,1772732456.595457,7.5886,150.25515699386597
cachegen_disk,1772732456.716291,7.5886,150.37599086761475
cachegen_disk,1772732456.836798,7.5886,150.49649786949158
cachegen_disk,1772732456.990688,7.5886,150.65038800239563
cachegen_disk,1772732457.092089,7.5886,150.751788854599
cachegen_disk,1772732457.212204,7.5886,150.8719038963318
cachegen_disk,1772732457.355482,7.5886,151.01518201828003
cachegen_disk,1772732457.458039,7.5886,151.11773896217346
cachegen_disk,1772732457.577912,7.5886,151.23761200904846
cachegen_disk,1772732457.697135,7.5886,151.35683488845825
cachegen_disk,1772732457.814843,7.5886,151.47454285621643
cachegen_disk,1772732457.949373,7.5886,151.60907292366028
cachegen_disk,1772732458.097767,7.5886,151.75746703147888
cachegen_disk,1772732458.199328,7.5886,151.85902786254883
cachegen_disk,1772732458.341914,7.5886,152.00161385536194
cachegen_disk,1772732458.460994,7.5886,152.12069392204285
cachegen_disk,1772732458.653727,7.5886,152.31342697143555
cachegen_disk,1772732458.754671,7.5886,152.41437101364136
cachegen_disk,1772732458.862433,7.5886,152.52213287353516
cachegen_disk,1772732458.967973,7.5886,152.6276729106903
cachegen_disk,1772732459.316018,7.5886,152.97571802139282
cachegen_disk,1772732459.416466,7.5886,153.07616591453552
cachegen_disk,1772732459.537748,7.5886,153.197448015213
cachegen_disk,1772732459.646557,7.5886,153.30625700950623
cachegen_disk,1772732459.769943,7.5886,153.4296429157257
cachegen_disk,1772732459.906024,7.5886,153.5657238960266
cachegen_disk,1772732460.0079,7.5886,153.66759991645813
cachegen_disk,1772732460.127243,7.5886,153.7869429588318
cachegen_disk,1772732460.247255,7.5886,153.9069550037384
cachegen_disk,1772732460.364839,7.5886,154.02453899383545
cachegen_disk,1772732460.483863,7.5886,154.14356303215027
cachegen_disk,1772732460.618382,7.5886,154.2780818939209
cachegen_disk,1772732460.739094,7.5886,154.39879393577576
cachegen_disk,1772732460.872464,7.5886,154.5321638584137
cachegen_disk,1772732460.986907,7.5886,154.64660692214966
cachegen_disk,1772732461.104273,7.5886,154.7639729976654
cachegen_disk,1772732461.226238,7.5886,154.88593792915344
cachegen_disk,1772732461.344145,7.5886,155.00384497642517
cachegen_disk,1772732461.462555,7.5886,155.12225484848022
cachegen_disk,1772732461.594346,7.5886,155.25404596328735
cachegen_disk,1772732461.710294,7.5886,155.3699939250946
cachegen_disk,1772732461.828906,7.5886,155.48860597610474
cachegen_disk,1772732461.947821,7.5886,155.60752081871033
cachegen_disk,1772732462.065271,7.5886,155.72497081756592
cachegen_disk,1772732462.184958,7.5886,155.84465789794922
cachegen_disk,1772732462.306938,7.5886,155.96663784980774
cachegen_disk,1772732462.42552,7.5886,156.0852198600769
cachegen_disk,1772732462.5655,7.5886,156.22519993782043
cachegen_disk,1772732462.986903,7.5886,156.6466028690338
cachegen_disk,1772732463.088158,7.5886,156.74785780906677
cachegen_disk,1772732463.195369,7.5886,156.85506892204285
cachegen_disk,1772732463.298043,7.5886,156.95774292945862
cachegen_disk,1772732463.417342,7.5886,157.07704186439514
cachegen_disk,1772732463.539533,7.5886,157.19923281669617
cachegen_disk,1772732463.677188,7.5886,157.3368878364563
cachegen_disk,1772732463.778798,7.5886,157.43849802017212
cachegen_disk,1772732463.898758,7.5886,157.5584578514099
cachegen_disk,1772732464.018759,7.5886,157.6784589290619
cachegen_disk,1772732464.138727,7.5886,157.79842686653137
cachegen_disk,1772732464.261456,7.5886,157.92115592956543
cachegen_disk,1772732464.409863,7.5886,158.0695629119873
cachegen_disk,1772732464.545002,7.5886,158.20470190048218
cachegen_disk,1772732464.700022,7.5886,158.3597218990326
cachegen_disk,1772732464.801307,7.5886,158.46100687980652
cachegen_disk,1772732464.934037,7.5886,158.59373688697815
cachegen_disk,1772732465.049845,7.5886,158.70954489707947
cachegen_disk,1772732465.169904,7.5886,158.82960391044617
cachegen_disk,1772732465.290832,7.5886,158.9505319595337
cachegen_disk,1772732465.41087,7.5886,159.07056999206543
cachegen_disk,1772732465.53159,7.5886,159.1912899017334
cachegen_disk,1772732465.667162,7.5886,159.32686185836792
cachegen_disk,1772732465.798228,7.5886,159.457927942276
cachegen_disk,1772732466.117046,7.5886,159.7767460346222
cachegen_disk,1772732466.242516,7.5886,159.9022159576416
cachegen_disk,1772732466.368591,7.5886,160.02829098701477
cachegen_disk,1772732466.490121,7.5886,160.14982080459595
cachegen_disk,1772732466.607845,7.5886,160.2675449848175
cachegen_disk,1772732466.732623,7.5886,160.39232301712036
cachegen_disk,1772732466.852124,7.5886,160.51182389259338
cachegen_disk,1772732466.981376,7.5886,160.64107584953308
cachegen_disk,1772732467.103085,7.5886,160.76278495788574
cachegen_disk,1772732467.262172,7.5886,160.92187190055847
cachegen_disk,1772732467.365167,7.5886,161.0248668193817
cachegen_disk,1772732467.467684,7.5886,161.12738394737244
cachegen_disk,1772732467.598184,7.5886,161.25788402557373
cachegen_disk,1772732467.715458,7.5886,161.37515783309937
cachegen_disk,1772732467.866276,7.5886,161.5259759426117
cachegen_disk,1772732468.005117,7.5886,161.66481685638428
cachegen_disk,1772732468.123717,7.5886,161.78341698646545
cachegen_disk,1772732468.246612,7.5886,161.90631198883057
cachegen_disk,1772732468.365241,7.5886,162.02494096755981
cachegen_disk,1772732468.488234,7.5886,162.14793395996094
cachegen_disk,1772732468.605426,7.5886,162.26512598991394
cachegen_disk,1772732468.726019,7.5886,162.38571882247925
cachegen_disk,1772732468.893865,7.5886,162.5535650253296
cachegen_disk,1772732468.996432,7.5886,162.65613198280334
cachegen_disk,1772732469.099943,7.5886,162.75964283943176
cachegen_disk,1772732469.223515,7.5886,162.88321495056152
cachegen_disk,1772732469.342393,7.5886,163.00209283828735
cachegen_disk,1772732469.705255,7.5886,163.3649549484253
cachegen_disk,1772732469.810609,7.5886,163.47030901908875
cachegen_disk,1772732469.913752,7.5886,163.5734519958496
cachegen_disk,1772732470.034281,7.5886,163.69398093223572
cachegen_disk,1772732470.154891,7.5886,163.81459093093872
cachegen_disk,1772732470.271973,7.5886,163.93167281150818
cachegen_disk,1772732470.397289,7.5886,164.05698895454407
cachegen_disk,1772732470.553264,7.5886,164.21296381950378
cachegen_disk,1772732470.655513,7.5886,164.3152129650116
cachegen_disk,1772732470.760514,7.5886,164.4202139377594
cachegen_disk,1772732470.888035,7.5886,164.54773497581482
cachegen_disk,1772732471.042804,7.5886,164.70250391960144
cachegen_disk,1772732471.14972,7.5886,164.8094198703766
cachegen_disk,1772732471.268838,7.5886,164.92853784561157
cachegen_disk,1772732471.388036,7.5886,165.04773592948914
cachegen_disk,1772732471.508472,7.5886,165.1681718826294
cachegen_disk,1772732471.643924,7.5886,165.30362391471863
cachegen_disk,1772732471.747161,7.5886,165.40686082839966
cachegen_disk,1772732471.863967,7.5886,165.5236668586731
cachegen_disk,1772732471.98452,7.5886,165.6442198753357
cachegen_disk,1772732472.108216,7.5886,165.7679159641266
cachegen_disk,1772732472.227054,7.5886,165.8867540359497
cachegen_disk,1772732472.348256,7.5886,166.00795602798462
cachegen_disk,1772732472.481433,7.5886,166.1411328315735
cachegen_disk,1772732472.93083,7.5886,166.59052991867065
cachegen_disk,1772732473.037199,7.5886,166.69689893722534
cachegen_disk,1772732473.141211,7.5886,166.80091094970703
cachegen_disk,1772732473.263417,7.5886,166.92311692237854
cachegen_disk,1772732473.383234,7.5886,167.04293394088745
cachegen_disk,1772732473.504455,7.5886,167.1641550064087
cachegen_disk,1772732473.6568,7.5886,167.3164999485016
cachegen_disk,1772732473.770762,7.5886,167.43046188354492
cachegen_disk,1772732473.887765,7.5886,167.5474648475647
cachegen_disk,1772732473.991544,7.5886,167.6512439250946
cachegen_disk,1772732474.110543,7.5886,167.77024292945862
cachegen_disk,1772732474.243469,7.5886,167.90316891670227
cachegen_disk,1772732474.36316,7.5886,168.02285981178284
cachegen_disk,1772732474.484191,7.5886,168.14389085769653
cachegen_disk,1772732474.605317,7.5886,168.2650170326233
cachegen_disk,1772732474.743198,7.5886,168.40289783477783
cachegen_disk,1772732474.846631,7.5886,168.50633096694946
cachegen_disk,1772732474.969855,7.5886,168.62955498695374
cachegen_disk,1772732475.090661,7.5886,168.75036096572876
cachegen_disk,1772732475.211288,7.5886,168.87098789215088
cachegen_disk,1772732475.35618,7.5886,169.01587986946106
cachegen_disk,1772732475.478372,7.5886,169.13807201385498
cachegen_disk,1772732475.613734,7.5886,169.2734339237213
cachegen_disk,1772732475.74248,7.5886,169.40217995643616
cachegen_disk,1772732475.856491,7.5886,169.5161910057068
cachegen_disk,1772732475.963209,7.5886,169.6229088306427
cachegen_disk,1772732476.325681,7.5886,169.98538088798523
cachegen_disk,1772732476.432765,7.5886,170.09246492385864
cachegen_disk,1772732476.535773,7.5886,170.19547295570374
cachegen_disk,1772732476.657313,7.5886,170.3170130252838
cachegen_disk,1772732476.776089,7.5886,170.4357888698578
cachegen_disk,1772732476.897517,7.5886,170.5572168827057
cachegen_disk,1772732477.017613,7.5886,170.67731285095215
cachegen_disk,1772732477.139043,7.5886,170.79874300956726
cachegen_disk,1772732477.257685,7.5886,170.91738486289978
cachegen_disk,1772732477.406028,7.5886,171.06572794914246
cachegen_disk,1772732477.526852,7.5886,171.1865518093109
cachegen_disk,1772732477.662231,7.5886,171.32193088531494
cachegen_disk,1772732477.798501,7.5886,171.45820093154907
cachegen_disk,1772732477.905453,7.5886,171.56515288352966
cachegen_disk,1772732478.042,7.5886,171.7016999721527
cachegen_disk,1772732478.145861,7.5886,171.80556082725525
cachegen_disk,1772732478.265214,7.5886,171.92491388320923
cachegen_disk,1772732478.385419,7.5886,172.04511880874634
cachegen_disk,1772732478.506561,7.5886,172.1662609577179
cachegen_disk,1772732478.627774,7.5886,172.28747391700745
cachegen_disk,1772732478.751225,7.5886,172.41092491149902
cachegen_disk,1772732478.890758,7.5886,172.55045795440674
cachegen_disk,1772732479.030843,7.5886,172.69054293632507
cachegen_disk,1772732479.382414,7.5886,173.04211401939392
cachegen_disk,1772732479.48766,7.5886,173.14735984802246
cachegen_disk,1772732479.600425,7.5886,173.2601249217987
cachegen_disk,1772732479.720525,7.5886,173.380224943161
cachegen_disk,1772732479.840361,7.5886,173.50006103515625
cachegen_disk,1772732479.960024,7.5886,173.61972403526306
cachegen_disk,1772732480.079759,7.5886,173.73945879936218
cachegen_disk,1772732480.199596,7.5886,173.85929584503174
cachegen_disk,1772732480.322739,7.5886,173.98243880271912
cachegen_disk,1772732480.440256,7.5886,174.099956035614
cachegen_disk,1772732480.559964,7.5886,174.2196638584137
cachegen_disk,1772732480.688102,7.5886,174.34780192375183
cachegen_disk,1772732480.808669,7.5886,174.4683690071106
cachegen_disk,1772732480.93037,7.5886,174.59007000923157
cachegen_disk,1772732481.051254,7.5886,174.71095395088196
cachegen_disk,1772732481.172207,7.5886,174.8319070339203
cachegen_disk,1772732481.291027,7.5886,174.9507269859314
cachegen_disk,1772732481.423773,7.5886,175.08347296714783
cachegen_disk,1772732481.588323,7.5886,175.2480230331421
cachegen_disk,1772732481.702375,7.5886,175.36207485198975
cachegen_disk,1772732481.820687,7.5886,175.48038697242737
cachegen_disk,1772732481.946565,7.5886,175.60626482963562
cachegen_disk,1772732482.348498,7.5886,176.0081980228424
cachegen_disk,1772732482.465831,7.5886,176.12553095817566
cachegen_disk,1772732482.582262,7.5886,176.24196195602417
cachegen_disk,1772732482.684741,7.5886,176.34444093704224
cachegen_disk,1772732482.805892,7.5886,176.46559190750122
cachegen_disk,1772732482.947166,7.5886,176.60686588287354
cachegen_disk,1772732483.04945,7.5886,176.7091498374939
cachegen_disk,1772732483.173087,7.5886,176.83278679847717
cachegen_disk,1772732483.312857,7.5886,176.97255682945251
cachegen_disk,1772732483.441309,7.5886,177.10100889205933
cachegen_disk,1772732483.560073,7.5886,177.21977281570435
cachegen_disk,1772732483.681392,7.5886,177.3410918712616
cachegen_disk,1772732483.802702,7.5886,177.46240186691284
cachegen_disk,1772732483.924713,7.5886,177.58441281318665
cachegen_disk,1772732484.046388,7.5886,177.7060878276825
cachegen_disk,1772732484.21259,7.5886,177.87228989601135
cachegen_disk,1772732484.316962,7.5886,177.97666192054749
cachegen_disk,1772732484.433619,7.5886,178.09331893920898
cachegen_disk,1772732484.553276,7.5886,178.21297597885132
cachegen_disk,1772732484.672196,7.5886,178.33189582824707
cachegen_disk,1772732484.793356,7.5886,178.45305585861206
cachegen_disk,1772732484.911885,7.5886,178.57158493995667
cachegen_disk,1772732485.379335,7.5886,179.03903484344482
cachegen_disk,1772732485.482872,7.5886,179.14257192611694
cachegen_disk,1772732485.592677,7.5886,179.25237703323364
cachegen_disk,1772732485.695046,7.5886,179.35474586486816
cachegen_disk,1772732485.828001,7.5886,179.48770093917847
cachegen_disk,1772732485.942336,7.5886,179.6020359992981
cachegen_disk,1772732486.083294,7.5886,179.74299383163452
cachegen_disk,1772732486.210069,7.5886,179.86976885795593
cachegen_disk,1772732486.3118,7.5886,179.97149991989136
cachegen_disk,1772732486.433841,7.5886,180.09354090690613
cachegen_disk,1772732486.560615,7.5886,180.22031497955322
cachegen_disk,1772732486.680696,7.5886,180.3403959274292
cachegen_disk,1772732486.814315,7.5886,180.4740149974823
cachegen_disk,1772732486.935564,7.5886,180.5952639579773
cachegen_disk,1772732487.056448,7.5886,180.71614789962769
cachegen_disk,1772732487.178605,7.5886,180.83830499649048
cachegen_disk,1772732487.296925,7.5886,180.9566249847412
cachegen_disk,1772732487.422851,7.5886,181.08255100250244
cachegen_disk,1772732487.542637,7.5886,181.20233702659607
cachegen_disk,1772732487.663437,7.5886,181.32313680648804
cachegen_disk,1772732487.797591,7.5886,181.45729088783264
cachegen_disk,1772732488.159768,7.5886,181.81946802139282
cachegen_disk,1772732488.308326,7.5886,181.96802592277527
cachegen_disk,1772732488.428482,7.5886,182.08818197250366
cachegen_disk,1772732488.548242,7.5886,182.20794200897217
cachegen_disk,1772732488.674353,7.5886,182.3340528011322
cachegen_disk,1772732488.812289,7.5886,182.4719889163971
cachegen_disk,1772732488.91787,7.5886,182.57756996154785
cachegen_disk,1772732489.059234,7.5886,182.7189338207245
cachegen_disk,1772732489.161414,7.5886,182.82111382484436
cachegen_disk,1772732489.282082,7.5886,182.94178199768066
cachegen_disk,1772732489.402772,7.5886,183.06247186660767
cachegen_disk,1772732489.524199,7.5886,183.18389892578125
cachegen_disk,1772732489.659586,7.5886,183.3192858695984
cachegen_disk,1772732489.782352,7.5886,183.4420518875122
cachegen_disk,1772732489.903114,7.5886,183.56281399726868
cachegen_disk,1772732490.025277,7.5886,183.68497681617737
cachegen_disk,1772732490.147471,7.5886,183.80717086791992
cachegen_disk,1772732490.281589,7.5886,183.94128894805908
cachegen_disk,1772732490.421206,7.5886,184.08090591430664
cachegen_disk,1772732490.524743,7.5886,184.18444299697876
cachegen_disk,1772732490.651365,7.5886,184.3110649585724
cachegen_disk,1772732490.780357,7.5886,184.44005680084229
cachegen_disk,1772732491.223054,7.5886,184.88275384902954
cachegen_disk,1772732491.324262,7.5886,184.98396182060242
cachegen_disk,1772732491.424733,7.5886,185.0844328403473
cachegen_disk,1772732491.541919,7.5886,185.20161890983582
cachegen_disk,1772732491.642177,7.5886,185.30187702178955
cachegen_disk,1772732491.774302,7.5886,185.43400192260742
cachegen_disk,1772732491.881726,7.5886,185.54142594337463
cachegen_disk,1772732492.022758,7.5886,185.68245792388916
cachegen_disk,1772732492.129012,7.5886,185.78871202468872
cachegen_disk,1772732492.248876,7.5886,185.90857601165771
cachegen_disk,1772732492.376548,7.5886,186.0362479686737
cachegen_disk,1772732492.496047,7.5886,186.1557469367981
cachegen_disk,1772732492.62549,7.5886,186.28518986701965
cachegen_disk,1772732492.762323,7.5886,186.42202281951904
cachegen_disk,1772732492.88523,7.5886,186.5449299812317
cachegen_disk,1772732493.006361,7.5886,186.66606092453003
cachegen_disk,1772732493.162477,7.5886,186.82217693328857
cachegen_disk,1772732493.271497,7.5886,186.9311969280243
cachegen_disk,1772732493.382516,7.5886,187.0422158241272
cachegen_disk,1772732493.502927,7.5886,187.16262698173523
cachegen_disk,1772732493.623209,7.5886,187.2829089164734
cachegen_disk,1772732493.973488,7.5886,187.63318800926208
cachegen_disk,1772732494.090421,7.5886,187.7501208782196
cachegen_disk,1772732494.210429,7.5886,187.87012887001038
cachegen_disk,1772732494.330486,7.5886,187.99018597602844
cachegen_disk,1772732494.451678,7.5886,188.11137795448303
cachegen_disk,1772732494.572767,7.5886,188.23246693611145
cachegen_disk,1772732494.71238,7.5886,188.37207984924316
cachegen_disk,1772732494.828776,7.5886,188.48847579956055
cachegen_disk,1772732494.953628,7.5886,188.6133279800415
cachegen_disk,1772732495.075694,7.5886,188.73539400100708
cachegen_disk,1772732495.196827,7.5886,188.85652685165405
cachegen_disk,1772732495.319149,7.5886,188.97884893417358
cachegen_disk,1772732495.44201,7.5886,189.10170984268188
cachegen_disk,1772732495.561583,7.5886,189.22128295898438
cachegen_disk,1772732495.682602,7.5886,189.34230184555054
cachegen_disk,1772732495.83886,7.5886,189.49855995178223
cachegen_disk,1772732495.943313,7.5886,189.60301280021667
cachegen_disk,1772732496.063755,7.5886,189.72345495224
cachegen_disk,1772732496.183826,7.5886,189.84352588653564
cachegen_disk,1772732496.308809,7.5886,189.96850895881653
cachegen_disk,1772732496.428875,7.5886,190.08857488632202
cachegen_disk,1772732496.562393,7.5886,190.22209286689758
cachegen_disk,1772732496.900512,7.5886,190.56021189689636
cachegen_disk,1772732497.022465,7.5886,190.68216490745544
cachegen_disk,1772732497.152665,7.5886,190.81236481666565
cachegen_disk,1772732497.276696,7.5886,190.93639588356018
cachegen_disk,1772732497.433508,7.5886,191.09320783615112
cachegen_disk,1772732497.551537,7.5886,191.21123695373535
cachegen_disk,1772732497.656556,7.5886,191.3162558078766
cachegen_disk,1772732497.776416,7.5886,191.43611598014832
cachegen_disk,1772732497.897424,7.5886,191.55712389945984
cachegen_disk,1772732498.03764,7.5886,191.69734001159668
cachegen_disk,1772732498.139911,7.5886,191.7996108531952
cachegen_disk,1772732498.263197,7.5886,191.92289686203003
cachegen_disk,1772732498.383605,7.5886,192.04330492019653
cachegen_disk,1772732498.505991,7.5886,192.16569089889526
cachegen_disk,1772732498.630451,7.5886,192.2901508808136
cachegen_disk,1772732498.751642,7.5886,192.41134190559387
cachegen_disk,1772732498.877248,7.5886,192.53694796562195
cachegen_disk,1772732499.000225,7.5886,192.65992498397827
cachegen_disk,1772732499.122334,7.5886,192.7820339202881
cachegen_disk,1772732499.257496,7.5886,192.91719603538513
cachegen_disk,1772732499.375889,7.5886,193.03558897972107
cachegen_disk,1772732499.743809,7.5886,193.40350890159607
cachegen_disk,1772732499.86666,7.5886,193.52636003494263
cachegen_disk,1772732499.987921,7.5886,193.64762091636658
cachegen_disk,1772732500.111123,7.5886,193.77082300186157
cachegen_disk,1772732500.247849,7.5886,193.90754890441895
cachegen_disk,1772732500.389083,7.5886,194.04878282546997
cachegen_disk,1772732500.545146,7.5886,194.20484590530396
cachegen_disk,1772732500.667867,7.5886,194.32756686210632
cachegen_disk,1772732500.774665,7.5886,194.4343650341034
cachegen_disk,1772732500.8996,7.5886,194.5592999458313
cachegen_disk,1772732501.021153,7.5886,194.68085289001465
cachegen_disk,1772732501.140702,7.5886,194.80040192604065
cachegen_disk,1772732501.264393,7.5886,194.92409300804138
cachegen_disk,1772732501.383429,7.5886,195.04312896728516
cachegen_disk,1772732501.506606,7.5886,195.16630601882935
cachegen_disk,1772732501.629479,7.5886,195.2891788482666
cachegen_disk,1772732501.749623,7.5886,195.40932297706604
cachegen_disk,1772732501.889033,7.5886,195.54873299598694
cachegen_disk,1772732502.00996,7.5886,195.66965985298157
cachegen_disk,1772732502.133116,7.5886,195.7928159236908
cachegen_disk,1772732502.49271,7.5886,196.152410030365
cachegen_disk,1772732502.604789,7.5886,196.26448893547058
cachegen_disk,1772732502.727936,7.5886,196.3876359462738
cachegen_disk,1772732502.864196,7.5886,196.5238959789276
cachegen_disk,1772732503.014966,7.5886,196.67466592788696
cachegen_disk,1772732503.122116,7.5886,196.7818160057068
cachegen_disk,1772732503.240961,7.5886,196.9006609916687
cachegen_disk,1772732503.381697,7.5886,197.04139685630798
cachegen_disk,1772732503.484643,7.5886,197.1443428993225
cachegen_disk,1772732503.637371,7.5886,197.29707098007202
cachegen_disk,1772732503.796304,7.5886,197.45600390434265
cachegen_disk,1772732503.896759,7.5886,197.55645895004272
cachegen_disk,1772732504.010649,7.5886,197.67034888267517
cachegen_disk,1772732504.115011,7.5886,197.77471089363098
cachegen_disk,1772732504.240497,7.5886,197.90019702911377
cachegen_disk,1772732504.379896,7.5886,198.03959584236145
cachegen_disk,1772732504.505962,7.5886,198.1656618118286
cachegen_disk,1772732504.623318,7.5886,198.28301787376404
cachegen_disk,1772732504.759465,7.5886,198.41916489601135
cachegen_disk,1772732504.881038,7.5886,198.54073786735535
cachegen_disk,1772732505.18689,7.5886,198.84658980369568
cachegen_disk,1772732505.30971,7.5886,198.96940994262695
cachegen_disk,1772732505.444856,7.5886,199.10455584526062
cachegen_disk,1772732505.564369,7.5886,199.22406888008118
cachegen_disk,1772732505.688078,7.5886,199.34777784347534
cachegen_disk,1772732505.80926,7.5886,199.4689598083496
cachegen_disk,1772732505.930538,7.5886,199.59023785591125
cachegen_disk,1772732506.05257,7.5886,199.7122700214386
cachegen_disk,1772732506.202326,7.5886,199.86202597618103
cachegen_disk,1772732506.322735,7.5886,199.98243498802185
cachegen_disk,1772732506.44459,7.5886,200.10429000854492
cachegen_disk,1772732506.595584,7.5886,200.25528383255005
cachegen_disk,1772732506.716977,7.5886,200.37667679786682
cachegen_disk,1772732506.839011,7.5886,200.4987108707428
cachegen_disk,1772732506.981411,7.5886,200.6411108970642
cachegen_disk,1772732507.083515,7.5886,200.74321484565735
cachegen_disk,1772732507.206357,7.5886,200.8660569190979
cachegen_disk,1772732507.34366,7.5886,201.00336003303528
cachegen_disk,1772732507.489416,7.5886,201.14911580085754
cachegen_disk,1772732507.810245,7.5886,201.46994495391846
cachegen_disk,1772732507.931667,7.5886,201.59136700630188
cachegen_disk,1772732508.069581,7.5886,201.72928094863892
cachegen_disk,1772732508.174794,7.5886,201.83449387550354
cachegen_disk,1772732508.295661,7.5886,201.95536088943481
cachegen_disk,1772732508.425983,7.5886,202.08568286895752
cachegen_disk,1772732508.542925,7.5886,202.20262479782104
cachegen_disk,1772732508.663959,7.5886,202.32365894317627
cachegen_disk,1772732508.789326,7.5886,202.4490258693695
cachegen_disk,1772732508.908323,7.5886,202.5680229663849
cachegen_disk,1772732509.033246,7.5886,202.69294595718384
cachegen_disk,1772732509.157339,7.5886,202.81703901290894
cachegen_disk,1772732509.280025,7.5886,202.93972492218018
cachegen_disk,1772732509.401942,7.5886,203.0616419315338
cachegen_disk,1772732509.576049,7.5886,203.23574900627136
cachegen_disk,1772732509.698095,7.5886,203.3577950000763
cachegen_disk,1772732509.798367,7.5886,203.45806694030762
cachegen_disk,1772732509.913953,7.5886,203.5736529827118
cachegen_disk,1772732510.05137,7.5886,203.7110698223114
cachegen_disk,1772732510.368651,7.5886,204.02835083007812
cachegen_disk,1772732510.491616,7.5886,204.1513159275055
cachegen_disk,1772732510.614172,7.5886,204.27387189865112
cachegen_disk,1772732510.736406,7.5886,204.39610600471497
cachegen_disk,1772732510.87109,7.5886,204.53078985214233
cachegen_disk,1772732511.024681,7.5886,204.6843810081482
cachegen_disk,1772732511.131489,7.5886,204.791188955307
cachegen_disk,1772732511.259738,7.5886,204.91943788528442
cachegen_disk,1772732511.383063,7.5886,205.04276299476624
cachegen_disk,1772732511.537761,7.5886,205.19746088981628
cachegen_disk,1772732511.642457,7.5886,205.30215692520142
cachegen_disk,1772732511.762427,7.5886,205.4221270084381
cachegen_disk,1772732511.921841,7.5886,205.5815408229828
cachegen_disk,1772732512.033051,7.5886,205.69275093078613
cachegen_disk,1772732512.161537,7.5886,205.82123684883118
cachegen_disk,1772732512.281683,7.5886,205.94138288497925
cachegen_disk,1772732512.403939,7.5886,206.06363892555237
cachegen_disk,1772732512.526308,7.5886,206.18600797653198
cachegen_disk,1772732512.875367,7.5886,206.53506684303284
cachegen_disk,1772732512.984234,7.5886,206.64393401145935
cachegen_disk,1772732513.117071,7.5886,206.77677083015442
cachegen_disk,1772732513.240415,7.5886,206.90011501312256
cachegen_disk,1772732513.36109,7.5886,207.02078986167908
cachegen_disk,1772732513.493887,7.5886,207.15358686447144
cachegen_disk,1772732513.615485,7.5886,207.27518486976624
cachegen_disk,1772732513.750866,7.5886,207.4105658531189
cachegen_disk,1772732513.874958,7.5886,207.53465795516968
cachegen_disk,1772732514.017654,7.5886,207.67735385894775
cachegen_disk,1772732514.121924,7.5886,207.78162384033203
cachegen_disk,1772732514.242778,7.5886,207.90247797966003
cachegen_disk,1772732514.376735,7.5886,208.03643488883972
cachegen_disk,1772732514.497874,7.5886,208.15757393836975
cachegen_disk,1772732514.628405,7.5886,208.28810501098633
cachegen_disk,1772732514.75685,7.5886,208.41654992103577
cachegen_disk,1772732514.884863,7.5886,208.54456281661987
cachegen_disk,1772732515.004755,7.5886,208.6644549369812
cachegen_disk,1772732515.138141,7.5886,208.79784083366394
cachegen_disk,1772732515.488554,7.5886,209.1482539176941
cachegen_disk,1772732515.610396,7.5886,209.2700958251953
cachegen_disk,1772732515.769807,7.5886,209.42950701713562
cachegen_disk,1772732515.87158,7.5886,209.5312798023224
cachegen_disk,1772732515.992996,7.5886,209.65269589424133
cachegen_disk,1772732516.11343,7.5886,209.77312994003296
cachegen_disk,1772732516.248908,7.5886,209.90860795974731
cachegen_disk,1772732516.373994,7.5886,210.03369402885437
cachegen_disk,1772732516.499742,7.5886,210.159441947937
cachegen_disk,1772732516.651245,7.5886,210.3109450340271
cachegen_disk,1772732516.763621,7.5886,210.42332100868225
cachegen_disk,1772732516.883643,7.5886,210.5433428287506
cachegen_disk,1772732516.993458,7.5886,210.65315794944763
cachegen_disk,1772732517.119769,7.5886,210.7794690132141
cachegen_disk,1772732517.24279,7.5886,210.902489900589
cachegen_disk,1772732517.363691,7.5886,211.02339100837708
cachegen_disk,1772732517.485541,7.5886,211.14524102210999
cachegen_disk,1772732517.786721,7.5886,211.44642090797424
cachegen_disk,1772732517.920859,7.5886,211.58055901527405
cachegen_disk,1772732518.026084,7.5886,211.68578386306763
cachegen_disk,1772732518.149485,7.5886,211.80918502807617
cachegen_disk,1772732518.272864,7.5886,211.93256402015686
cachegen_disk,1772732518.393093,7.5886,212.05279302597046
cachegen_disk,1772732518.522495,7.5886,212.1821949481964
cachegen_disk,1772732518.638628,7.5886,212.29832792282104
cachegen_disk,1772732518.776952,7.5886,212.43665194511414
cachegen_disk,1772732518.897812,7.5886,212.55751180648804
cachegen_disk,1772732519.036577,7.5886,212.69627690315247
cachegen_disk,1772732519.141345,7.5886,212.8010449409485
cachegen_disk,1772732519.280932,7.5886,212.94063186645508
cachegen_disk,1772732519.40157,7.5886,213.06126999855042
cachegen_disk,1772732519.523263,7.5886,213.1829628944397
cachegen_disk,1772732519.660391,7.5886,213.32009100914001
cachegen_disk,1772732519.780797,7.5886,213.4404969215393
cachegen_disk,1772732520.187151,7.5886,213.8468508720398
cachegen_disk,1772732520.294628,7.5886,213.95432782173157
cachegen_disk,1772732520.400792,7.5886,214.06049180030823
cachegen_disk,1772732520.530278,7.5886,214.1899778842926
cachegen_disk,1772732520.650256,7.5886,214.3099558353424
cachegen_disk,1772732520.775184,7.5886,214.43488383293152
cachegen_disk,1772732520.898309,7.5886,214.55800890922546
cachegen_disk,1772732521.031952,7.5886,214.69165182113647
cachegen_disk,1772732521.150316,7.5886,214.81001591682434
cachegen_disk,1772732521.274432,7.5886,214.93413186073303
cachegen_disk,1772732521.414002,7.5886,215.0737018585205
cachegen_disk,1772732521.538427,7.5886,215.1981270313263
cachegen_disk,1772732521.662236,7.5886,215.3219358921051
cachegen_disk,1772732521.801633,7.5886,215.46133279800415
cachegen_disk,1772732521.938007,7.5886,215.59770703315735
cachegen_disk,1772732522.060135,7.5886,215.7198348045349
cachegen_disk,1772732522.183848,7.5886,215.84354782104492
cachegen_disk,1772732522.341482,7.5886,216.0011818408966
cachegen_disk,1772732522.445768,7.5886,216.10546803474426
cachegen_disk,1772732522.550873,7.5886,216.21057295799255
cachegen_disk,1772732522.953285,7.5886,216.61298489570618
cachegen_disk,1772732523.076767,7.5886,216.73646688461304
cachegen_disk,1772732523.197482,7.5886,216.85718202590942
cachegen_disk,1772732523.318818,7.5886,216.9785180091858
cachegen_disk,1772732523.446252,7.5886,217.10595202445984
cachegen_disk,1772732523.617074,7.5886,217.27677392959595
cachegen_disk,1772732523.731406,7.5886,217.39110589027405
cachegen_disk,1772732523.833564,7.5886,217.49326395988464
cachegen_disk,1772732523.971558,7.5886,217.63125801086426
cachegen_disk,1772732524.078275,7.5886,217.73797488212585
cachegen_disk,1772732524.215214,7.5886,217.87491393089294
cachegen_disk,1772732524.361199,7.5886,218.02089881896973
cachegen_disk,1772732524.465651,7.5886,218.12535095214844
cachegen_disk,1772732524.589057,7.5886,218.24875688552856
cachegen_disk,1772732524.725733,7.5886,218.3854329586029
cachegen_disk,1772732524.853727,7.5886,218.51342701911926
cachegen_disk,1772732524.992475,7.5886,218.652174949646
cachegen_disk,1772732525.113224,7.5886,218.77292394638062
cachegen_disk,1772732525.468299,7.5886,219.12799882888794
cachegen_disk,1772732525.621612,7.5886,219.28131198883057
cachegen_disk,1772732525.726574,7.5886,219.3862738609314
cachegen_disk,1772732525.856696,7.5886,219.51639580726624
cachegen_disk,1772732525.97852,7.5886,219.63821983337402
cachegen_disk,1772732526.102413,7.5886,219.76211285591125
cachegen_disk,1772732526.226128,7.5886,219.88582801818848
cachegen_disk,1772732526.349772,7.5886,220.00947189331055
cachegen_disk,1772732526.47385,7.5886,220.13354992866516
cachegen_disk,1772732526.617084,7.5886,220.27678394317627
cachegen_disk,1772732526.721609,7.5886,220.38130903244019
cachegen_disk,1772732526.843791,7.5886,220.5034909248352
cachegen_disk,1772732526.981798,7.5886,220.6414978504181
cachegen_disk,1772732527.112323,7.5886,220.7720229625702
cachegen_disk,1772732527.244006,7.5886,220.9037058353424
cachegen_disk,1772732527.404327,7.5886,221.06402683258057
cachegen_disk,1772732527.544984,7.5886,221.20468401908875
cachegen_disk,1772732527.830196,7.5886,221.48989582061768
cachegen_disk,1772732527.953475,7.5886,221.61317491531372
cachegen_disk,1772732528.077315,7.5886,221.7370150089264
cachegen_disk,1772732528.198937,7.5886,221.8586368560791
cachegen_disk,1772732528.33749,7.5886,221.9971899986267
cachegen_disk,1772732528.474901,7.5886,222.13460087776184
cachegen_disk,1772732528.596762,7.5886,222.2564618587494
cachegen_disk,1772732528.720892,7.5886,222.38059186935425
cachegen_disk,1772732528.845019,7.5886,222.50471901893616
cachegen_disk,1772732528.980988,7.5886,222.64068794250488
cachegen_disk,1772732529.103428,7.5886,222.7631278038025
cachegen_disk,1772732529.229319,7.5886,222.88901901245117
cachegen_disk,1772732529.354986,7.5886,223.01468586921692
cachegen_disk,1772732529.48594,7.5886,223.14563989639282
cachegen_disk,1772732529.60847,7.5886,223.26816987991333
cachegen_disk,1772732529.731785,7.5886,223.39148497581482
cachegen_disk,1772732529.856686,7.5886,223.5163860321045
cachegen_disk,1772732530.229388,7.5886,223.88908791542053
cachegen_disk,1772732530.336933,7.5886,223.99663281440735
cachegen_disk,1772732530.461749,7.5886,224.12144899368286
cachegen_disk,1772732530.584241,7.5886,224.2439408302307
cachegen_disk,1772732530.71963,7.5886,224.37932991981506
cachegen_disk,1772732530.844091,7.5886,224.50379085540771
cachegen_disk,1772732530.96615,7.5886,224.6258499622345
cachegen_disk,1772732531.093288,7.5886,224.7529878616333
cachegen_disk,1772732531.219475,7.5886,224.87917494773865
cachegen_disk,1772732531.356761,7.5886,225.01646089553833
cachegen_disk,1772732531.480471,7.5886,225.1401708126068
cachegen_disk,1772732531.601977,7.5886,225.26167702674866
cachegen_disk,1772732531.724545,7.5886,225.38424491882324
cachegen_disk,1772732531.850892,7.5886,225.51059198379517
cachegen_disk,1772732532.005706,7.5886,225.66540598869324
cachegen_disk,1772732532.110227,7.5886,225.7699270248413
cachegen_disk,1772732532.235212,7.5886,225.89491200447083
cachegen_disk,1772732532.593409,7.5886,226.25310897827148
cachegen_disk,1772732532.70375,7.5886,226.36344981193542
cachegen_disk,1772732532.809622,7.5886,226.46932196617126
cachegen_disk,1772732532.931657,7.5886,226.59135699272156
cachegen_disk,1772732533.05759,7.5886,226.71728992462158
cachegen_disk,1772732533.179853,7.5886,226.8395528793335
cachegen_disk,1772732533.320279,7.5886,226.97997879981995
cachegen_disk,1772732533.429771,7.5886,227.08947086334229
cachegen_disk,1772732533.599245,7.5886,227.25894498825073
cachegen_disk,1772732533.705742,7.5886,227.36544179916382
cachegen_disk,1772732533.827731,7.5886,227.48743081092834
cachegen_disk,1772732533.950835,7.5886,227.61053490638733
cachegen_disk,1772732534.073538,7.5886,227.73323798179626
cachegen_disk,1772732534.196644,7.5886,227.85634398460388
cachegen_disk,1772732534.321172,7.5886,227.98087191581726
cachegen_disk,1772732534.443576,7.5886,228.103276014328
cachegen_disk,1772732534.78078,7.5886,228.4404799938202
cachegen_disk,1772732534.925085,7.5886,228.58478498458862
cachegen_disk,1772732535.036517,7.5886,228.69621682167053
cachegen_disk,1772732535.1728,7.5886,228.8324999809265
cachegen_disk,1772732535.326246,7.5886,228.9859459400177
cachegen_disk,1772732535.438663,7.5886,229.09836292266846
cachegen_disk,1772732535.555452,7.5886,229.21515202522278
cachegen_disk,1772732535.67656,7.5886,229.33625984191895
cachegen_disk,1772732535.799398,7.5886,229.45909786224365
cachegen_disk,1772732535.939439,7.5886,229.59913897514343
cachegen_disk,1772732536.048032,7.5886,229.70773196220398
cachegen_disk,1772732536.190359,7.5886,229.85005903244019
cachegen_disk,1772732536.311916,7.5886,229.97161602973938
cachegen_disk,1772732536.486465,7.5886,230.146164894104
cachegen_disk,1772732536.588289,7.5886,230.24798893928528
cachegen_disk,1772732536.68954,7.5886,230.3492398262024
cachegen_disk,1772732537.010393,7.5886,230.67009282112122
cachegen_disk,1772732537.167867,7.5886,230.82756686210632
cachegen_disk,1772732537.272911,7.5886,230.93261098861694
cachegen_disk,1772732537.397297,7.5886,231.05699682235718
cachegen_disk,1772732537.522934,7.5886,231.18263387680054
cachegen_disk,1772732537.646719,7.5886,231.30641889572144
cachegen_disk,1772732537.769686,7.5886,231.42938590049744
cachegen_disk,1772732537.906396,7.5886,231.56609582901
cachegen_disk,1772732538.043634,7.5886,231.7033338546753
cachegen_disk,1772732538.166097,7.5886,231.82579684257507
cachegen_disk,1772732538.304889,7.5886,231.96458888053894
cachegen_disk,1772732538.439382,7.5886,232.09908199310303
cachegen_disk,1772732538.564164,7.5886,232.22386384010315
cachegen_disk,1772732538.689187,7.5886,232.34888696670532
cachegen_disk,1772732538.82941,7.5886,232.48910999298096
cachegen_disk,1772732538.93323,7.5886,232.5929298400879
cachegen_disk,1772732539.059863,7.5886,232.71956300735474
cachegen_disk,1772732539.409862,7.5886,233.069561958313
cachegen_disk,1772732539.534303,7.5886,233.194002866745
cachegen_disk,1772732539.659864,7.5886,233.31956386566162
cachegen_disk,1772732539.783299,7.5886,233.4429988861084
cachegen_disk,1772732539.907636,7.5886,233.56733584403992
cachegen_disk,1772732540.028488,7.5886,233.6881878376007
cachegen_disk,1772732540.152508,7.5886,233.8122079372406
cachegen_disk,1772732540.291921,7.5886,233.95162081718445
cachegen_disk,1772732540.435821,7.5886,234.09552097320557
cachegen_disk,1772732540.561772,7.5886,234.2214720249176
cachegen_disk,1772732540.685671,7.5886,234.3453710079193
cachegen_disk,1772732540.809334,7.5886,234.4690339565277
cachegen_disk,1772732540.933885,7.5886,234.59358501434326
cachegen_disk,1772732541.072084,7.5886,234.73178386688232
cachegen_disk,1772732541.195617,7.5886,234.8553168773651
cachegen_disk,1772732541.318265,7.5886,234.97796487808228
cachegen_disk,1772732541.699756,7.5886,235.35945582389832
cachegen_disk,1772732541.799952,7.5886,235.45965194702148
cachegen_disk,1772732541.904348,7.5886,235.56404781341553
cachegen_disk,1772732542.011195,7.5886,235.6708948612213
cachegen_disk,1772732542.138068,7.5886,235.79776787757874
cachegen_disk,1772732542.260886,7.5886,235.9205858707428
cachegen_disk,1772732542.403451,7.5886,236.06315088272095
cachegen_disk,1772732542.50977,7.5886,236.16946983337402
cachegen_disk,1772732542.63188,7.5886,236.29157996177673
cachegen_disk,1772732542.774054,7.5886,236.43375396728516
cachegen_disk,1772732542.897957,7.5886,236.5576570034027
cachegen_disk,1772732543.029455,7.5886,236.68915486335754
cachegen_disk,1772732543.1627,7.5886,236.82239985466003
cachegen_disk,1772732543.30423,7.5886,236.9639298915863
cachegen_disk,1772732543.428186,7.5886,237.08788585662842
cachegen_disk,1772732543.550954,7.5886,237.21065402030945
cachegen_disk,1772732543.929114,7.5886,237.58881402015686
cachegen_disk,1772732544.053254,7.5886,237.71295380592346
cachegen_disk,1772732544.176184,7.5886,237.8358838558197
cachegen_disk,1772732544.300015,7.5886,237.95971488952637
cachegen_disk,1772732544.42376,7.5886,238.08345985412598
cachegen_disk,1772732544.545973,7.5886,238.20567297935486
cachegen_disk,1772732544.669107,7.5886,238.32880687713623
cachegen_disk,1772732544.791871,7.5886,238.45157098770142
cachegen_disk,1772732544.934279,7.5886,238.59397888183594
cachegen_disk,1772732545.075392,7.5886,238.73509192466736
cachegen_disk,1772732545.178964,7.5886,238.83866381645203
cachegen_disk,1772732545.315358,7.5886,238.9750578403473
cachegen_disk,1772732545.432067,7.5886,239.09176683425903
cachegen_disk,1772732545.567973,7.5886,239.22767281532288
cachegen_disk,1772732545.694519,7.5886,239.35421895980835
cachegen_disk,1772732546.055226,7.5886,239.7149260044098
cachegen_disk,1772732546.172865,7.5886,239.83256483078003
cachegen_disk,1772732546.275519,7.5886,239.93521881103516
cachegen_disk,1772732546.42798,7.5886,240.08767986297607
cachegen_disk,1772732546.542788,7.5886,240.20248794555664
cachegen_disk,1772732546.665463,7.5886,240.32516288757324
cachegen_disk,1772732546.791723,7.5886,240.4514229297638
cachegen_disk,1772732546.919026,7.5886,240.57872581481934
cachegen_disk,1772732547.045269,7.5886,240.70496892929077
cachegen_disk,1772732547.167824,7.5886,240.82752394676208
cachegen_disk,1772732547.29218,7.5886,240.95187997817993
cachegen_disk,1772732547.41528,7.5886,241.07498002052307
cachegen_disk,1772732547.564736,7.5886,241.2244358062744
cachegen_disk,1772732547.689182,7.5886,241.34888195991516
cachegen_disk,1772732547.833858,7.5886,241.49355792999268
cachegen_disk,1772732547.958822,7.5886,241.61852192878723
cachegen_disk,1772732548.355696,7.5886,242.01539587974548
cachegen_disk,1772732548.456041,7.5886,242.1157410144806
cachegen_disk,1772732548.559154,7.5886,242.2188539505005
cachegen_disk,1772732548.685668,7.5886,242.34536790847778
cachegen_disk,1772732548.806667,7.5886,242.46636700630188
cachegen_disk,1772732548.933066,7.5886,242.59276580810547
cachegen_disk,1772732549.058082,7.5886,242.71778202056885
cachegen_disk,1772732549.18106,7.5886,242.8407599925995
cachegen_disk,1772732549.305685,7.5886,242.96538496017456
cachegen_disk,1772732549.44216,7.5886,243.10185980796814
cachegen_disk,1772732549.589123,7.5886,243.24882292747498
cachegen_disk,1772732549.737458,7.5886,243.39715790748596
cachegen_disk,1772732549.841795,7.5886,243.50149488449097
cachegen_disk,1772732549.977113,7.5886,243.63681292533875
cachegen_disk,1772732550.098731,7.5886,243.7584309577942
cachegen_disk,1772732550.428798,7.5886,244.08849787712097
cachegen_disk,1772732550.542994,7.5886,244.20269393920898
cachegen_disk,1772732550.667666,7.5886,244.32736587524414
cachegen_disk,1772732550.800145,7.5886,244.45984482765198
cachegen_disk,1772732550.926201,7.5886,244.5859010219574
cachegen_disk,1772732551.048366,7.5886,244.7080659866333
cachegen_disk,1772732551.171825,7.5886,244.831524848938
cachegen_disk,1772732551.297505,7.5886,244.9572048187256
cachegen_disk,1772732551.43866,7.5886,245.09835982322693
cachegen_disk,1772732551.609814,7.5886,245.26951384544373
cachegen_disk,1772732551.719215,7.5886,245.37891483306885
cachegen_disk,1772732551.841547,7.5886,245.5012469291687
cachegen_disk,1772732551.96275,7.5886,245.62244987487793
cachegen_disk,1772732552.10459,7.5886,245.76428985595703
cachegen_disk,1772732552.241653,7.5886,245.90135288238525
cachegen_disk,1772732552.364714,7.5886,246.02441382408142
cachegen_disk,1772732552.717685,7.5886,246.37738490104675
cachegen_disk,1772732552.844322,7.5886,246.50402188301086
cachegen_disk,1772732552.987015,7.5886,246.646714925766
cachegen_disk,1772732553.101446,7.5886,246.76114583015442
cachegen_disk,1772732553.224652,7.5886,246.88435196876526
cachegen_disk,1772732553.349637,7.5886,247.00933694839478
cachegen_disk,1772732553.489051,7.5886,247.14875102043152
cachegen_disk,1772732553.600402,7.5886,247.2601020336151
cachegen_disk,1772732553.743128,7.5886,247.40282797813416
cachegen_disk,1772732553.848685,7.5886,247.50838494300842
cachegen_disk,1772732553.97888,7.5886,247.63857984542847
cachegen_disk,1772732554.105848,7.5886,247.76554799079895
cachegen_disk,1772732554.22989,7.5886,247.88959002494812
cachegen_disk,1772732554.35339,7.5886,248.0130898952484
cachegen_disk,1772732554.478631,7.5886,248.13833093643188
cachegen_disk,1772732554.901157,7.5886,248.56085681915283
cachegen_disk,1772732555.001961,7.5886,248.6616609096527
cachegen_disk,1772732555.103037,7.5886,248.76273703575134
cachegen_disk,1772732555.203198,7.5886,248.8628978729248
cachegen_disk,1772732555.322594,7.5886,248.98229384422302
cachegen_disk,1772732555.446612,7.5886,249.1063117980957
cachegen_disk,1772732555.5704,7.5886,249.23009991645813
cachegen_disk,1772732555.693203,7.5886,249.3529028892517
cachegen_disk,1772732555.824866,7.5886,249.48456597328186
cachegen_disk,1772732555.950933,7.5886,249.61063289642334
cachegen_disk,1772732556.072842,7.5886,249.7325417995453
cachegen_disk,1772732556.198256,7.5886,249.8579559326172
cachegen_disk,1772732556.340356,7.5886,250.0000560283661
cachegen_disk,1772732556.670783,7.5886,250.33048295974731
cachegen_disk,1772732556.792033,7.5886,250.45173287391663
cachegen_disk,1772732556.918593,7.5886,250.5782928466797
cachegen_disk,1772732557.045953,7.5886,250.7056529521942
cachegen_disk,1772732557.167117,7.5886,250.82681703567505
cachegen_disk,1772732557.290352,7.5886,250.95005202293396
cachegen_disk,1772732557.416741,7.5886,251.07644081115723
cachegen_disk,1772732557.540507,7.5886,251.20020699501038
cachegen_disk,1772732557.676024,7.5886,251.33572387695312
cachegen_disk,1772732557.80104,7.5886,251.46073985099792
cachegen_disk,1772732557.941442,7.5886,251.60114192962646
cachegen_disk,1772732558.080992,7.5886,251.7406919002533
cachegen_disk,1772732558.206798,7.5886,251.86649799346924
cachegen_disk,1772732558.549322,7.5886,252.20902180671692
cachegen_disk,1772732558.67412,7.5886,252.33381986618042
cachegen_disk,1772732558.799457,7.5886,252.45915699005127
cachegen_disk,1772732558.923461,7.5886,252.58316087722778
cachegen_disk,1772732559.046282,7.5886,252.70598196983337
cachegen_disk,1772732559.170346,7.5886,252.83004593849182
cachegen_disk,1772732559.297609,7.5886,252.95730900764465
cachegen_disk,1772732559.420205,7.5886,253.07990503311157
cachegen_disk,1772732559.549494,7.5886,253.20919394493103
cachegen_disk,1772732559.732516,7.5886,253.39221596717834
cachegen_disk,1772732559.840153,7.5886,253.4998528957367
cachegen_disk,1772732559.948532,7.5886,253.6082320213318
cachegen_disk,1772732560.074642,7.5886,253.7343418598175
cachegen_disk,1772732560.459643,7.5886,254.11934280395508
cachegen_disk,1772732560.583162,7.5886,254.24286198616028
cachegen_disk,1772732560.707003,7.5886,254.36670303344727
cachegen_disk,1772732560.831503,7.5886,254.4912028312683
cachegen_disk,1772732560.960829,7.5886,254.6205289363861
cachegen_disk,1772732561.077589,7.5886,254.73728895187378
cachegen_disk,1772732561.203372,7.5886,254.86307191848755
cachegen_disk,1772732561.362959,7.5886,255.02265882492065
cachegen_disk,1772732561.469895,7.5886,255.12959480285645
cachegen_disk,1772732561.607487,7.5886,255.2671868801117
cachegen_disk,1772732561.736903,7.5886,255.3966028690338
cachegen_disk,1772732561.859215,7.5886,255.51891493797302
cachegen_disk,1772732562.187584,7.5886,255.84728384017944
cachegen_disk,1772732562.312268,7.5886,255.97196793556213
cachegen_disk,1772732562.438938,7.5886,256.09863781929016
cachegen_disk,1772732562.564863,7.5886,256.2245628833771
cachegen_disk,1772732562.688569,7.5886,256.3482689857483
cachegen_disk,1772732562.812852,7.5886,256.47255182266235
cachegen_disk,1772732562.938179,7.5886,256.5978789329529
cachegen_disk,1772732563.061635,7.5886,256.7213349342346
cachegen_disk,1772732563.186721,7.5886,256.8464210033417
cachegen_disk,1772732563.31587,7.5886,256.9755699634552
cachegen_disk,1772732563.439821,7.5886,257.09952092170715
cachegen_disk,1772732563.585352,7.5886,257.2450518608093
cachegen_disk,1772732563.713925,7.5886,257.37362480163574
cachegen_disk,1772732564.096089,7.5886,257.7557888031006
cachegen_disk,1772732564.208991,7.5886,257.8686909675598
cachegen_disk,1772732564.331003,7.5886,257.99070286750793
cachegen_disk,1772732564.454448,7.5886,258.11414790153503
cachegen_disk,1772732564.595141,7.5886,258.2548408508301
cachegen_disk,1772732564.721074,7.5886,258.3807740211487
cachegen_disk,1772732564.845586,7.5886,258.50528597831726
cachegen_disk,1772732564.971169,7.5886,258.63086891174316
cachegen_disk,1772732565.097716,7.5886,258.75741600990295
cachegen_disk,1772732565.222922,7.5886,258.8826220035553
cachegen_disk,1772732565.378467,7.5886,259.0381669998169
cachegen_disk,1772732565.503708,7.5886,259.1634078025818
cachegen_disk,1772732565.626435,7.5886,259.2861349582672
cachegen_disk,1772732565.757863,7.5886,259.41756296157837
cachegen_disk,1772732565.893722,7.5886,259.55342197418213
cachegen_disk,1772732566.238602,7.5886,259.8983018398285
cachegen_disk,1772732566.345266,7.5886,260.0049660205841
cachegen_disk,1772732566.489316,7.5886,260.1490159034729
cachegen_disk,1772732566.597086,7.5886,260.2567858695984
cachegen_disk,1772732566.722584,7.5886,260.38228392601013
cachegen_disk,1772732566.864924,7.5886,260.5246238708496
cachegen_disk,1772732566.977757,7.5886,260.6374568939209
cachegen_disk,1772732567.104305,7.5886,260.764004945755
cachegen_disk,1772732567.233963,7.5886,260.8936629295349
cachegen_disk,1772732567.356566,7.5886,261.0162658691406
cachegen_disk,1772732567.493558,7.5886,261.1532578468323
cachegen_disk,1772732567.626541,7.5886,261.28624081611633
cachegen_disk,1772732567.782065,7.5886,261.44176483154297
cachegen_disk,1772732567.926915,7.5886,261.5866148471832
cachegen_disk,1772732568.273041,7.5886,261.93274092674255
cachegen_disk,1772732568.382562,7.5886,262.04226183891296
cachegen_disk,1772732568.492782,7.5886,262.1524820327759
cachegen_disk,1772732568.61951,7.5886,262.2792098522186
cachegen_disk,1772732568.743612,7.5886,262.40331196784973
cachegen_disk,1772732568.884707,7.5886,262.54440689086914
cachegen_disk,1772732569.008137,7.5886,262.66783690452576
cachegen_disk,1772732569.134739,7.5886,262.79443883895874
cachegen_disk,1772732569.265144,7.5886,262.92484402656555
cachegen_disk,1772732569.387919,7.5886,263.0476188659668
cachegen_disk,1772732569.563737,7.5886,263.223436832428
cachegen_disk,1772732569.674509,7.5886,263.3342089653015
cachegen_disk,1772732569.785081,7.5886,263.4447808265686
cachegen_disk,1772732569.910646,7.5886,263.5703458786011
cachegen_disk,1772732570.038117,7.5886,263.6978168487549
cachegen_disk,1772732570.3994,7.5886,264.05909991264343
cachegen_disk,1772732570.51835,7.5886,264.17804980278015
cachegen_disk,1772732570.640416,7.5886,264.3001158237457
cachegen_disk,1772732570.76378,7.5886,264.4234800338745
cachegen_disk,1772732570.892051,7.5886,264.5517508983612
cachegen_disk,1772732571.018621,7.5886,264.6783208847046
cachegen_disk,1772732571.147593,7.5886,264.8072929382324
cachegen_disk,1772732571.294821,7.5886,264.95452094078064
cachegen_disk,1772732571.410533,7.5886,265.0702328681946
cachegen_disk,1772732571.538239,7.5886,265.1979389190674
cachegen_disk,1772732571.662783,7.5886,265.32248282432556
cachegen_disk,1772732571.787673,7.5886,265.4473729133606
cachegen_disk,1772732571.927729,7.5886,265.5874288082123
cachegen_disk,1772732572.036781,7.5886,265.6964809894562
cachegen_disk,1772732572.164391,7.5886,265.8240909576416
cachegen_disk,1772732572.5648,7.5886,266.2244999408722
cachegen_disk,1772732572.691324,7.5886,266.3510239124298
cachegen_disk,1772732572.834373,7.5886,266.49407291412354
cachegen_disk,1772732572.942863,7.5886,266.6025629043579
cachegen_disk,1772732573.067089,7.5886,266.72678899765015
cachegen_disk,1772732573.191144,7.5886,266.8508439064026
cachegen_disk,1772732573.316564,7.5886,266.97626399993896
cachegen_disk,1772732573.461022,7.5886,267.1207218170166
cachegen_disk,1772732573.569306,7.5886,267.22900581359863
cachegen_disk,1772732573.71639,7.5886,267.3760898113251
cachegen_disk,1772732573.843641,7.5886,267.50334095954895
cachegen_disk,1772732573.967887,7.5886,267.62758684158325
cachegen_disk,1772732574.092201,7.5886,267.7519009113312
cachegen_disk,1772732574.222789,7.5886,267.88248896598816
cachegen_disk,1772732574.573666,7.5886,268.23336601257324
cachegen_disk,1772732574.697123,7.5886,268.3568229675293
cachegen_disk,1772732574.82451,7.5886,268.48421001434326
cachegen_disk,1772732574.970117,7.5886,268.62981700897217
cachegen_disk,1772732575.077958,7.5886,268.73765802383423
cachegen_disk,1772732575.202369,7.5886,268.86206889152527
cachegen_disk,1772732575.327287,7.5886,268.98698687553406
cachegen_disk,1772732575.454089,7.5886,269.1137888431549
cachegen_disk,1772732575.583317,7.5886,269.2430169582367
cachegen_disk,1772732575.723622,7.5886,269.38332200050354
cachegen_disk,1772732575.839454,7.5886,269.49915385246277
cachegen_disk,1772732575.963885,7.5886,269.62358498573303
cachegen_disk,1772732576.090395,7.5886,269.7500948905945
cachegen_disk,1772732576.21431,7.5886,269.874009847641
cachegen_disk,1772732576.601135,7.5886,270.26083493232727
cachegen_disk,1772732576.72818,7.5886,270.3878798484802
cachegen_disk,1772732576.854153,7.5886,270.51385283470154
cachegen_disk,1772732576.98039,7.5886,270.6400899887085
cachegen_disk,1772732577.109443,7.5886,270.76914286613464
cachegen_disk,1772732577.232882,7.5886,270.89258193969727
cachegen_disk,1772732577.357075,7.5886,271.016774892807
cachegen_disk,1772732577.482731,7.5886,271.1424310207367
cachegen_disk,1772732577.607554,7.5886,271.2672538757324
cachegen_disk,1772732577.732894,7.5886,271.3925938606262
cachegen_disk,1772732577.860416,7.5886,271.52011585235596
cachegen_disk,1772732577.985439,7.5886,271.64513897895813
cachegen_disk,1772732578.127168,7.5886,271.78686785697937
cachegen_disk,1772732578.251597,7.5886,271.9112968444824
cachegen_disk,1772732578.669235,7.5886,272.3289349079132
cachegen_disk,1772732578.791075,7.5886,272.4507749080658
cachegen_disk,1772732578.898961,7.5886,272.5586609840393
cachegen_disk,1772732579.026809,7.5886,272.6865088939667
cachegen_disk,1772732579.15266,7.5886,272.8123598098755
cachegen_disk,1772732579.287702,7.5886,272.94740200042725
cachegen_disk,1772732579.42753,7.5886,273.0872299671173
cachegen_disk,1772732579.55163,7.5886,273.2113299369812
cachegen_disk,1772732579.679773,7.5886,273.3394730091095
cachegen_disk,1772732579.805765,7.5886,273.46546483039856
cachegen_disk,1772732579.947147,7.5886,273.6068468093872
cachegen_disk,1772732580.07565,7.5886,273.73534989356995
cachegen_disk,1772732580.202676,7.5886,273.86237597465515
cachegen_disk,1772732580.329676,7.5886,273.98937582969666
cachegen_disk,1772732580.714861,7.5886,274.3745608329773
cachegen_disk,1772732580.81896,7.5886,274.47865986824036
cachegen_disk,1772732580.962393,7.5886,274.622092962265
cachegen_disk,1772732581.069284,7.5886,274.72898387908936
cachegen_disk,1772732581.212259,7.5886,274.87195897102356
cachegen_disk,1772732581.337326,7.5886,274.9970259666443
cachegen_disk,1772732581.465583,7.5886,275.1252830028534
cachegen_disk,1772732581.591821,7.5886,275.2515208721161
cachegen_disk,1772732581.725005,7.5886,275.38470482826233
cachegen_disk,1772732581.866389,7.5886,275.5260889530182
cachegen_disk,1772732581.991015,7.5886,275.6507148742676
cachegen_disk,1772732582.120874,7.5886,275.78057384490967
cachegen_disk,1772732582.247266,7.5886,275.90696597099304
cachegen_disk,1772732582.37192,7.5886,276.03162002563477
cachegen_disk,1772732582.496687,7.5886,276.1563868522644
cachegen_disk,1772732582.843746,7.5886,276.50344586372375
cachegen_disk,1772732582.965342,7.5886,276.6250419616699
cachegen_disk,1772732583.089144,7.5886,276.74884390830994
cachegen_disk,1772732583.214331,7.5886,276.87403082847595
cachegen_disk,1772732583.355129,7.5886,277.0148289203644
cachegen_disk,1772732583.498002,7.5886,277.15770196914673
cachegen_disk,1772732583.624713,7.5886,277.28441286087036
cachegen_disk,1772732583.751377,7.5886,277.4110770225525
cachegen_disk,1772732583.889694,7.5886,277.5493938922882
cachegen_disk,1772732584.008494,7.5886,277.6681938171387
cachegen_disk,1772732584.134252,7.5886,277.7939519882202
cachegen_disk,1772732584.259517,7.5886,277.9192168712616
cachegen_disk,1772732584.400859,7.5886,278.06055903434753
cachegen_disk,1772732584.531055,7.5886,278.1907548904419
cachegen_disk,1772732584.945699,7.5886,278.6053988933563
cachegen_disk,1772732585.068877,7.5886,278.72857689857483
cachegen_disk,1772732585.194455,7.5886,278.85415482521057
cachegen_disk,1772732585.321754,7.5886,278.98145389556885
cachegen_disk,1772732585.44522,7.5886,279.1049199104309
cachegen_disk,1772732585.588847,7.5886,279.2485468387604
cachegen_disk,1772732585.722879,7.5886,279.3825788497925
cachegen_disk,1772732585.848304,7.5886,279.508003950119
cachegen_disk,1772732585.975506,7.5886,279.6352059841156
cachegen_disk,1772732586.099787,7.5886,279.75948691368103
cachegen_disk,1772732586.2284,7.5886,279.88809990882874
cachegen_disk,1772732586.356934,7.5886,280.01663398742676
cachegen_disk,1772732586.496716,7.5886,280.15641593933105
cachegen_disk,1772732586.845617,7.5886,280.50531697273254
cachegen_disk,1772732586.972428,7.5886,280.6321280002594
cachegen_disk,1772732587.099953,7.5886,280.7596528530121
cachegen_disk,1772732587.227473,7.5886,280.8871729373932
cachegen_disk,1772732587.354811,7.5886,281.01451086997986
cachegen_disk,1772732587.482581,7.5886,281.14228081703186
cachegen_disk,1772732587.61355,7.5886,281.27324986457825
cachegen_disk,1772732587.739047,7.5886,281.3987469673157
cachegen_disk,1772732587.867491,7.5886,281.5271909236908
cachegen_disk,1772732587.991998,7.5886,281.6516978740692
cachegen_disk,1772732588.140882,7.5886,281.80058193206787
cachegen_disk,1772732588.301494,7.5886,281.96119379997253
cachegen_disk,1772732588.410665,7.5886,282.0703649520874
cachegen_disk,1772732588.582603,7.5886,282.2423028945923
cachegen_disk,1772732588.895262,7.5886,282.55496191978455
cachegen_disk,1772732589.017935,7.5886,282.6776349544525
cachegen_disk,1772732589.146317,7.5886,282.80601692199707
cachegen_disk,1772732589.271357,7.5886,282.93105697631836
cachegen_disk,1772732589.399045,7.5886,283.05874490737915
cachegen_disk,1772732589.536636,7.5886,283.1963360309601
cachegen_disk,1772732589.690466,7.5886,283.3501658439636
cachegen_disk,1772732589.820486,7.5886,283.4801859855652
cachegen_disk,1772732589.926952,7.5886,283.586651802063
cachegen_disk,1772732590.053303,7.5886,283.71300292015076
cachegen_disk,1772732590.217963,7.5886,283.87766289711
cachegen_disk,1772732590.327638,7.5886,283.9873378276825
cachegen_disk,1772732590.472078,7.5886,284.1317780017853
cachegen_disk,1772732590.81884,7.5886,284.47853994369507
cachegen_disk,1772732590.93909,7.5886,284.5987899303436
cachegen_disk,1772732591.06432,7.5886,284.72402000427246
cachegen_disk,1772732591.191023,7.5886,284.850723028183
cachegen_disk,1772732591.31753,7.5886,284.9772298336029
cachegen_disk,1772732591.474444,7.5886,285.1341438293457
cachegen_disk,1772732591.597811,7.5886,285.25751090049744
cachegen_disk,1772732591.746355,7.5886,285.4060549736023
cachegen_disk,1772732591.873914,7.5886,285.5336139202118
cachegen_disk,1772732591.982466,7.5886,285.64216589927673
cachegen_disk,1772732592.109982,7.5886,285.769681930542
cachegen_disk,1772732592.236897,7.5886,285.89659690856934
cachegen_disk,1772732592.396878,7.5886,286.0565779209137
cachegen_disk,1772732592.510757,7.5886,286.1704568862915
cachegen_disk,1772732592.852015,7.5886,286.51171493530273
cachegen_disk,1772732592.973113,7.5886,286.63281297683716
cachegen_disk,1772732593.108624,7.5886,286.76832389831543
cachegen_disk,1772732593.234988,7.5886,286.89468789100647
cachegen_disk,1772732593.362671,7.5886,287.0223708152771
cachegen_disk,1772732593.489197,7.5886,287.14889693260193
cachegen_disk,1772732593.629598,7.5886,287.2892978191376
cachegen_disk,1772732593.770678,7.5886,287.4303779602051
cachegen_disk,1772732593.920867,7.5886,287.58056688308716
cachegen_disk,1772732594.08103,7.5886,287.7407298088074
cachegen_disk,1772732594.204639,7.5886,287.8643388748169
cachegen_disk,1772732594.318166,7.5886,287.97786593437195
cachegen_disk,1772732594.670088,7.5886,288.32978796958923
cachegen_disk,1772732594.795225,7.5886,288.45492482185364
cachegen_disk,1772732594.922367,7.5886,288.58206701278687
cachegen_disk,1772732595.064588,7.5886,288.72428798675537
cachegen_disk,1772732595.176498,7.5886,288.8361978530884
cachegen_disk,1772732595.303457,7.5886,288.96315693855286
cachegen_disk,1772732595.429719,7.5886,289.08941888809204
cachegen_disk,1772732595.57697,7.5886,289.23667001724243
cachegen_disk,1772732595.701979,7.5886,289.36167883872986
cachegen_disk,1772732595.882236,7.5886,289.54193592071533
cachegen_disk,1772732595.983018,7.5886,289.64271783828735
cachegen_disk,1772732596.131531,7.5886,289.79123091697693
cachegen_disk,1772732596.255048,7.5886,289.9147479534149
cachegen_disk,1772732596.381626,7.5886,290.0413258075714
cachegen_disk,1772732596.757363,7.5886,290.417062997818
cachegen_disk,1772732596.867483,7.5886,290.5271828174591
cachegen_disk,1772732596.992837,7.5886,290.6525368690491
cachegen_disk,1772732597.119832,7.5886,290.779531955719
cachegen_disk,1772732597.250899,7.5886,290.9105989933014
cachegen_disk,1772732597.37939,7.5886,291.0390899181366
cachegen_disk,1772732597.506574,7.5886,291.16627383232117
cachegen_disk,1772732597.657277,7.5886,291.31697702407837
cachegen_disk,1772732597.809698,7.5886,291.469398021698
cachegen_disk,1772732597.939595,7.5886,291.59929490089417
cachegen_disk,1772732598.050295,7.5886,291.7099950313568
cachegen_disk,1772732598.181593,7.5886,291.8412928581238
cachegen_disk,1772732598.308635,7.5886,291.9683349132538
cachegen_disk,1772732598.700413,7.5886,292.3601129055023
cachegen_disk,1772732598.801007,7.5886,292.460706949234
cachegen_disk,1772732598.910845,7.5886,292.5705449581146
cachegen_disk,1772732599.020675,7.5886,292.68037486076355
cachegen_disk,1772732599.147534,7.5886,292.8072338104248
cachegen_disk,1772732599.275534,7.5886,292.93523383140564
cachegen_disk,1772732599.404329,7.5886,293.0640289783478
cachegen_disk,1772732599.535088,7.5886,293.194787979126
cachegen_disk,1772732599.662103,7.5886,293.32180285453796
cachegen_disk,1772732599.845875,7.5886,293.50557494163513
cachegen_disk,1772732599.955967,7.5886,293.6156668663025
cachegen_disk,1772732600.084577,7.5886,293.74427700042725
cachegen_disk,1772732600.455808,7.5886,294.11550784111023
cachegen_disk,1772732600.573056,7.5886,294.2327558994293
cachegen_disk,1772732600.699295,7.5886,294.3589949607849
cachegen_disk,1772732600.826465,7.5886,294.4861648082733
cachegen_disk,1772732600.952752,7.5886,294.6124520301819
cachegen_disk,1772732601.077715,7.5886,294.73741483688354
cachegen_disk,1772732601.203428,7.5886,294.86312794685364
cachegen_disk,1772732601.329268,7.5886,294.9889678955078
cachegen_disk,1772732601.533749,7.5886,295.19344902038574
cachegen_disk,1772732601.634177,7.5886,295.2938768863678
cachegen_disk,1772732601.735477,7.5886,295.3951768875122
cachegen_disk,1772732601.860446,7.5886,295.5201458930969
cachegen_disk,1772732602.00036,7.5886,295.66005992889404
cachegen_disk,1772732602.142203,7.5886,295.8019030094147
cachegen_disk,1772732602.483602,7.5886,296.14330196380615
cachegen_disk,1772732602.628756,7.5886,296.28845596313477
cachegen_disk,1772732602.738154,7.5886,296.39785385131836
cachegen_disk,1772732602.865696,7.5886,296.52539587020874
cachegen_disk,1772732602.993969,7.5886,296.65366888046265
cachegen_disk,1772732603.147063,7.5886,296.8067629337311
cachegen_disk,1772732603.274814,7.5886,296.93451380729675
cachegen_disk,1772732603.403231,7.5886,297.06293082237244
cachegen_disk,1772732603.52939,7.5886,297.189090013504
cachegen_disk,1772732603.656542,7.5886,297.316241979599
cachegen_disk,1772732603.784507,7.5886,297.4442069530487
cachegen_disk,1772732603.918655,7.5886,297.57835483551025
cachegen_disk,1772732604.046439,7.5886,297.7061388492584
cachegen_disk,1772732604.418206,7.5886,298.0779058933258
cachegen_disk,1772732604.572077,7.5886,298.23177695274353
cachegen_disk,1772732604.681438,7.5886,298.34113788604736
cachegen_disk,1772732604.793888,7.5886,298.4535880088806
cachegen_disk,1772732604.938971,7.5886,298.59867095947266
cachegen_disk,1772732605.05116,7.5886,298.7108600139618
cachegen_disk,1772732605.177231,7.5886,298.8369309902191
cachegen_disk,1772732605.319564,7.5886,298.9792640209198
cachegen_disk,1772732605.44913,7.5886,299.1088299751282
cachegen_disk,1772732605.598895,7.5886,299.2585949897766
cachegen_disk,1772732605.722022,7.5886,299.3817219734192
cachegen_disk,1772732605.866288,7.5886,299.52598786354065
cachegen_disk,1772732605.976091,7.5886,299.63579082489014
cachegen_disk,1772732606.3491,7.5886,300.00880002975464
cachegen_disk,1772732606.451818,7.5886,300.11151790618896
cachegen_disk,1772732606.596791,7.5886,300.25649094581604
cachegen_disk,1772732606.743382,7.5886,300.4030818939209
cachegen_disk,1772732606.857958,7.5886,300.517657995224
cachegen_disk,1772732606.988606,7.5886,300.64830589294434
cachegen_disk,1772732607.118914,7.5886,300.7786138057709
cachegen_disk,1772732607.260346,7.5886,300.92004585266113
cachegen_disk,1772732607.401213,7.5886,301.0609128475189
cachegen_disk,1772732607.529369,7.5886,301.18906903266907
cachegen_disk,1772732607.667636,7.5886,301.3273358345032
cachegen_disk,1772732607.796559,7.5886,301.4562590122223
cachegen_disk,1772732607.92304,7.5886,301.5827398300171
cachegen_disk,1772732608.25943,7.5886,301.9191298484802
cachegen_disk,1772732608.380002,7.5886,302.03970193862915
cachegen_disk,1772732608.508862,7.5886,302.1685619354248
cachegen_disk,1772732608.635064,7.5886,302.29476380348206
cachegen_disk,1772732608.779175,7.5886,302.4388749599457
cachegen_disk,1772732608.887702,7.5886,302.5474019050598
cachegen_disk,1772732609.017288,7.5886,302.67698788642883
cachegen_disk,1772732609.147634,7.5886,302.807333946228
cachegen_disk,1772732609.274877,7.5886,302.9345769882202
cachegen_disk,1772732609.402316,7.5886,303.0620160102844
cachegen_disk,1772732609.527711,7.5886,303.1874108314514
cachegen_disk,1772732609.659971,7.5886,303.31967091560364
cachegen_disk,1772732609.983809,7.5886,303.6435089111328
cachegen_disk,1772732610.112302,7.5886,303.77200198173523
cachegen_disk,1772732610.246811,7.5886,303.90651082992554
cachegen_disk,1772732610.366128,7.5886,304.0258278846741
cachegen_disk,1772732610.494095,7.5886,304.153795003891
cachegen_disk,1772732610.623459,7.5886,304.28315901756287
cachegen_disk,1772732610.750179,7.5886,304.4098789691925
cachegen_disk,1772732610.876654,7.5886,304.5363538265228
cachegen_disk,1772732611.015225,7.5886,304.67492485046387
cachegen_disk,1772732611.161595,7.5886,304.8212950229645
cachegen_disk,1772732611.270429,7.5886,304.9301288127899
cachegen_disk,1772732611.396353,7.5886,305.0560529232025
cachegen_disk,1772732611.540723,7.5886,305.20042300224304
cachegen_disk,1772732611.910447,7.5886,305.5701467990875
cachegen_disk,1772732612.041175,7.5886,305.70087480545044
cachegen_disk,1772732612.169243,7.5886,305.8289430141449
cachegen_disk,1772732612.297112,7.5886,305.9568119049072
cachegen_disk,1772732612.445223,7.5886,306.10492300987244
cachegen_disk,1772732612.574801,7.5886,306.23450088500977
cachegen_disk,1772732612.698918,7.5886,306.35861802101135
cachegen_disk,1772732612.826102,7.5886,306.4858019351959
cachegen_disk,1772732612.952757,7.5886,306.61245679855347
cachegen_disk,1772732613.077857,7.5886,306.7375569343567
cachegen_disk,1772732613.235479,7.5886,306.8951790332794
cachegen_disk,1772732613.382857,7.5886,307.0425570011139
cachegen_disk,1772732613.508266,7.5886,307.16796588897705
cachegen_disk,1772732613.85362,7.5886,307.51331996917725
cachegen_disk,1772732613.981105,7.5886,307.6408050060272
cachegen_disk,1772732614.108271,7.5886,307.7679708003998
cachegen_disk,1772732614.237665,7.5886,307.8973648548126
cachegen_disk,1772732614.367507,7.5886,308.0272068977356
cachegen_disk,1772732614.494431,7.5886,308.15413093566895
cachegen_disk,1772732614.635801,7.5886,308.29550099372864
cachegen_disk,1772732614.761079,7.5886,308.42077898979187
cachegen_disk,1772732614.890188,7.5886,308.5498878955841
cachegen_disk,1772732615.017958,7.5886,308.6776578426361
cachegen_disk,1772732615.146179,7.5886,308.80587887763977
cachegen_disk,1772732615.272435,7.5886,308.9321348667145
cachegen_disk,1772732615.680008,7.5886,309.3397078514099
cachegen_disk,1772732615.783064,7.5886,309.4427638053894
cachegen_disk,1772732615.89354,7.5886,309.5532398223877
cachegen_disk,1772732616.003076,7.5886,309.66277599334717
cachegen_disk,1772732616.160897,7.5886,309.82059693336487
cachegen_disk,1772732616.279926,7.5886,309.93962597846985
cachegen_disk,1772732616.408816,7.5886,310.06851601600647
cachegen_disk,1772732616.538098,7.5886,310.19779801368713
cachegen_disk,1772732616.681504,7.5886,310.3412039279938
cachegen_disk,1772732616.806173,7.5886,310.465873003006
cachegen_disk,1772732616.93584,7.5886,310.5955398082733
cachegen_disk,1772732617.06589,7.5886,310.72558999061584
cachegen_disk,1772732617.210034,7.5886,310.8697338104248
cachegen_disk,1772732617.573845,7.5886,311.23354482650757
cachegen_disk,1772732617.684992,7.5886,311.34469199180603
cachegen_disk,1772732617.829292,7.5886,311.4889919757843
cachegen_disk,1772732617.943458,7.5886,311.60315799713135
cachegen_disk,1772732618.086341,7.5886,311.74604082107544
cachegen_disk,1772732618.197094,7.5886,311.85679388046265
cachegen_disk,1772732618.325127,7.5886,311.9848268032074
cachegen_disk,1772732618.455294,7.5886,312.1149938106537
cachegen_disk,1772732618.602986,7.5886,312.2626860141754
cachegen_disk,1772732618.730768,7.5886,312.3904678821564
cachegen_disk,1772732618.862355,7.5886,312.5220549106598
cachegen_disk,1772732618.991109,7.5886,312.65080881118774
cachegen_disk,1772732619.369787,7.5886,313.02948689460754
cachegen_disk,1772732619.497829,7.5886,313.1575288772583
cachegen_disk,1772732619.626034,7.5886,313.28573393821716
cachegen_disk,1772732619.754109,7.5886,313.41380882263184
cachegen_disk,1772732619.888467,7.5886,313.54816699028015
cachegen_disk,1772732620.016346,7.5886,313.6760458946228
cachegen_disk,1772732620.150739,7.5886,313.81043887138367
cachegen_disk,1772732620.278103,7.5886,313.93780303001404
cachegen_disk,1772732620.404289,7.5886,314.0639889240265
cachegen_disk,1772732620.542581,7.5886,314.20228099823
cachegen_disk,1772732620.671359,7.5886,314.3310589790344
cachegen_disk,1772732621.046717,7.5886,314.70641684532166
cachegen_disk,1772732621.163159,7.5886,314.8228588104248
cachegen_disk,1772732621.269461,7.5886,314.92916083335876
cachegen_disk,1772732621.388056,7.5886,315.0477559566498
cachegen_disk,1772732621.528429,7.5886,315.18812894821167
cachegen_disk,1772732621.655342,7.5886,315.3150420188904
cachegen_disk,1772732621.791513,7.5886,315.4512128829956
cachegen_disk,1772732621.920052,7.5886,315.5797519683838
cachegen_disk,1772732622.050158,7.5886,315.7098579406738
cachegen_disk,1772732622.177519,7.5886,315.83721899986267
cachegen_disk,1772732622.305793,7.5886,315.9654929637909
cachegen_disk,1772732622.453999,7.5886,316.1136989593506
cachegen_disk,1772732622.841387,7.5886,316.5010869503021
cachegen_disk,1772732622.944403,7.5886,316.6041028499603
cachegen_disk,1772732623.058702,7.5886,316.7184019088745
cachegen_disk,1772732623.171273,7.5886,316.83097290992737
cachegen_disk,1772732623.299599,7.5886,316.95929884910583
cachegen_disk,1772732623.427038,7.5886,317.08673787117004
cachegen_disk,1772732623.585382,7.5886,317.2450819015503
cachegen_disk,1772732623.696024,7.5886,317.35572385787964
cachegen_disk,1772732623.826793,7.5886,317.48649287223816
cachegen_disk,1772732623.957014,7.5886,317.6167140007019
cachegen_disk,1772732624.097176,7.5886,317.7568759918213
cachegen_disk,1772732624.224896,7.5886,317.8845958709717
cachegen_disk,1772732624.384771,7.5886,318.0444710254669
cachegen_disk,1772732624.756331,7.5886,318.41603088378906
cachegen_disk,1772732624.884798,7.5886,318.54449796676636
cachegen_disk,1772732625.01209,7.5886,318.67178988456726
cachegen_disk,1772732625.154183,7.5886,318.8138828277588
cachegen_disk,1772732625.280298,7.5886,318.93999791145325
cachegen_disk,1772732625.407707,7.5886,319.0674068927765
cachegen_disk,1772732625.559035,7.5886,319.2187349796295
cachegen_disk,1772732625.665614,7.5886,319.3253138065338
cachegen_disk,1772732625.811312,7.5886,319.47101187705994
cachegen_disk,1772732625.942066,7.5886,319.601765871048
cachegen_disk,1772732626.1048,7.5886,319.7644999027252
cachegen_disk,1772732626.230431,7.5886,319.8901309967041
cachegen_disk,1772732626.559457,7.5886,320.2191569805145
cachegen_disk,1772732626.686501,7.5886,320.34620094299316
cachegen_disk,1772732626.813862,7.5886,320.473562002182
cachegen_disk,1772732626.940623,7.5886,320.60032296180725
cachegen_disk,1772732627.066986,7.5886,320.726686000824
cachegen_disk,1772732627.19528,7.5886,320.85497999191284
cachegen_disk,1772732627.326703,7.5886,320.98640298843384
cachegen_disk,1772732627.451156,7.5886,321.1108558177948
cachegen_disk,1772732627.616896,7.5886,321.27659583091736
cachegen_disk,1772732627.726783,7.5886,321.38648295402527
cachegen_disk,1772732627.873745,7.5886,321.5334448814392
cachegen_disk,1772732627.987699,7.5886,321.64739894866943
cachegen_disk,1772732628.325603,7.5886,321.98530292510986
cachegen_disk,1772732628.452615,7.5886,322.1123149394989
cachegen_disk,1772732628.579199,7.5886,322.23889899253845
cachegen_disk,1772732628.70543,7.5886,322.36512994766235
cachegen_disk,1772732628.834935,7.5886,322.4946348667145
cachegen_disk,1772732628.961604,7.5886,322.62130403518677
cachegen_disk,1772732629.089239,7.5886,322.7489387989044
cachegen_disk,1772732629.21561,7.5886,322.87530994415283
cachegen_disk,1772732629.344078,7.5886,323.00377798080444
cachegen_disk,1772732629.494736,7.5886,323.1544358730316
cachegen_disk,1772732629.626765,7.5886,323.2864649295807
cachegen_disk,1772732629.756274,7.5886,323.41597390174866
cachegen_disk,1772732630.112857,7.5886,323.7725570201874
cachegen_disk,1772732630.23878,7.5886,323.8984799385071
cachegen_disk,1772732630.34962,7.5886,324.00932002067566
cachegen_disk,1772732630.477831,7.5886,324.1375308036804
cachegen_disk,1772732630.618561,7.5886,324.2782609462738
cachegen_disk,1772732630.769583,7.5886,324.42928290367126
cachegen_disk,1772732630.880225,7.5886,324.5399248600006
cachegen_disk,1772732631.010241,7.5886,324.6699409484863
cachegen_disk,1772732631.140906,7.5886,324.80060601234436
cachegen_disk,1772732631.286997,7.5886,324.94669699668884
cachegen_disk,1772732631.432789,7.5886,325.09248900413513
cachegen_disk,1772732631.561158,7.5886,325.22085785865784
cachegen_disk,1772732631.982678,7.5886,325.64237785339355
cachegen_disk,1772732632.083257,7.5886,325.74295687675476
cachegen_disk,1772732632.18752,7.5886,325.84721994400024
cachegen_disk,1772732632.322351,7.5886,325.9820508956909
cachegen_disk,1772732632.442523,7.5886,326.1022229194641
cachegen_disk,1772732632.571103,7.5886,326.2308030128479
cachegen_disk,1772732632.721839,7.5886,326.38153886795044
cachegen_disk,1772732632.855231,7.5886,326.51493096351624
cachegen_disk,1772732633.000987,7.5886,326.6606869697571
cachegen_disk,1772732633.13274,7.5886,326.79243993759155
cachegen_disk,1772732633.260931,7.5886,326.92063093185425
cachegen_disk,1772732633.397173,7.5886,327.05687284469604
cachegen_disk,1772732633.767914,7.5886,327.42761397361755
cachegen_disk,1772732633.894593,7.5886,327.5542929172516
cachegen_disk,1772732634.007093,7.5886,327.66679286956787
cachegen_disk,1772732634.135819,7.5886,327.79551887512207
cachegen_disk,1772732634.269588,7.5886,327.9292879104614
cachegen_disk,1772732634.400609,7.5886,328.06030893325806
cachegen_disk,1772732634.527486,7.5886,328.1871860027313
cachegen_disk,1772732634.671047,7.5886,328.3307468891144
cachegen_disk,1772732634.792352,7.5886,328.45205187797546
cachegen_disk,1772732634.953092,7.5886,328.6127920150757
cachegen_disk,1772732635.065748,7.5886,328.7254478931427
cachegen_disk,1772732635.187191,7.5886,328.8468909263611
cachegen_disk,1772732635.565508,7.5886,329.22520780563354
cachegen_disk,1772732635.694075,7.5886,329.35377502441406
cachegen_disk,1772732635.806933,7.5886,329.4666328430176
cachegen_disk,1772732635.93339,7.5886,329.59308981895447
cachegen_disk,1772732636.060794,7.5886,329.7204940319061
cachegen_disk,1772732636.189738,7.5886,329.8494379520416
cachegen_disk,1772732636.319797,7.5886,329.9794969558716
cachegen_disk,1772732636.462795,7.5886,330.1224949359894
cachegen_disk,1772732636.579154,7.5886,330.238853931427
cachegen_disk,1772732636.707449,7.5886,330.3671488761902
cachegen_disk,1772732636.834193,7.5886,330.4938929080963
cachegen_disk,1772732636.9631,7.5886,330.62279987335205
cachegen_disk,1772732637.450318,7.5886,331.11001801490784
cachegen_disk,1772732637.564644,7.5886,331.22434401512146
cachegen_disk,1772732637.692876,7.5886,331.35257601737976
cachegen_disk,1772732637.826534,7.5886,331.48623394966125
cachegen_disk,1772732637.954944,7.5886,331.61464381217957
cachegen_disk,1772732638.113069,7.5886,331.7727689743042
cachegen_disk,1772732638.254155,7.5886,331.9138548374176
cachegen_disk,1772732638.368986,7.5886,332.02868580818176
cachegen_disk,1772732638.507783,7.5886,332.1674828529358
cachegen_disk,1772732638.618857,7.5886,332.27855682373047
cachegen_disk,1772732638.749014,7.5886,332.40871381759644
cachegen_disk,1772732638.891165,7.5886,332.55086493492126
cachegen_disk,1772732639.284995,7.5886,332.9446949958801
cachegen_disk,1772732639.415289,7.5886,333.0749888420105
cachegen_disk,1772732639.52918,7.5886,333.18887996673584
cachegen_disk,1772732639.664047,7.5886,333.32374691963196
cachegen_disk,1772732639.790675,7.5886,333.45037484169006
cachegen_disk,1772732639.953988,7.5886,333.61368799209595
cachegen_disk,1772732640.066623,7.5886,333.726322889328
cachegen_disk,1772732640.212401,7.5886,333.8721008300781
cachegen_disk,1772732640.312618,7.5886,333.97231793403625
cachegen_disk,1772732640.438306,7.5886,334.09800601005554
cachegen_disk,1772732640.569011,7.5886,334.2287108898163
cachegen_disk,1772732640.732671,7.5886,334.39237093925476
cachegen_disk,1772732641.072524,7.5886,334.73222398757935
cachegen_disk,1772732641.200812,7.5886,334.86051201820374
cachegen_disk,1772732641.329367,7.5886,334.98906683921814
cachegen_disk,1772732641.456693,7.5886,335.11639285087585
cachegen_disk,1772732641.584585,7.5886,335.24428486824036
cachegen_disk,1772732641.713671,7.5886,335.373370885849
cachegen_disk,1772732641.860502,7.5886,335.520201921463
cachegen_disk,1772732641.990475,7.5886,335.6501748561859
cachegen_disk,1772732642.122343,7.5886,335.7820429801941
cachegen_disk,1772732642.277408,7.5886,335.9371078014374
cachegen_disk,1772732642.40671,7.5886,336.0664098262787
cachegen_disk,1772732642.748595,7.5886,336.40829491615295
cachegen_disk,1772732642.895834,7.5886,336.5555338859558
cachegen_disk,1772732643.008605,7.5886,336.66830492019653
cachegen_disk,1772732643.142623,7.5886,336.80232286453247
cachegen_disk,1772732643.269629,7.5886,336.92932891845703
cachegen_disk,1772732643.398535,7.5886,337.05823493003845
cachegen_disk,1772732643.529294,7.5886,337.18899393081665
cachegen_disk,1772732643.669198,7.5886,337.32889795303345
cachegen_disk,1772732643.798146,7.5886,337.4578459262848
cachegen_disk,1772732643.935878,7.5886,337.595577955246
cachegen_disk,1772732644.064405,7.5886,337.7241048812866
cachegen_disk,1772732644.193009,7.5886,337.8527088165283
cachegen_disk,1772732644.575821,7.5886,338.23552083969116
cachegen_disk,1772732644.691305,7.5886,338.3510048389435
cachegen_disk,1772732644.837272,7.5886,338.49697184562683
cachegen_disk,1772732644.968057,7.5886,338.62775683403015
cachegen_disk,1772732645.07982,7.5886,338.73951983451843
cachegen_disk,1772732645.209798,7.5886,338.8694980144501
cachegen_disk,1772732645.347542,7.5886,339.0072419643402
cachegen_disk,1772732645.477328,7.5886,339.1370279788971
cachegen_disk,1772732645.606828,7.5886,339.26652789115906
cachegen_disk,1772732645.752792,7.5886,339.4124917984009
cachegen_disk,1772732645.882206,7.5886,339.54190587997437
cachegen_disk,1772732645.995533,7.5886,339.65523290634155
cachegen_disk,1772732646.359491,7.5886,340.0191910266876
cachegen_disk,1772732646.488605,7.5886,340.14830493927
cachegen_disk,1772732646.65926,7.5886,340.31895995140076
cachegen_disk,1772732646.762267,7.5886,340.42196702957153
cachegen_disk,1772732646.897904,7.5886,340.55760383605957
cachegen_disk,1772732647.027636,7.5886,340.6873359680176
cachegen_disk,1772732647.155164,7.5886,340.8148639202118
cachegen_disk,1772732647.296455,7.5886,340.9561548233032
cachegen_disk,1772732647.424388,7.5886,341.08408784866333
cachegen_disk,1772732647.556144,7.5886,341.21584391593933
cachegen_disk,1772732647.688024,7.5886,341.34772396087646
cachegen_disk,1772732648.156666,7.5886,341.81636595726013
cachegen_disk,1772732648.265648,7.5886,341.9253478050232
cachegen_disk,1772732648.372571,7.5886,342.0322709083557
cachegen_disk,1772732648.501603,7.5886,342.1613028049469
cachegen_disk,1772732648.628551,7.5886,342.28825092315674
cachegen_disk,1772732648.764841,7.5886,342.4245409965515
cachegen_disk,1772732648.920953,7.5886,342.5806529521942
cachegen_disk,1772732649.0314,7.5886,342.69109988212585
cachegen_disk,1772732649.162004,7.5886,342.82170391082764
cachegen_disk,1772732649.304461,7.5886,342.96416091918945
cachegen_disk,1772732649.432222,7.5886,343.09192180633545
cachegen_disk,1772732649.792323,7.5886,343.4520230293274
cachegen_disk,1772732649.906984,7.5886,343.56668400764465
cachegen_disk,1772732650.035522,7.5886,343.69522190093994
cachegen_disk,1772732650.164254,7.5886,343.8239538669586
cachegen_disk,1772732650.293578,7.5886,343.9532778263092
cachegen_disk,1772732650.425389,7.5886,344.085088968277
cachegen_disk,1772732650.571234,7.5886,344.2309339046478
cachegen_disk,1772732650.715635,7.5886,344.37533497810364
cachegen_disk,1772732650.857787,7.5886,344.5174868106842
cachegen_disk,1772732650.984781,7.5886,344.6444809436798
cachegen_disk,1772732651.113302,7.5886,344.773001909256
cachegen_disk,1772732651.558016,7.5886,345.21771597862244
cachegen_disk,1772732651.673407,7.5886,345.3331069946289
cachegen_disk,1772732651.8007,7.5886,345.4603998661041
cachegen_disk,1772732651.930207,7.5886,345.58990693092346
cachegen_disk,1772732652.072415,7.5886,345.7321150302887
cachegen_disk,1772732652.223469,7.5886,345.88316893577576
cachegen_disk,1772732652.355109,7.5886,346.01480889320374
cachegen_disk,1772732652.485659,7.5886,346.14535880088806
cachegen_disk,1772732652.613607,7.5886,346.27330684661865
cachegen_disk,1772732652.742161,7.5886,346.4018609523773
cachegen_disk,1772732652.872486,7.5886,346.53218603134155
cachegen_disk,1772732653.311861,7.5886,346.9715609550476
cachegen_disk,1772732653.41639,7.5886,347.0760898590088
cachegen_disk,1772732653.539679,7.5886,347.19937896728516
cachegen_disk,1772732653.670165,7.5886,347.3298649787903
cachegen_disk,1772732653.806849,7.5886,347.46654891967773
cachegen_disk,1772732653.935627,7.5886,347.5953269004822
cachegen_disk,1772732654.065152,7.5886,347.72485184669495
cachegen_disk,1772732654.193711,7.5886,347.8534109592438
cachegen_disk,1772732654.338541,7.5886,347.9982409477234
cachegen_disk,1772732654.467087,7.5886,348.12678694725037
cachegen_disk,1772732654.630229,7.5886,348.28992891311646
cachegen_disk,1772732654.761584,7.5886,348.4212839603424
cachegen_disk,1772732655.121633,7.5886,348.7813329696655
cachegen_disk,1772732655.251822,7.5886,348.9115219116211
cachegen_disk,1772732655.380571,7.5886,349.0402708053589
cachegen_disk,1772732655.509376,7.5886,349.16907596588135
cachegen_disk,1772732655.680521,7.5886,349.34022092819214
cachegen_disk,1772732655.784842,7.5886,349.44454193115234
cachegen_disk,1772732655.898804,7.5886,349.5585038661957
cachegen_disk,1772732656.043024,7.5886,349.70272397994995
cachegen_disk,1772732656.186904,7.5886,349.84660387039185
cachegen_disk,1772732656.311707,7.5886,349.9714069366455
cachegen_disk,1772732656.700649,7.5886,350.36034893989563
cachegen_disk,1772732656.81411,7.5886,350.4738099575043
cachegen_disk,1772732656.9257,7.5886,350.5853998661041
cachegen_disk,1772732657.056765,7.5886,350.7164649963379
cachegen_disk,1772732657.18629,7.5886,350.84598994255066
cachegen_disk,1772732657.339132,7.5886,350.998831987381
cachegen_disk,1772732657.470302,7.5886,351.13000202178955
cachegen_disk,1772732657.599074,7.5886,351.25877380371094
cachegen_disk,1772732657.728935,7.5886,351.38863492012024
cachegen_disk,1772732657.858159,7.5886,351.5178589820862
cachegen_disk,1772732657.985747,7.5886,351.64544701576233
cachegen_disk,1772732658.33429,7.5886,351.993989944458
cachegen_disk,1772732658.494853,7.5886,352.15455293655396
cachegen_disk,1772732658.609501,7.5886,352.26920080184937
cachegen_disk,1772732658.737234,7.5886,352.3969340324402
cachegen_disk,1772732658.865401,7.5886,352.5251009464264
cachegen_disk,1772732658.994362,7.5886,352.6540620326996
cachegen_disk,1772732659.129704,7.5886,352.7894039154053
cachegen_disk,1772732659.260081,7.5886,352.91978096961975
cachegen_disk,1772732659.433933,7.5886,353.09363293647766
cachegen_disk,1772732659.55065,7.5886,353.2103497982025
cachegen_disk,1772732659.670454,7.5886,353.33015394210815
cachegen_disk,1772732660.034877,7.5886,353.6945769786835
cachegen_disk,1772732660.163687,7.5886,353.8233869075775
cachegen_disk,1772732660.294853,7.5886,353.95455288887024
cachegen_disk,1772732660.422467,7.5886,354.0821669101715
cachegen_disk,1772732660.567529,7.5886,354.2272288799286
cachegen_disk,1772732660.698483,7.5886,354.3581829071045
cachegen_disk,1772732660.826755,7.5886,354.4864549636841
cachegen_disk,1772732660.956279,7.5886,354.61597895622253
cachegen_disk,1772732661.088809,7.5886,354.7485089302063
cachegen_disk,1772732661.219591,7.5886,354.8792908191681
cachegen_disk,1772732661.349364,7.5886,355.0090639591217
cachegen_disk,1772732661.72087,7.5886,355.38056993484497
cachegen_disk,1772732661.839087,7.5886,355.49878692626953
cachegen_disk,1772732661.972447,7.5886,355.63214683532715
cachegen_disk,1772732662.110138,7.5886,355.7698378562927
cachegen_disk,1772732662.240909,7.5886,355.90060901641846
cachegen_disk,1772732662.388919,7.5886,356.0486190319061
cachegen_disk,1772732662.527719,7.5886,356.1874189376831
cachegen_disk,1772732662.650748,7.5886,356.3104479312897
cachegen_disk,1772732662.780361,7.5886,356.44006085395813
cachegen_disk,1772732662.924416,7.5886,356.58411598205566
cachegen_disk,1772732663.072301,7.5886,356.7320008277893
cachegen_disk,1772732663.433441,7.5886,357.0931408405304
cachegen_disk,1772732663.547103,7.5886,357.2068028450012
cachegen_disk,1772732663.678568,7.5886,357.33826780319214
cachegen_disk,1772732663.806798,7.5886,357.4664978981018
cachegen_disk,1772732663.935162,7.5886,357.59486198425293
cachegen_disk,1772732664.065126,7.5886,357.7248258590698
cachegen_disk,1772732664.204992,7.5886,357.86469197273254
cachegen_disk,1772732664.348864,7.5886,358.0085639953613
cachegen_disk,1772732664.473453,7.5886,358.13315296173096
cachegen_disk,1772732664.622036,7.5886,358.2817358970642
cachegen_disk,1772732664.731541,7.5886,358.3912408351898
cachegen_disk,1772732665.125243,7.5886,358.7849428653717
cachegen_disk,1772732665.256287,7.5886,358.9159870147705
cachegen_disk,1772732665.404444,7.5886,359.0641438961029
cachegen_disk,1772732665.524863,7.5886,359.18456292152405
cachegen_disk,1772732665.673358,7.5886,359.3330578804016
cachegen_disk,1772732665.784379,7.5886,359.44407892227173
cachegen_disk,1772732665.913727,7.5886,359.5734269618988
cachegen_disk,1772732666.04354,7.5886,359.7032399177551
cachegen_disk,1772732666.178644,7.5886,359.8383438587189
cachegen_disk,1772732666.330443,7.5886,359.9901428222656
cachegen_disk,1772732666.459265,7.5886,360.1189649105072
cachegen_disk,1772732666.806804,7.5886,360.4665038585663
cachegen_disk,1772732666.935575,7.5886,360.59527492523193
cachegen_disk,1772732667.064668,7.5886,360.72436785697937
cachegen_disk,1772732667.193145,7.5886,360.852844953537
cachegen_disk,1772732667.339597,7.5886,360.99929690361023
cachegen_disk,1772732667.501444,7.5886,361.1611440181732
cachegen_disk,1772732667.602601,7.5886,361.26230096817017
cachegen_disk,1772732667.746951,7.5886,361.40665102005005
cachegen_disk,1772732667.8741,7.5886,361.5337998867035
cachegen_disk,1772732668.021822,7.5886,361.6815218925476
cachegen_disk,1772732668.414792,7.5886,362.07449197769165
cachegen_disk,1772732668.543846,7.5886,362.2035458087921
cachegen_disk,1772732668.676515,7.5886,362.3362150192261
cachegen_disk,1772732668.805369,7.5886,362.4650688171387
cachegen_disk,1772732668.934654,7.5886,362.59435391426086
cachegen_disk,1772732669.100744,7.5886,362.76044392585754
cachegen_disk,1772732669.215305,7.5886,362.87500500679016
cachegen_disk,1772732669.344589,7.5886,363.00428891181946
cachegen_disk,1772732669.474328,7.5886,363.13402795791626
cachegen_disk,1772732669.628259,7.5886,363.28795886039734
cachegen_disk,1772732669.783915,7.5886,363.4436149597168
cachegen_disk,1772732669.884125,7.5886,363.54382491111755
cachegen_disk,1772732670.251991,7.5886,363.9116909503937
cachegen_disk,1772732670.398954,7.5886,364.05865383148193
cachegen_disk,1772732670.529195,7.5886,364.1888949871063
cachegen_disk,1772732670.642267,7.5886,364.3019669055939
cachegen_disk,1772732670.772655,7.5886,364.432354927063
cachegen_disk,1772732670.910729,7.5886,364.5704288482666
cachegen_disk,1772732671.067157,7.5886,364.7268569469452
cachegen_disk,1772732671.185451,7.5886,364.8451509475708
cachegen_disk,1772732671.316088,7.5886,364.9757878780365
cachegen_disk,1772732671.449667,7.5886,365.1093668937683
cachegen_disk,1772732671.96977,7.5886,365.629469871521
cachegen_disk,1772732672.092099,7.5886,365.7517988681793
cachegen_disk,1772732672.205965,7.5886,365.86566495895386
cachegen_disk,1772732672.343616,7.5886,366.00331592559814
cachegen_disk,1772732672.475012,7.5886,366.1347119808197
cachegen_disk,1772732672.603442,7.5886,366.26314187049866
cachegen_disk,1772732672.732756,7.5886,366.3924558162689
cachegen_disk,1772732672.862196,7.5886,366.52189588546753
cachegen_disk,1772732672.997889,7.5886,366.65758895874023
cachegen_disk,1772732673.120002,7.5886,366.7797019481659
cachegen_disk,1772732673.268562,7.5886,366.92826199531555
cachegen_disk,1772732673.650833,7.5886,367.31053280830383
cachegen_disk,1772732673.794278,7.5886,367.45397782325745
cachegen_disk,1772732673.92211,7.5886,367.5818099975586
cachegen_disk,1772732674.052907,7.5886,367.71260690689087
cachegen_disk,1772732674.218111,7.5886,367.8778109550476
cachegen_disk,1772732674.329941,7.5886,367.9896409511566
cachegen_disk,1772732674.443657,7.5886,368.1033568382263
cachegen_disk,1772732674.575997,7.5886,368.2356970310211
cachegen_disk,1772732674.70859,7.5886,368.36828994750977
cachegen_disk,1772732674.838264,7.5886,368.4979639053345
cachegen_disk,1772732674.968606,7.5886,368.6283059120178
cachegen_disk,1772732675.346038,7.5886,369.00573801994324
cachegen_disk,1772732675.470322,7.5886,369.1300218105316
cachegen_disk,1772732675.58347,7.5886,369.2431700229645
cachegen_disk,1772732675.743158,7.5886,369.4028580188751
cachegen_disk,1772732675.857036,7.5886,369.5167360305786
cachegen_disk,1772732675.987735,7.5886,369.6474349498749
cachegen_disk,1772732676.134492,7.5886,369.7941918373108
cachegen_disk,1772732676.260922,7.5886,369.92062187194824
cachegen_disk,1772732676.390556,7.5886,370.05025601387024
cachegen_disk,1772732676.54746,7.5886,370.2071599960327
cachegen_disk,1772732676.688526,7.5886,370.3482258319855
cachegen_disk,1772732677.033895,7.5886,370.69359493255615
cachegen_disk,1772732677.164465,7.5886,370.8241648674011
cachegen_disk,1772732677.293464,7.5886,370.9531638622284
cachegen_disk,1772732677.425056,7.5886,371.084755897522
cachegen_disk,1772732677.58417,7.5886,371.2438700199127
cachegen_disk,1772732677.700055,7.5886,371.3597548007965
cachegen_disk,1772732677.858749,7.5886,371.5184488296509
cachegen_disk,1772732677.991188,7.5886,371.650887966156
cachegen_disk,1772732678.120864,7.5886,371.78056383132935
cachegen_disk,1772732678.25079,7.5886,371.91049003601074
cachegen_disk,1772732678.405223,7.5886,372.06492280960083
cachegen_disk,1772732678.83627,7.5886,372.49597001075745
cachegen_disk,1772732678.93826,7.5886,372.5979599952698
cachegen_disk,1772732679.066926,7.5886,372.72662591934204
cachegen_disk,1772732679.195958,7.5886,372.8556578159332
cachegen_disk,1772732679.327397,7.5886,372.9870970249176
cachegen_disk,1772732679.457475,7.5886,373.1171748638153
cachegen_disk,1772732679.625618,7.5886,373.28531789779663
cachegen_disk,1772732679.737122,7.5886,373.396821975708
cachegen_disk,1772732679.905509,7.5886,373.56520891189575
cachegen_disk,1772732680.015557,7.5886,373.67525696754456
cachegen_disk,1772732680.144273,7.5886,373.80397295951843
cachegen_disk,1772732680.535406,7.5886,374.1951060295105
cachegen_disk,1772732680.667103,7.5886,374.3268029689789
cachegen_disk,1772732680.798566,7.5886,374.45826601982117
cachegen_disk,1772732680.928003,7.5886,374.58770298957825
cachegen_disk,1772732681.058795,7.5886,374.71849489212036
cachegen_disk,1772732681.191631,7.5886,374.8513309955597
cachegen_disk,1772732681.321922,7.5886,374.9816219806671
cachegen_disk,1772732681.453918,7.5886,375.1136178970337
cachegen_disk,1772732681.585643,7.5886,375.2453429698944
cachegen_disk,1772732681.725752,7.5886,375.38545203208923
cachegen_disk,1772732681.871814,7.5886,375.53151392936707
cachegen_disk,1772732682.249765,7.5886,375.9094648361206
cachegen_disk,1772732682.366928,7.5886,376.02662801742554
cachegen_disk,1772732682.497909,7.5886,376.1576089859009
cachegen_disk,1772732682.62917,7.5886,376.2888698577881
cachegen_disk,1772732682.76269,7.5886,376.42238998413086
cachegen_disk,1772732682.894176,7.5886,376.55387592315674
cachegen_disk,1772732683.050003,7.5886,376.7097029685974
cachegen_disk,1772732683.157962,7.5886,376.8176620006561
cachegen_disk,1772732683.288556,7.5886,376.9482560157776
cachegen_disk,1772732683.419312,7.5886,377.07901191711426
cachegen_disk,1772732683.790703,7.5886,377.4504029750824
cachegen_disk,1772732683.922753,7.5886,377.58245301246643
cachegen_disk,1772732684.055698,7.5886,377.71539783477783
cachegen_disk,1772732684.185028,7.5886,377.8447279930115
cachegen_disk,1772732684.315611,7.5886,377.9753108024597
cachegen_disk,1772732684.45383,7.5886,378.113529920578
cachegen_disk,1772732684.599495,7.5886,378.25919485092163
cachegen_disk,1772732684.722076,7.5886,378.38177585601807
cachegen_disk,1772732684.849784,7.5886,378.5094838142395
cachegen_disk,1772732684.997078,7.5886,378.65677785873413
cachegen_disk,1772732685.388628,7.5886,379.04832792282104
cachegen_disk,1772732685.522307,7.5886,379.1820068359375
cachegen_disk,1772732685.64839,7.5886,379.30808997154236
cachegen_disk,1772732685.779377,7.5886,379.4390769004822
cachegen_disk,1772732685.914425,7.5886,379.57412481307983
cachegen_disk,1772732686.077692,7.5886,379.73739194869995
cachegen_disk,1772732686.180755,7.5886,379.84045481681824
cachegen_disk,1772732686.323428,7.5886,379.9831278324127
cachegen_disk,1772732686.474163,7.5886,380.1338629722595
cachegen_disk,1772732687.012273,7.5886,380.671972990036
cachegen_disk,1772732687.147008,7.5886,380.8067078590393
cachegen_disk,1772732687.275809,7.5886,380.9355089664459
cachegen_disk,1772732687.40887,7.5886,381.06856989860535
cachegen_disk,1772732687.538695,7.5886,381.1983950138092
cachegen_disk,1772732687.668542,7.5886,381.32824182510376
cachegen_disk,1772732687.804175,7.5886,381.46387481689453
cachegen_disk,1772732687.954561,7.5886,381.6142609119415
cachegen_disk,1772732688.332625,7.5886,381.99232482910156
cachegen_disk,1772732688.465634,7.5886,382.1253340244293
cachegen_disk,1772732688.576544,7.5886,382.2362439632416
cachegen_disk,1772732688.707493,7.5886,382.3671929836273
cachegen_disk,1772732688.83683,7.5886,382.4965298175812
cachegen_disk,1772732688.967748,7.5886,382.62744784355164
cachegen_disk,1772732689.119689,7.5886,382.77938890457153
cachegen_disk,1772732689.23137,7.5886,382.8910698890686
cachegen_disk,1772732689.382664,7.5886,383.0423638820648
cachegen_disk,1772732689.536573,7.5886,383.1962728500366
cachegen_disk,1772732689.880043,7.5886,383.53974294662476
cachegen_disk,1772732689.983286,7.5886,383.64298582077026
cachegen_disk,1772732690.115715,7.5886,383.77541494369507
cachegen_disk,1772732690.245005,7.5886,383.90470480918884
cachegen_disk,1772732690.406576,7.5886,384.06627583503723
cachegen_disk,1772732690.524651,7.5886,384.1843509674072
cachegen_disk,1772732690.67091,7.5886,384.3306097984314
cachegen_disk,1772732690.786025,7.5886,384.44572496414185
cachegen_disk,1772732690.917314,7.5886,384.5770139694214
cachegen_disk,1772732691.046999,7.5886,384.70669889450073
cachegen_disk,1772732691.194765,7.5886,384.854465007782
cachegen_disk,1772732691.312048,7.5886,384.9717478752136
cachegen_disk,1772732691.68976,7.5886,385.3494598865509
cachegen_disk,1772732691.819794,7.5886,385.47949385643005
cachegen_disk,1772732691.953982,7.5886,385.61368203163147
cachegen_disk,1772732692.082533,7.5886,385.74223279953003
cachegen_disk,1772732692.230408,7.5886,385.89010787010193
cachegen_disk,1772732692.347388,7.5886,386.0070879459381
cachegen_disk,1772732692.481551,7.5886,386.14125084877014
cachegen_disk,1772732692.645347,7.5886,386.3050470352173
cachegen_disk,1772732692.760054,7.5886,386.4197540283203
cachegen_disk,1772732692.891307,7.5886,386.5510070323944
cachegen_disk,1772732693.018356,7.5886,386.6780560016632
cachegen_disk,1772732693.382582,7.5886,387.0422818660736
cachegen_disk,1772732693.496927,7.5886,387.15662693977356
cachegen_disk,1772732693.626971,7.5886,387.28667092323303
cachegen_disk,1772732693.772017,7.5886,387.4317169189453
cachegen_disk,1772732693.894631,7.5886,387.55433082580566
cachegen_disk,1772732694.025983,7.5886,387.68568301200867
cachegen_disk,1772732694.158225,7.5886,387.8179249763489
cachegen_disk,1772732694.304067,7.5886,387.9637668132782
cachegen_disk,1772732694.431675,7.5886,388.091374874115
cachegen_disk,1772732694.829026,7.5886,388.48872590065
cachegen_disk,1772732694.979542,7.5886,388.63924193382263
cachegen_disk,1772732695.093369,7.5886,388.7530689239502
cachegen_disk,1772732695.227938,7.5886,388.88763785362244
cachegen_disk,1772732695.368555,7.5886,389.0282549858093
cachegen_disk,1772732695.49845,7.5886,389.15814995765686
cachegen_disk,1772732695.644034,7.5886,389.3037338256836
cachegen_disk,1772732695.775824,7.5886,389.4355239868164
cachegen_disk,1772732695.908103,7.5886,389.5678029060364
cachegen_disk,1772732696.040523,7.5886,389.7002229690552
cachegen_disk,1772732696.408944,7.5886,390.06864380836487
cachegen_disk,1772732696.540537,7.5886,390.20023703575134
cachegen_disk,1772732696.672375,7.5886,390.3320748806
cachegen_disk,1772732696.821901,7.5886,390.48160099983215
cachegen_disk,1772732696.934892,7.5886,390.5945918560028
cachegen_disk,1772732697.072538,7.5886,390.73223781585693
cachegen_disk,1772732697.241982,7.5886,390.9016819000244
cachegen_disk,1772732697.353747,7.5886,391.0134468078613
cachegen_disk,1772732697.486073,7.5886,391.14577293395996
cachegen_disk,1772732697.617159,7.5886,391.2768588066101
cachegen_disk,1772732697.95506,7.5886,391.6147599220276
cachegen_disk,1772732698.087715,7.5886,391.7474148273468
cachegen_disk,1772732698.218669,7.5886,391.8783688545227
cachegen_disk,1772732698.349104,7.5886,392.0088038444519
cachegen_disk,1772732698.481385,7.5886,392.1410849094391
cachegen_disk,1772732698.613148,7.5886,392.2728478908539
cachegen_disk,1772732698.742361,7.5886,392.4020609855652
cachegen_disk,1772732698.872344,7.5886,392.5320439338684
cachegen_disk,1772732699.005901,7.5886,392.66560101509094
cachegen_disk,1772732699.136547,7.5886,392.79624700546265
cachegen_disk,1772732699.282002,7.5886,392.9417018890381
cachegen_disk,1772732699.66128,7.5886,393.3209798336029
cachegen_disk,1772732699.790154,7.5886,393.4498538970947
cachegen_disk,1772732699.939932,7.5886,393.599632024765
cachegen_disk,1772732700.053245,7.5886,393.71294498443604
cachegen_disk,1772732700.183729,7.5886,393.84342885017395
cachegen_disk,1772732700.343814,7.5886,394.0035138130188
cachegen_disk,1772732700.465,7.5886,394.1246998310089
cachegen_disk,1772732700.604862,7.5886,394.2645618915558
cachegen_disk,1772732700.736388,7.5886,394.39608788490295
cachegen_disk,1772732700.881521,7.5886,394.5412209033966
cachegen_disk,1772732701.273706,7.5886,394.93340587615967
cachegen_disk,1772732701.406866,7.5886,395.066565990448
cachegen_disk,1772732701.541338,7.5886,395.20103788375854
cachegen_disk,1772732701.674431,7.5886,395.33413100242615
cachegen_disk,1772732701.82319,7.5886,395.4828898906708
cachegen_disk,1772732701.958642,7.5886,395.61834192276
cachegen_disk,1772732702.089555,7.5886,395.7492549419403
cachegen_disk,1772732702.23874,7.5886,395.8984398841858
cachegen_disk,1772732702.35575,7.5886,396.01545000076294
cachegen_disk,1772732702.489398,7.5886,396.1490979194641
cachegen_disk,1772732702.859304,7.5886,396.519003868103
cachegen_disk,1772732702.990718,7.5886,396.650417804718
cachegen_disk,1772732703.12115,7.5886,396.78084993362427
cachegen_disk,1772732703.286654,7.5886,396.9463539123535
cachegen_disk,1772732703.392707,7.5886,397.0524070262909
cachegen_disk,1772732703.536014,7.5886,397.1957139968872
cachegen_disk,1772732703.653701,7.5886,397.3134009838104
cachegen_disk,1772732703.804027,7.5886,397.4637269973755
cachegen_disk,1772732703.936672,7.5886,397.5963718891144
cachegen_disk,1772732704.105082,7.5886,397.7647819519043
cachegen_disk,1772732704.472818,7.5886,398.13251781463623
cachegen_disk,1772732704.603682,7.5886,398.2633819580078
cachegen_disk,1772732704.735718,7.5886,398.3954179286957
cachegen_disk,1772732704.901542,7.5886,398.5612418651581
cachegen_disk,1772732705.013719,7.5886,398.67341899871826
cachegen_disk,1772732705.195041,7.5886,398.854740858078
cachegen_disk,1772732705.299488,7.5886,398.95918798446655
cachegen_disk,1772732705.432774,7.5886,399.09247398376465
cachegen_disk,1772732705.577935,7.5886,399.23763489723206
cachegen_disk,1772732705.719622,7.5886,399.3793218135834
cachegen_disk,1772732706.074594,7.5886,399.7342939376831
cachegen_disk,1772732706.205412,7.5886,399.86511182785034
cachegen_disk,1772732706.336254,7.5886,399.99595379829407
cachegen_disk,1772732706.467026,7.5886,400.1267259120941
cachegen_disk,1772732706.598558,7.5886,400.25825786590576
cachegen_disk,1772732706.747272,7.5886,400.4069719314575
cachegen_disk,1772732706.890719,7.5886,400.55041885375977
cachegen_disk,1772732707.037215,7.5886,400.69691491127014
cachegen_disk,1772732707.1537,7.5886,400.8134000301361
cachegen_disk,1772732707.287216,7.5886,400.94691586494446
cachegen_disk,1772732707.665712,7.5886,401.3254120349884
cachegen_disk,1772732707.79166,7.5886,401.4513599872589
cachegen_disk,1772732707.923485,7.5886,401.5831849575043
cachegen_disk,1772732708.054105,7.5886,401.71380496025085
cachegen_disk,1772732708.186955,7.5886,401.8466548919678
cachegen_disk,1772732708.331396,7.5886,401.9910960197449
cachegen_disk,1772732708.459512,7.5886,402.11921191215515
cachegen_disk,1772732708.591087,7.5886,402.2507870197296
cachegen_disk,1772732708.722821,7.5886,402.38252091407776
cachegen_disk,1772732708.871476,7.5886,402.5311758518219
cachegen_disk,1772732709.254793,7.5886,402.9144928455353
cachegen_disk,1772732709.372673,7.5886,403.03237295150757
cachegen_disk,1772732709.504538,7.5886,403.1642379760742
cachegen_disk,1772732709.637054,7.5886,403.2967538833618
cachegen_disk,1772732709.76957,7.5886,403.429270029068
cachegen_disk,1772732709.915471,7.5886,403.57517099380493
cachegen_disk,1772732710.029982,7.5886,403.68968200683594
cachegen_disk,1772732710.194741,7.5886,403.8544409275055
cachegen_disk,1772732710.299653,7.5886,403.9593529701233
cachegen_disk,1772732710.444307,7.5886,404.1040070056915
cachegen_disk,1772732710.830201,7.5886,404.48990082740784
cachegen_disk,1772732710.944581,7.5886,404.6042809486389
cachegen_disk,1772732711.078359,7.5886,404.7380588054657
cachegen_disk,1772732711.209019,7.5886,404.86871886253357
cachegen_disk,1772732711.395471,7.5886,405.0551710128784
cachegen_disk,1772732711.501334,7.5886,405.1610338687897
cachegen_disk,1772732711.641978,7.5886,405.301677942276
cachegen_disk,1772732711.77408,7.5886,405.4337799549103
cachegen_disk,1772732711.905734,7.5886,405.5654339790344
cachegen_disk,1772732712.036883,7.5886,405.69658303260803
cachegen_disk,1772732712.403543,7.5886,406.0632429122925
cachegen_disk,1772732712.556598,7.5886,406.21629786491394
cachegen_disk,1772732712.669517,7.5886,406.3292169570923
cachegen_disk,1772732712.801155,7.5886,406.46085500717163
cachegen_disk,1772732712.935674,7.5886,406.59537386894226
cachegen_disk,1772732713.065202,7.5886,406.72490191459656
cachegen_disk,1772732713.226812,7.5886,406.88651180267334
cachegen_disk,1772732713.370729,7.5886,407.0304288864136
cachegen_disk,1772732713.519418,7.5886,407.1791179180145
cachegen_disk,1772732713.634843,7.5886,407.2945430278778
cachegen_disk,1772732714.020384,7.5886,407.68008399009705
cachegen_disk,1772732714.165648,7.5886,407.8253479003906
cachegen_disk,1772732714.279865,7.5886,407.9395649433136
cachegen_disk,1772732714.414054,7.5886,408.07375383377075
cachegen_disk,1772732714.548095,7.5886,408.20779490470886
cachegen_disk,1772732714.679202,7.5886,408.33890199661255
cachegen_disk,1772732714.812897,7.5886,408.4725968837738
cachegen_disk,1772732714.944605,7.5886,408.6043050289154
cachegen_disk,1772732715.075178,7.5886,408.7348778247833
cachegen_disk,1772732715.207094,7.5886,408.8667938709259
cachegen_disk,1772732715.653343,7.5886,409.3130428791046
cachegen_disk,1772732715.789457,7.5886,409.449156999588
cachegen_disk,1772732715.915434,7.5886,409.5751338005066
cachegen_disk,1772732716.049677,7.5886,409.7093768119812
cachegen_disk,1772732716.181565,7.5886,409.84126496315
cachegen_disk,1772732716.313121,7.5886,409.97282099723816
cachegen_disk,1772732716.453952,7.5886,410.1136519908905
cachegen_disk,1772732716.587905,7.5886,410.24760484695435
cachegen_disk,1772732716.718811,7.5886,410.37851095199585
cachegen_disk,1772732716.850785,7.5886,410.51048493385315
cachegen_disk,1772732717.296199,7.5886,410.95589900016785
cachegen_disk,1772732717.397966,7.5886,411.05766582489014
cachegen_disk,1772732717.508755,7.5886,411.1684548854828
cachegen_disk,1772732717.638931,7.5886,411.2986309528351
cachegen_disk,1772732717.770167,7.5886,411.42986702919006
cachegen_disk,1772732717.924096,7.5886,411.5837960243225
cachegen_disk,1772732718.03867,7.5886,411.6983699798584
cachegen_disk,1772732718.185953,7.5886,411.8456528186798
cachegen_disk,1772732718.310219,7.5886,411.96991896629333
cachegen_disk,1772732718.48862,7.5886,412.1483199596405
cachegen_disk,1772732718.836139,7.5886,412.49583888053894
cachegen_disk,1772732718.965349,7.5886,412.6250488758087
cachegen_disk,1772732719.082192,7.5886,412.7418918609619
cachegen_disk,1772732719.214685,7.5886,412.8743848800659
cachegen_disk,1772732719.348092,7.5886,413.0077919960022
cachegen_disk,1772732719.481906,7.5886,413.1416058540344
cachegen_disk,1772732719.613301,7.5886,413.27300095558167
cachegen_disk,1772732719.743172,7.5886,413.4028718471527
cachegen_disk,1772732719.879913,7.5886,413.53961300849915
cachegen_disk,1772732720.280577,7.5886,413.9402768611908
cachegen_disk,1772732720.408909,7.5886,414.0686089992523
cachegen_disk,1772732720.545192,7.5886,414.2048919200897
cachegen_disk,1772732720.683768,7.5886,414.3434679508209
cachegen_disk,1772732720.846109,7.5886,414.50580883026123
cachegen_disk,1772732720.962025,7.5886,414.6217248439789
cachegen_disk,1772732721.09409,7.5886,414.7537899017334
cachegen_disk,1772732721.227597,7.5886,414.8872969150543
cachegen_disk,1772732721.364456,7.5886,415.02415585517883
cachegen_disk,1772732721.52438,7.5886,415.1840798854828
cachegen_disk,1772732721.890758,7.5886,415.55045795440674
cachegen_disk,1772732722.022314,7.5886,415.6820139884949
cachegen_disk,1772732722.178131,7.5886,415.8378310203552
cachegen_disk,1772732722.287763,7.5886,415.9474630355835
cachegen_disk,1772732722.416742,7.5886,416.0764420032501
cachegen_disk,1772732722.552023,7.5886,416.21172285079956
cachegen_disk,1772732722.686822,7.5886,416.34652185440063
cachegen_disk,1772732722.835929,7.5886,416.49562883377075
cachegen_disk,1772732722.952986,7.5886,416.612685918808
cachegen_disk,1772732723.083973,7.5886,416.7436728477478
cachegen_disk,1772732723.513896,7.5886,417.17359590530396
cachegen_disk,1772732723.648332,7.5886,417.30803203582764
cachegen_disk,1772732723.781769,7.5886,417.4414689540863
cachegen_disk,1772732723.923385,7.5886,417.58308482170105
cachegen_disk,1772732724.051309,7.5886,417.71100902557373
cachegen_disk,1772732724.196788,7.5886,417.85648798942566
cachegen_disk,1772732724.346345,7.5886,418.00604486465454
cachegen_disk,1772732724.474849,7.5886,418.1345489025116
cachegen_disk,1772732724.610219,7.5886,418.2699189186096
cachegen_disk,1772732725.020107,7.5886,418.67980694770813
cachegen_disk,1772732725.138313,7.5886,418.79801297187805
cachegen_disk,1772732725.272057,7.5886,418.9317569732666
cachegen_disk,1772732725.406736,7.5886,419.0664358139038
cachegen_disk,1772732725.54768,7.5886,419.20737981796265
cachegen_disk,1772732725.681998,7.5886,419.3416979312897
cachegen_disk,1772732725.821348,7.5886,419.48104786872864
cachegen_disk,1772732725.948801,7.5886,419.608500957489
cachegen_disk,1772732726.079168,7.5886,419.73886799812317
cachegen_disk,1772732726.229343,7.5886,419.8890428543091
cachegen_disk,1772732726.61975,7.5886,420.2794499397278
cachegen_disk,1772732726.757025,7.5886,420.4167249202728
cachegen_disk,1772732726.901324,7.5886,420.5610239505768
cachegen_disk,1772732727.018669,7.5886,420.678368806839
cachegen_disk,1772732727.154664,7.5886,420.8143639564514
cachegen_disk,1772732727.305633,7.5886,420.9653329849243
cachegen_disk,1772732727.421621,7.5886,421.08132100105286
cachegen_disk,1772732727.554187,7.5886,421.21388697624207
cachegen_disk,1772732727.689774,7.5886,421.34947395324707
cachegen_disk,1772732727.820759,7.5886,421.48045897483826
cachegen_disk,1772732728.226825,7.5886,421.8865249156952
cachegen_disk,1772732728.361244,7.5886,422.0209438800812
cachegen_disk,1772732728.509723,7.5886,422.16942286491394
cachegen_disk,1772732728.625335,7.5886,422.28503489494324
cachegen_disk,1772732728.756573,7.5886,422.41627287864685
cachegen_disk,1772732728.908086,7.5886,422.56778597831726
cachegen_disk,1772732729.04283,7.5886,422.70252990722656
cachegen_disk,1772732729.175457,7.5886,422.835156917572
cachegen_disk,1772732729.306371,7.5886,422.96607089042664
cachegen_disk,1772732729.734607,7.5886,423.39430689811707
cachegen_disk,1772732729.869259,7.5886,423.5289590358734
cachegen_disk,1772732730.021184,7.5886,423.68088388442993
cachegen_disk,1772732730.139831,7.5886,423.7995309829712
cachegen_disk,1772732730.288445,7.5886,423.9481449127197
cachegen_disk,1772732730.403852,7.5886,424.063551902771
cachegen_disk,1772732730.53866,7.5886,424.1983599662781
cachegen_disk,1772732730.687976,7.5886,424.3476758003235
cachegen_disk,1772732730.835806,7.5886,424.49550580978394
cachegen_disk,1772732730.993262,7.5886,424.6529619693756
cachegen_disk,1772732731.355726,7.5886,425.01542592048645
cachegen_disk,1772732731.47183,7.5886,425.13152980804443
cachegen_disk,1772732731.62078,7.5886,425.2804799079895
cachegen_disk,1772732731.738242,7.5886,425.39794182777405
cachegen_disk,1772732731.871001,7.5886,425.53070092201233
cachegen_disk,1772732732.020513,7.5886,425.68021297454834
cachegen_disk,1772732732.142047,7.5886,425.80174684524536
cachegen_disk,1772732732.273424,7.5886,425.9331238269806
cachegen_disk,1772732732.404261,7.5886,426.06396102905273
cachegen_disk,1772732732.869588,7.5886,426.529287815094
cachegen_disk,1772732733.001788,7.5886,426.6614878177643
cachegen_disk,1772732733.156942,7.5886,426.81664180755615
cachegen_disk,1772732733.281514,7.5886,426.94121384620667
cachegen_disk,1772732733.416312,7.5886,427.0760118961334
cachegen_disk,1772732733.586969,7.5886,427.2466688156128
cachegen_disk,1772732733.700112,7.5886,427.3598120212555
cachegen_disk,1772732733.848819,7.5886,427.5085189342499
cachegen_disk,1772732733.982323,7.5886,427.6420228481293
cachegen_disk,1772732734.113515,7.5886,427.7732148170471
cachegen_disk,1772732734.516488,7.5886,428.17618799209595
cachegen_disk,1772732734.639147,7.5886,428.29884696006775
cachegen_disk,1772732734.752214,7.5886,428.41191387176514
cachegen_disk,1772732734.887274,7.5886,428.5469739437103
cachegen_disk,1772732735.037966,7.5886,428.6976659297943
cachegen_disk,1772732735.163182,7.5886,428.822881937027
cachegen_disk,1772732735.288658,7.5886,428.94835782051086
cachegen_disk,1772732735.420465,7.5886,429.0801649093628
cachegen_disk,1772732735.550489,7.5886,429.2101888656616
cachegen_disk,1772732736.028498,7.5886,429.68819785118103
cachegen_disk,1772732736.148551,7.5886,429.80825090408325
cachegen_disk,1772732736.299584,7.5886,429.95928382873535
cachegen_disk,1772732736.415606,7.5886,430.0753059387207
cachegen_disk,1772732736.563988,7.5886,430.2236878871918
cachegen_disk,1772732736.698728,7.5886,430.3584280014038
cachegen_disk,1772732736.829612,7.5886,430.48931193351746
cachegen_disk,1772732736.98585,7.5886,430.6455500125885
cachegen_disk,1772732737.120386,7.5886,430.78008580207825
cachegen_disk,1772732737.246111,7.5886,430.9058108329773
cachegen_disk,1772732737.644405,7.5886,431.3041048049927
cachegen_disk,1772732737.776829,7.5886,431.4365289211273
cachegen_disk,1772732737.907941,7.5886,431.56764101982117
cachegen_disk,1772732738.039987,7.5886,431.69968700408936
cachegen_disk,1772732738.188916,7.5886,431.8486158847809
cachegen_disk,1772732738.315738,7.5886,431.9754378795624
cachegen_disk,1772732738.44758,7.5886,432.10728001594543
cachegen_disk,1772732738.599364,7.5886,432.2590639591217
cachegen_disk,1772732738.714215,7.5886,432.3739149570465
cachegen_disk,1772732738.892146,7.5886,432.55184602737427
cachegen_disk,1772732739.304008,7.5886,432.96370792388916
cachegen_disk,1772732739.433262,7.5886,433.09296202659607
cachegen_disk,1772732739.587317,7.5886,433.2470169067383
cachegen_disk,1772732739.699553,7.5886,433.3592529296875
cachegen_disk,1772732739.830912,7.5886,433.4906120300293
cachegen_disk,1772732740.010296,7.5886,433.6699960231781
cachegen_disk,1772732740.111402,7.5886,433.7711019515991
cachegen_disk,1772732740.260236,7.5886,433.91993594169617
cachegen_disk,1772732740.393819,7.5886,434.0535190105438
cachegen_disk,1772732740.775751,7.5886,434.4354510307312
cachegen_disk,1772732740.92008,7.5886,434.57977986335754
cachegen_disk,1772732741.053323,7.5886,434.7130229473114
cachegen_disk,1772732741.185615,7.5886,434.8453149795532
cachegen_disk,1772732741.350799,7.5886,435.0104990005493
cachegen_disk,1772732741.467782,7.5886,435.12748193740845
cachegen_disk,1772732741.633499,7.5886,435.29319882392883
cachegen_disk,1772732741.735566,7.5886,435.3952658176422
cachegen_disk,1772732741.869477,7.5886,435.5291769504547
cachegen_disk,1772732742.265908,7.5886,435.925607919693
cachegen_disk,1772732742.386993,7.5886,436.04669284820557
cachegen_disk,1772732742.518679,7.5886,436.1783788204193
cachegen_disk,1772732742.651742,7.5886,436.31144189834595
cachegen_disk,1772732742.783957,7.5886,436.4436569213867
cachegen_disk,1772732742.917133,7.5886,436.57683300971985
cachegen_disk,1772732743.049771,7.5886,436.70947098731995
cachegen_disk,1772732743.201136,7.5886,436.86083602905273
cachegen_disk,1772732743.335956,7.5886,436.99565601348877
cachegen_disk,1772732743.723086,7.5886,437.3827860355377
cachegen_disk,1772732743.855372,7.5886,437.5150718688965
cachegen_disk,1772732744.019167,7.5886,437.67886686325073
cachegen_disk,1772732744.133475,7.5886,437.7931749820709
cachegen_disk,1772732744.273605,7.5886,437.9333050251007
cachegen_disk,1772732744.409819,7.5886,438.06951880455017
cachegen_disk,1772732744.541772,7.5886,438.2014718055725
cachegen_disk,1772732744.675661,7.5886,438.33536100387573
cachegen_disk,1772732744.81136,7.5886,438.47105979919434
cachegen_disk,1772732745.226985,7.5886,438.88668489456177
cachegen_disk,1772732745.348067,7.5886,439.0077669620514
cachegen_disk,1772732745.481882,7.5886,439.1415820121765
cachegen_disk,1772732745.612966,7.5886,439.272665977478
cachegen_disk,1772732745.747204,7.5886,439.4069039821625
cachegen_disk,1772732745.878238,7.5886,439.5379378795624
cachegen_disk,1772732746.018582,7.5886,439.6782820224762
cachegen_disk,1772732746.149849,7.5886,439.8095488548279
cachegen_disk,1772732746.297997,7.5886,439.95769691467285
cachegen_disk,1772732746.432803,7.5886,440.0925028324127
cachegen_disk,1772732746.829005,7.5886,440.48870491981506
cachegen_disk,1772732746.963838,7.5886,440.62353801727295
cachegen_disk,1772732747.096211,7.5886,440.7559108734131
cachegen_disk,1772732747.254659,7.5886,440.9143588542938
cachegen_disk,1772732747.36848,7.5886,441.0281798839569
cachegen_disk,1772732747.518592,7.5886,441.17829179763794
cachegen_disk,1772732747.650936,7.5886,441.31063580513
cachegen_disk,1772732747.784149,7.5886,441.4438488483429
cachegen_disk,1772732747.915706,7.5886,441.57540583610535
cachegen_disk,1772732748.378294,7.5886,442.03799390792847
cachegen_disk,1772732748.521145,7.5886,442.18084502220154
cachegen_disk,1772732748.648884,7.5886,442.30858397483826
cachegen_disk,1772732748.780992,7.5886,442.440691947937
cachegen_disk,1772732748.933111,7.5886,442.5928108692169
cachegen_disk,1772732749.052333,7.5886,442.712033033371
cachegen_disk,1772732749.191069,7.5886,442.85076880455017
cachegen_disk,1772732749.339161,7.5886,442.99886083602905
cachegen_disk,1772732749.472011,7.5886,443.13171100616455
cachegen_disk,1772732749.876582,7.5886,443.53628182411194
cachegen_disk,1772732750.005514,7.5886,443.6652138233185
cachegen_disk,1772732750.13881,7.5886,443.7985098361969
cachegen_disk,1772732750.274099,7.5886,443.9337990283966
cachegen_disk,1772732750.405683,7.5886,444.0653829574585
cachegen_disk,1772732750.556715,7.5886,444.2164149284363
cachegen_disk,1772732750.693041,7.5886,444.3527410030365
cachegen_disk,1772732750.852962,7.5886,444.5126619338989
cachegen_disk,1772732750.964968,7.5886,444.6246678829193
cachegen_disk,1772732751.099849,7.5886,444.7595489025116
cachegen_disk,1772732751.499238,7.5886,445.1589379310608
cachegen_disk,1772732751.622419,7.5886,445.2821190357208
cachegen_disk,1772732751.760618,7.5886,445.4203178882599
cachegen_disk,1772732751.875585,7.5886,445.5352849960327
cachegen_disk,1772732752.01111,7.5886,445.67080998420715
cachegen_disk,1772732752.155998,7.5886,445.8156979084015
cachegen_disk,1772732752.321728,7.5886,445.9814279079437
cachegen_disk,1772732752.423119,7.5886,446.08281898498535
cachegen_disk,1772732752.557883,7.5886,446.2175829410553
cachegen_disk,1772732752.938886,7.5886,446.5985858440399
cachegen_disk,1772732753.074785,7.5886,446.73448491096497
cachegen_disk,1772732753.240571,7.5886,446.9002709388733
cachegen_disk,1772732753.342483,7.5886,447.00218296051025
cachegen_disk,1772732753.476431,7.5886,447.13613080978394
cachegen_disk,1772732753.626213,7.5886,447.28591299057007
cachegen_disk,1772732753.756398,7.5886,447.4160978794098
cachegen_disk,1772732753.939292,7.5886,447.5989918708801
cachegen_disk,1772732754.061222,7.5886,447.7209219932556
cachegen_disk,1772732754.195086,7.5886,447.85478591918945
cachegen_disk,1772732754.596441,7.5886,448.2561409473419
cachegen_disk,1772732754.726783,7.5886,448.38648295402527
cachegen_disk,1772732754.879297,7.5886,448.53899693489075
cachegen_disk,1772732754.993742,7.5886,448.65344190597534
cachegen_disk,1772732755.126717,7.5886,448.7864170074463
cachegen_disk,1772732755.261072,7.5886,448.9207718372345
cachegen_disk,1772732755.400705,7.5886,449.06040501594543
cachegen_disk,1772732755.53307,7.5886,449.19277000427246
cachegen_disk,1772732755.983158,7.5886,449.64285802841187
cachegen_disk,1772732756.106449,7.5886,449.7661488056183
cachegen_disk,1772732756.241054,7.5886,449.90075397491455
cachegen_disk,1772732756.374999,7.5886,450.0346989631653
cachegen_disk,1772732756.507633,7.5886,450.16733288764954
cachegen_disk,1772732756.658353,7.5886,450.31805300712585
cachegen_disk,1772732756.804276,7.5886,450.46397590637207
cachegen_disk,1772732756.93248,7.5886,450.5921800136566
cachegen_disk,1772732757.081881,7.5886,450.74158096313477
cachegen_disk,1772732757.212733,7.5886,450.8724329471588
cachegen_disk,1772732757.632923,7.5886,451.2926228046417
cachegen_disk,1772732757.761736,7.5886,451.4214358329773
cachegen_disk,1772732757.896734,7.5886,451.5564339160919
cachegen_disk,1772732758.029047,7.5886,451.6887469291687
cachegen_disk,1772732758.184421,7.5886,451.8441209793091
cachegen_disk,1772732758.316598,7.5886,451.9762978553772
cachegen_disk,1772732758.450964,7.5886,452.1106638908386
cachegen_disk,1772732758.583024,7.5886,452.242723941803
cachegen_disk,1772732758.720409,7.5886,452.380108833313
cachegen_disk,1772732759.104134,7.5886,452.7638339996338
cachegen_disk,1772732759.238739,7.5886,452.8984389305115
cachegen_disk,1772732759.373022,7.5886,453.0327219963074
cachegen_disk,1772732759.507353,7.5886,453.16705298423767
cachegen_disk,1772732759.641426,7.5886,453.3011260032654
cachegen_disk,1772732759.773901,7.5886,453.4336009025574
cachegen_disk,1772732759.915337,7.5886,453.5750370025635
cachegen_disk,1772732760.095863,7.5886,453.7555630207062
cachegen_disk,1772732760.227855,7.5886,453.8875548839569
cachegen_disk,1772732760.614939,7.5886,454.2746388912201
cachegen_disk,1772732760.750725,7.5886,454.41042494773865
cachegen_disk,1772732760.924617,7.5886,454.58431696891785
cachegen_disk,1772732761.038031,7.5886,454.6977310180664
cachegen_disk,1772732761.157536,7.5886,454.8172359466553
cachegen_disk,1772732761.289731,7.5886,454.9494309425354
cachegen_disk,1772732761.422663,7.5886,455.08236289024353
cachegen_disk,1772732761.592861,7.5886,455.25256085395813
cachegen_disk,1772732761.713085,7.5886,455.37278485298157
cachegen_disk,1772732762.122752,7.5886,455.78245186805725
cachegen_disk,1772732762.237885,7.5886,455.89758491516113
cachegen_disk,1772732762.373037,7.5886,456.03273701667786
cachegen_disk,1772732762.507039,7.5886,456.166738986969
cachegen_disk,1772732762.640814,7.5886,456.3005139827728
cachegen_disk,1772732762.774243,7.5886,456.4339430332184
cachegen_disk,1772732762.93752,7.5886,456.59721994400024
cachegen_disk,1772732763.04576,7.5886,456.70545983314514
cachegen_disk,1772732763.179667,7.5886,456.8393669128418
cachegen_disk,1772732763.562804,7.5886,457.22250390052795
cachegen_disk,1772732763.701882,7.5886,457.36158180236816
cachegen_disk,1772732763.834081,7.5886,457.49378085136414
cachegen_disk,1772732763.969553,7.5886,457.629252910614
cachegen_disk,1772732764.121977,7.5886,457.78167700767517
cachegen_disk,1772732764.255054,7.5886,457.9147539138794
cachegen_disk,1772732764.394788,7.5886,458.0544879436493
cachegen_disk,1772732764.511485,7.5886,458.1711850166321
cachegen_disk,1772732764.651447,7.5886,458.3111469745636
cachegen_disk,1772732765.053644,7.5886,458.7133438587189
cachegen_disk,1772732765.181825,7.5886,458.84152483940125
cachegen_disk,1772732765.314938,7.5886,458.9746379852295
cachegen_disk,1772732765.448365,7.5886,459.10806488990784
cachegen_disk,1772732765.583645,7.5886,459.24334502220154
cachegen_disk,1772732765.741997,7.5886,459.4016969203949
cachegen_disk,1772732765.879518,7.5886,459.5392179489136
cachegen_disk,1772732766.011462,7.5886,459.6711618900299
cachegen_disk,1772732766.417557,7.5886,460.0772569179535
cachegen_disk,1772732766.523041,7.5886,460.18274092674255
cachegen_disk,1772732766.65882,7.5886,460.31851983070374
cachegen_disk,1772732766.793765,7.5886,460.4534649848938
cachegen_disk,1772732766.927601,7.5886,460.5873010158539
cachegen_disk,1772732767.062653,7.5886,460.7223529815674
cachegen_disk,1772732767.196476,7.5886,460.8561758995056
cachegen_disk,1772732767.337304,7.5886,460.997004032135
cachegen_disk,1772732767.487897,7.5886,461.1475968360901
cachegen_disk,1772732767.853344,7.5886,461.51304388046265
cachegen_disk,1772732767.988452,7.5886,461.64815187454224
cachegen_disk,1772732768.12395,7.5886,461.78364992141724
cachegen_disk,1772732768.263436,7.5886,461.92313599586487
cachegen_disk,1772732768.394669,7.5886,462.0543689727783
cachegen_disk,1772732768.528564,7.5886,462.18826389312744
cachegen_disk,1772732768.66906,7.5886,462.32875990867615
cachegen_disk,1772732768.804883,7.5886,462.46458292007446
cachegen_disk,1772732768.939682,7.5886,462.59938192367554
cachegen_disk,1772732769.346548,7.5886,463.00624799728394
cachegen_disk,1772732769.451074,7.5886,463.1107738018036
cachegen_disk,1772732769.585665,7.5886,463.2453649044037
cachegen_disk,1772732769.725312,7.5886,463.3850119113922
cachegen_disk,1772732769.852244,7.5886,463.5119438171387
cachegen_disk,1772732769.990895,7.5886,463.6505949497223
cachegen_disk,1772732770.140609,7.5886,463.8003089427948
cachegen_disk,1772732770.278469,7.5886,463.93816900253296
cachegen_disk,1772732770.430089,7.5886,464.0897889137268
cachegen_disk,1772732770.998047,7.5886,464.6577470302582
cachegen_disk,1772732771.099224,7.5886,464.75892400741577
cachegen_disk,1772732771.233867,7.5886,464.89356684684753
cachegen_disk,1772732771.369988,7.5886,465.0296878814697
cachegen_disk,1772732771.539928,7.5886,465.19962787628174
cachegen_disk,1772732771.650124,7.5886,465.30982398986816
cachegen_disk,1772732771.783998,7.5886,465.4436979293823
cachegen_disk,1772732771.917059,7.5886,465.57675886154175
cachegen_disk,1772732772.05398,7.5886,465.7136800289154
cachegen_disk,1772732772.441034,7.5886,466.1007339954376
cachegen_disk,1772732772.569521,7.5886,466.229220867157
cachegen_disk,1772732772.706107,7.5886,466.3658068180084
cachegen_disk,1772732772.839508,7.5886,466.4992079734802
cachegen_disk,1772732772.989452,7.5886,466.649151802063
cachegen_disk,1772732773.123483,7.5886,466.7831828594208
cachegen_disk,1772732773.257356,7.5886,466.9170558452606
cachegen_disk,1772732773.395474,7.5886,467.05517387390137
cachegen_disk,1772732773.566096,7.5886,467.2257959842682
cachegen_disk,1772732773.961453,7.5886,467.6211528778076
cachegen_disk,1772732774.076891,7.5886,467.73659086227417
cachegen_disk,1772732774.210665,7.5886,467.8703649044037
cachegen_disk,1772732774.344445,7.5886,468.0041449069977
cachegen_disk,1772732774.49983,7.5886,468.1595299243927
cachegen_disk,1772732774.621323,7.5886,468.2810230255127
cachegen_disk,1772732774.754795,7.5886,468.4144949913025
cachegen_disk,1772732774.888443,7.5886,468.54814291000366
cachegen_disk,1772732775.041257,7.5886,468.70095682144165
cachegen_disk,1772732775.155962,7.5886,468.81566190719604
cachegen_disk,1772732775.602091,7.5886,469.26179099082947
cachegen_disk,1772732775.7392,7.5886,469.39890003204346
cachegen_disk,1772732775.881889,7.5886,469.54158902168274
cachegen_disk,1772732776.017625,7.5886,469.6773250102997
cachegen_disk,1772732776.151124,7.5886,469.8108239173889
cachegen_disk,1772732776.303046,7.5886,469.9627459049225
cachegen_disk,1772732776.420776,7.5886,470.08047580718994
cachegen_disk,1772732776.558038,7.5886,470.2177379131317
cachegen_disk,1772732776.985604,7.5886,470.64530396461487
cachegen_disk,1772732777.141569,7.5886,470.80126881599426
cachegen_disk,1772732777.26074,7.5886,470.9204399585724
cachegen_disk,1772732777.413286,7.5886,471.07298588752747
cachegen_disk,1772732777.530046,7.5886,471.18974590301514
cachegen_disk,1772732777.695946,7.5886,471.3556458950043
cachegen_disk,1772732777.819213,7.5886,471.4789128303528
cachegen_disk,1772732777.967715,7.5886,471.6274149417877
cachegen_disk,1772732778.10786,7.5886,471.767560005188
cachegen_disk,1772732778.480575,7.5886,472.1402750015259
cachegen_disk,1772732778.598906,7.5886,472.25860595703125
cachegen_disk,1772732778.73336,7.5886,472.39305996894836
cachegen_disk,1772732778.867847,7.5886,472.5275468826294
cachegen_disk,1772732779.025975,7.5886,472.685674905777
cachegen_disk,1772732779.163254,7.5886,472.82295393943787
cachegen_disk,1772732779.297028,7.5886,472.9567279815674
cachegen_disk,1772732779.444159,7.5886,473.1038589477539
cachegen_disk,1772732779.579205,7.5886,473.23890495300293
cachegen_disk,1772732779.953509,7.5886,473.61320900917053
cachegen_disk,1772732780.091003,7.5886,473.7507028579712
cachegen_disk,1772732780.24445,7.5886,473.9041500091553
cachegen_disk,1772732780.381253,7.5886,474.0409529209137
cachegen_disk,1772732780.49867,7.5886,474.15837001800537
cachegen_disk,1772732780.639728,7.5886,474.299427986145
cachegen_disk,1772732780.791045,7.5886,474.45074486732483
cachegen_disk,1772732780.926109,7.5886,474.58580899238586
cachegen_disk,1772732781.064984,7.5886,474.72468400001526
cachegen_disk,1772732781.444186,7.5886,475.10388588905334
cachegen_disk,1772732781.581475,7.5886,475.24117493629456
cachegen_disk,1772732781.717156,7.5886,475.3768558502197
cachegen_disk,1772732781.865889,7.5886,475.5255889892578
cachegen_disk,1772732782.00148,7.5886,475.66118001937866
cachegen_disk,1772732782.136631,7.5886,475.7963309288025
cachegen_disk,1772732782.289785,7.5886,475.9494848251343
cachegen_disk,1772732782.440735,7.5886,476.10043501853943
cachegen_disk,1772732782.822041,7.5886,476.4817409515381
cachegen_disk,1772732782.956163,7.5886,476.6158628463745
cachegen_disk,1772732783.097439,7.5886,476.75713896751404
cachegen_disk,1772732783.230694,7.5886,476.89039397239685
cachegen_disk,1772732783.380095,7.5886,477.039794921875
cachegen_disk,1772732783.529541,7.5886,477.1892409324646
cachegen_disk,1772732783.682796,7.5886,477.3424959182739
cachegen_disk,1772732783.803548,7.5886,477.4632480144501
cachegen_disk,1772732783.953519,7.5886,477.61321902275085
cachegen_disk,1772732784.104259,7.5886,477.76395893096924
cachegen_disk,1772732784.492582,7.5886,478.152281999588
cachegen_disk,1772732784.632319,7.5886,478.29201889038086
cachegen_disk,1772732784.782851,7.5886,478.44255089759827
cachegen_disk,1772732784.916834,7.5886,478.57653403282166
cachegen_disk,1772732785.052835,7.5886,478.71253490448
cachegen_disk,1772732785.199144,7.5886,478.85884380340576
cachegen_disk,1772732785.333625,7.5886,478.9933249950409
cachegen_disk,1772732785.501545,7.5886,479.1612448692322
cachegen_disk,1772732785.909582,7.5886,479.56928181648254
cachegen_disk,1772732786.033064,7.5886,479.6927638053894
cachegen_disk,1772732786.162864,7.5886,479.82256388664246
cachegen_disk,1772732786.299805,7.5886,479.9595048427582
cachegen_disk,1772732786.434376,7.5886,480.09407591819763
cachegen_disk,1772732786.567944,7.5886,480.2276439666748
cachegen_disk,1772732786.721357,7.5886,480.3810570240021
cachegen_disk,1772732786.902049,7.5886,480.56174898147583
cachegen_disk,1772732787.01835,7.5886,480.67804980278015
cachegen_disk,1772732787.406914,7.5886,481.0666139125824
cachegen_disk,1772732787.539319,7.5886,481.1990189552307
cachegen_disk,1772732787.691232,7.5886,481.3509318828583
cachegen_disk,1772732787.809707,7.5886,481.4694068431854
cachegen_disk,1772732787.949635,7.5886,481.6093349456787
cachegen_disk,1772732788.083975,7.5886,481.743674993515
cachegen_disk,1772732788.255694,7.5886,481.9153938293457
cachegen_disk,1772732788.369886,7.5886,482.02958583831787
cachegen_disk,1772732788.502195,7.5886,482.1618947982788
cachegen_disk,1772732788.879504,7.5886,482.5392038822174
cachegen_disk,1772732789.014533,7.5886,482.6742329597473
cachegen_disk,1772732789.149278,7.5886,482.80897784233093
cachegen_disk,1772732789.285276,7.5886,482.9449758529663
cachegen_disk,1772732789.423588,7.5886,483.08328795433044
cachegen_disk,1772732789.561595,7.5886,483.22129487991333
cachegen_disk,1772732789.695857,7.5886,483.35555696487427
cachegen_disk,1772732789.83427,7.5886,483.49396991729736
cachegen_disk,1772732789.973056,7.5886,483.63275599479675
cachegen_disk,1772732790.373492,7.5886,484.0331919193268
cachegen_disk,1772732790.49544,7.5886,484.1551399230957
cachegen_disk,1772732790.650186,7.5886,484.30988597869873
cachegen_disk,1772732790.789026,7.5886,484.448725938797
cachegen_disk,1772732790.913744,7.5886,484.5734438896179
cachegen_disk,1772732791.050042,7.5886,484.7097418308258
cachegen_disk,1772732791.186339,7.5886,484.8460388183594
cachegen_disk,1772732791.32347,7.5886,484.9831700325012
cachegen_disk,1772732791.685022,7.5886,485.344722032547
cachegen_disk,1772732791.821978,7.5886,485.4816780090332
cachegen_disk,1772732791.97909,7.5886,485.63878989219666
cachegen_disk,1772732792.097727,7.5886,485.7574269771576
cachegen_disk,1772732792.236649,7.5886,485.89634895324707
cachegen_disk,1772732792.373219,7.5886,486.0329189300537
cachegen_disk,1772732792.511196,7.5886,486.17089581489563
cachegen_disk,1772732792.647844,7.5886,486.3075439929962
cachegen_disk,1772732792.794829,7.5886,486.45452880859375
cachegen_disk,1772732793.156773,7.5886,486.81647300720215
cachegen_disk,1772732793.29171,7.5886,486.95140981674194
cachegen_disk,1772732793.427675,7.5886,487.0873749256134
cachegen_disk,1772732793.581069,7.5886,487.24076890945435
cachegen_disk,1772732793.700439,7.5886,487.36013889312744
cachegen_disk,1772732793.834653,7.5886,487.4943528175354
cachegen_disk,1772732793.970638,7.5886,487.6303379535675
cachegen_disk,1772732794.108484,7.5886,487.7681839466095
cachegen_disk,1772732794.512619,7.5886,488.1723189353943
cachegen_disk,1772732794.614722,7.5886,488.2744219303131
cachegen_disk,1772732794.765206,7.5886,488.4249060153961
cachegen_disk,1772732794.884453,7.5886,488.5441529750824
cachegen_disk,1772732795.020287,7.5886,488.67998695373535
cachegen_disk,1772732795.172854,7.5886,488.8325538635254
cachegen_disk,1772732795.305517,7.5886,488.9652168750763
cachegen_disk,1772732795.440428,7.5886,489.10012793540955
cachegen_disk,1772732795.58462,7.5886,489.2443199157715
cachegen_disk,1772732796.070134,7.5886,489.72983384132385
cachegen_disk,1772732796.180469,7.5886,489.8401689529419
cachegen_disk,1772732796.332257,7.5886,489.991956949234
cachegen_disk,1772732796.450782,7.5886,490.11048197746277
cachegen_disk,1772732796.588405,7.5886,490.2481048107147
cachegen_disk,1772732796.72345,7.5886,490.38314986228943
cachegen_disk,1772732796.862861,7.5886,490.52256083488464
cachegen_disk,1772732797.013744,7.5886,490.67344403266907
cachegen_disk,1772732797.13576,7.5886,490.79545998573303
cachegen_disk,1772732797.554558,7.5886,491.21425795555115
cachegen_disk,1772732797.676418,7.5886,491.3361179828644
cachegen_disk,1772732797.821371,7.5886,491.4810709953308
cachegen_disk,1772732797.981434,7.5886,491.6411340236664
cachegen_disk,1772732798.114637,7.5886,491.77433681488037
cachegen_disk,1772732798.233645,7.5886,491.8933448791504
cachegen_disk,1772732798.380282,7.5886,492.039981842041
cachegen_disk,1772732798.516682,7.5886,492.17638182640076
cachegen_disk,1772732798.94797,7.5886,492.60766983032227
cachegen_disk,1772732799.083703,7.5886,492.74340295791626
cachegen_disk,1772732799.216603,7.5886,492.8763029575348
cachegen_disk,1772732799.351224,7.5886,493.0109238624573
cachegen_disk,1772732799.502471,7.5886,493.1621708869934
cachegen_disk,1772732799.624429,7.5886,493.28412890434265
cachegen_disk,1772732799.758181,7.5886,493.4178810119629
cachegen_disk,1772732799.940138,7.5886,493.59983801841736
cachegen_disk,1772732800.335811,7.5886,493.9955108165741
cachegen_disk,1772732800.472565,7.5886,494.1322648525238
cachegen_disk,1772732800.626849,7.5886,494.28654885292053
cachegen_disk,1772732800.77102,7.5886,494.4307198524475
cachegen_disk,1772732800.891252,7.5886,494.55095195770264
cachegen_disk,1772732801.026353,7.5886,494.68605279922485
cachegen_disk,1772732801.161408,7.5886,494.8211078643799
cachegen_disk,1772732801.331345,7.5886,494.99104499816895
cachegen_disk,1772732801.437715,7.5886,495.09741497039795
cachegen_disk,1772732801.857858,7.5886,495.5175578594208
cachegen_disk,1772732801.991448,7.5886,495.6511478424072
cachegen_disk,1772732802.12685,7.5886,495.78654980659485
cachegen_disk,1772732802.24508,7.5886,495.90477991104126
cachegen_disk,1772732802.382171,7.5886,496.04187083244324
cachegen_disk,1772732802.518894,7.5886,496.17859387397766
cachegen_disk,1772732802.652461,7.5886,496.3121609687805
cachegen_disk,1772732802.803492,7.5886,496.463191986084
cachegen_disk,1772732803.237574,7.5886,496.897274017334
cachegen_disk,1772732803.360511,7.5886,497.020210981369
cachegen_disk,1772732803.513199,7.5886,497.17289900779724
cachegen_disk,1772732803.632723,7.5886,497.29242300987244
cachegen_disk,1772732803.770021,7.5886,497.4297208786011
cachegen_disk,1772732803.90643,7.5886,497.5661299228668
cachegen_disk,1772732804.061677,7.5886,497.72137689590454
cachegen_disk,1772732804.178675,7.5886,497.83837485313416
cachegen_disk,1772732804.317284,7.5886,497.97698402404785
cachegen_disk,1772732804.698195,7.5886,498.35789489746094
cachegen_disk,1772732804.834535,7.5886,498.49423480033875
cachegen_disk,1772732804.989076,7.5886,498.64877581596375
cachegen_disk,1772732805.122363,7.5886,498.78206300735474
cachegen_disk,1772732805.260983,7.5886,498.9206829071045
cachegen_disk,1772732805.3965,7.5886,499.0562000274658
cachegen_disk,1772732805.546737,7.5886,499.2064368724823
cachegen_disk,1772732805.697608,7.5886,499.3573079109192
cachegen_disk,1772732806.091219,7.5886,499.75091886520386
cachegen_disk,1772732806.230244,7.5886,499.8899438381195
cachegen_disk,1772732806.368572,7.5886,500.02827191352844
cachegen_disk,1772732806.504194,7.5886,500.1638939380646
cachegen_disk,1772732806.639453,7.5886,500.29915285110474
cachegen_disk,1772732806.807419,7.5886,500.46711897850037
cachegen_disk,1772732806.961155,7.5886,500.62085485458374
cachegen_disk,1772732807.070373,7.5886,500.7300729751587
cachegen_disk,1772732807.199313,7.5886,500.85901284217834
cachegen_disk,1772732807.611564,7.5886,501.27126383781433
cachegen_disk,1772732807.721609,7.5886,501.3813090324402
cachegen_disk,1772732807.840205,7.5886,501.49990487098694
cachegen_disk,1772732807.976294,7.5886,501.63599395751953
cachegen_disk,1772732808.11168,7.5886,501.77137994766235
cachegen_disk,1772732808.267116,7.5886,501.9268159866333
cachegen_disk,1772732808.382645,7.5886,502.0423448085785
cachegen_disk,1772732808.54592,7.5886,502.2056198120117
cachegen_disk,1772732808.945089,7.5886,502.604789018631
cachegen_disk,1772732809.071539,7.5886,502.7312388420105
cachegen_disk,1772732809.207446,7.5886,502.86714601516724
cachegen_disk,1772732809.365147,7.5886,503.02484703063965
cachegen_disk,1772732809.48533,7.5886,503.1450300216675
cachegen_disk,1772732809.621664,7.5886,503.2813639640808
cachegen_disk,1772732809.756279,7.5886,503.4159789085388
cachegen_disk,1772732809.897201,7.5886,503.5569009780884
cachegen_disk,1772732810.038697,7.5886,503.69839692115784
cachegen_disk,1772732810.438703,7.5886,504.09840297698975
cachegen_disk,1772732810.574976,7.5886,504.2346758842468
cachegen_disk,1772732810.709538,7.5886,504.3692378997803
cachegen_disk,1772732810.877815,7.5886,504.53751492500305
cachegen_disk,1772732811.014955,7.5886,504.6746549606323
cachegen_disk,1772732811.133439,7.5886,504.7931389808655
cachegen_disk,1772732811.270454,7.5886,504.9301538467407
cachegen_disk,1772732811.408766,7.5886,505.06846594810486
cachegen_disk,1772732811.802264,7.5886,505.46196389198303
cachegen_disk,1772732811.935536,7.5886,505.59523582458496
cachegen_disk,1772732812.073818,7.5886,505.73351788520813
cachegen_disk,1772732812.209075,7.5886,505.86877489089966
cachegen_disk,1772732812.385141,7.5886,506.0448408126831
cachegen_disk,1772732812.490229,7.5886,506.1499288082123
cachegen_disk,1772732812.630305,7.5886,506.2900049686432
cachegen_disk,1772732812.770741,7.5886,506.43044090270996
cachegen_disk,1772732812.924316,7.5886,506.58401584625244
cachegen_disk,1772732813.276958,7.5886,506.9366579055786
cachegen_disk,1772732813.412769,7.5886,507.072468996048
cachegen_disk,1772732813.549368,7.5886,507.2090678215027
cachegen_disk,1772732813.72043,7.5886,507.38012981414795
cachegen_disk,1772732813.829693,7.5886,507.48939299583435
cachegen_disk,1772732813.983164,7.5886,507.64286398887634
cachegen_disk,1772732814.121345,7.5886,507.781044960022
cachegen_disk,1772732814.258477,7.5886,507.91817688941956
cachegen_disk,1772732814.653502,7.5886,508.3132019042969
cachegen_disk,1772732814.791054,7.5886,508.45075392723083
cachegen_disk,1772732814.934161,7.5886,508.5938608646393
cachegen_disk,1772732815.089267,7.5886,508.74896693229675
cachegen_disk,1772732815.218648,7.5886,508.87834787368774
cachegen_disk,1772732815.348511,7.5886,509.0082108974457
cachegen_disk,1772732815.502185,7.5886,509.16188502311707
cachegen_disk,1772732815.618149,7.5886,509.2778489589691
cachegen_disk,1772732816.083889,7.5886,509.74358892440796
cachegen_disk,1772732816.209518,7.5886,509.86921787261963
cachegen_disk,1772732816.34854,7.5886,510.00823998451233
cachegen_disk,1772732816.485851,7.5886,510.1455509662628
cachegen_disk,1772732816.639922,7.5886,510.29962182044983
cachegen_disk,1772732816.793117,7.5886,510.4528169631958
cachegen_disk,1772732816.948557,7.5886,510.608256816864
cachegen_disk,1772732817.067934,7.5886,510.7276339530945
cachegen_disk,1772732817.573027,7.5886,511.23272681236267
cachegen_disk,1772732817.722865,7.5886,511.3825650215149
cachegen_disk,1772732817.842671,7.5886,511.5023708343506
cachegen_disk,1772732817.980912,7.5886,511.64061188697815
cachegen_disk,1772732818.140894,7.5886,511.8005938529968
cachegen_disk,1772732818.292101,7.5886,511.95180082321167
cachegen_disk,1772732818.428018,7.5886,512.0877180099487
cachegen_disk,1772732818.565881,7.5886,512.2255809307098
cachegen_disk,1772732818.705455,7.5886,512.3651549816132
cachegen_disk,1772732819.122084,7.5886,512.7817838191986
cachegen_disk,1772732819.260555,7.5886,512.920254945755
cachegen_disk,1772732819.397943,7.5886,513.0576429367065
cachegen_disk,1772732819.533146,7.5886,513.1928458213806
cachegen_disk,1772732819.685969,7.5886,513.3456690311432
cachegen_disk,1772732819.809033,7.5886,513.4687328338623
cachegen_disk,1772732819.94666,7.5886,513.6063599586487
cachegen_disk,1772732820.083659,7.5886,513.7433588504791
cachegen_disk,1772732820.539673,7.5886,514.1993730068207
cachegen_disk,1772732820.653104,7.5886,514.3128039836884
cachegen_disk,1772732820.773685,7.5886,514.4333848953247
cachegen_disk,1772732820.915184,7.5886,514.5748839378357
cachegen_disk,1772732821.052676,7.5886,514.7123758792877
cachegen_disk,1772732821.205116,7.5886,514.8648159503937
cachegen_disk,1772732821.326737,7.5886,514.9864368438721
cachegen_disk,1772732821.481662,7.5886,515.141361951828
cachegen_disk,1772732821.633338,7.5886,515.2930378913879
cachegen_disk,1772732822.024732,7.5886,515.6844320297241
cachegen_disk,1772732822.182057,7.5886,515.8417568206787
cachegen_disk,1772732822.299275,7.5886,515.9589748382568
cachegen_disk,1772732822.472468,7.5886,516.1321678161621
cachegen_disk,1772732822.578999,7.5886,516.2386989593506
cachegen_disk,1772732822.714999,7.5886,516.3746988773346
cachegen_disk,1772732822.852349,7.5886,516.512048959732
cachegen_disk,1772732822.99028,7.5886,516.6499798297882
cachegen_disk,1772732823.390451,7.5886,517.0501508712769
cachegen_disk,1772732823.529342,7.5886,517.189041852951
cachegen_disk,1772732823.665327,7.5886,517.3250269889832
cachegen_disk,1772732823.822429,7.5886,517.4821288585663
cachegen_disk,1772732823.950129,7.5886,517.6098289489746
cachegen_disk,1772732824.104397,7.5886,517.7640969753265
cachegen_disk,1772732824.225664,7.5886,517.885363817215
cachegen_disk,1772732824.359084,7.5886,518.0187838077545
cachegen_disk,1772732824.497236,7.5886,518.1569359302521
cachegen_disk,1772732824.922035,7.5886,518.5817348957062
cachegen_disk,1772732825.058045,7.5886,518.7177448272705
cachegen_disk,1772732825.19484,7.5886,518.8545398712158
cachegen_disk,1772732825.336196,7.5886,518.9958958625793
cachegen_disk,1772732825.514672,7.5886,519.1743719577789
cachegen_disk,1772732825.6316,7.5886,519.2912998199463
cachegen_disk,1772732825.769656,7.5886,519.4293558597565
cachegen_disk,1772732825.910595,7.5886,519.5702948570251
cachegen_disk,1772732826.357222,7.5886,520.0169219970703
cachegen_disk,1772732826.499279,7.5886,520.1589789390564
cachegen_disk,1772732826.633724,7.5886,520.2934238910675
cachegen_disk,1772732826.772909,7.5886,520.4326088428497
cachegen_disk,1772732826.928207,7.5886,520.5879068374634
cachegen_disk,1772732827.066926,7.5886,520.726625919342
cachegen_disk,1772732827.203659,7.5886,520.8633589744568
cachegen_disk,1772732827.607587,7.5886,521.2672870159149
cachegen_disk,1772732827.716672,7.5886,521.3763718605042
cachegen_disk,1772732827.8543,7.5886,521.5139999389648
cachegen_disk,1772732828.008451,7.5886,521.6681509017944
cachegen_disk,1772732828.148021,7.5886,521.8077208995819
cachegen_disk,1772732828.26592,7.5886,521.925619840622
cachegen_disk,1772732828.403767,7.5886,522.0634670257568
cachegen_disk,1772732828.538951,7.5886,522.1986508369446
cachegen_disk,1772732829.022814,7.5886,522.6825139522552
cachegen_disk,1772732829.126413,7.5886,522.7861130237579
cachegen_disk,1772732829.262923,7.5886,522.9226229190826
cachegen_disk,1772732829.403163,7.5886,523.0628628730774
cachegen_disk,1772732829.556584,7.5886,523.2162837982178
cachegen_disk,1772732829.69141,7.5886,523.3511099815369
cachegen_disk,1772732829.852839,7.5886,523.5125389099121
cachegen_disk,1772732830.008519,7.5886,523.6682188510895
cachegen_disk,1772732830.405221,7.5886,524.0649209022522
cachegen_disk,1772732830.52427,7.5886,524.1839699745178
cachegen_disk,1772732830.66183,7.5886,524.3215298652649
cachegen_disk,1772732830.798799,7.5886,524.458498954773
cachegen_disk,1772732830.944606,7.5886,524.6043059825897
cachegen_disk,1772732831.119684,7.5886,524.7793838977814
cachegen_disk,1772732831.234019,7.5886,524.893718957901
cachegen_disk,1772732831.639629,7.5886,525.2993288040161
cachegen_disk,1772732831.779295,7.5886,525.438994884491
cachegen_disk,1772732831.92528,7.5886,525.5849800109863
cachegen_disk,1772732832.057208,7.5886,525.7169079780579
cachegen_disk,1772732832.202107,7.5886,525.8618068695068
cachegen_disk,1772732832.341372,7.5886,526.0010719299316
cachegen_disk,1772732832.47641,7.5886,526.136109828949
cachegen_disk,1772732832.89672,7.5886,526.5564198493958
cachegen_disk,1772732833.051024,7.5886,526.7107238769531
cachegen_disk,1772732833.174796,7.5886,526.8344960212708
cachegen_disk,1772732833.326914,7.5886,526.9866139888763
cachegen_disk,1772732833.452913,7.5886,527.1126129627228
cachegen_disk,1772732833.587821,7.5886,527.2475209236145
cachegen_disk,1772732833.747926,7.5886,527.40762591362
cachegen_disk,1772732833.886547,7.5886,527.5462470054626
cachegen_disk,1772732834.026985,7.5886,527.686684846878
cachegen_disk,1772732834.167787,7.5886,527.8274869918823
cachegen_disk,1772732834.559253,7.5886,528.2189528942108
cachegen_disk,1772732834.698337,7.5886,528.3580369949341
cachegen_disk,1772732834.834818,7.5886,528.4945178031921
cachegen_disk,1772732834.972372,7.5886,528.6320719718933
cachegen_disk,1772732835.111813,7.5886,528.7715129852295
cachegen_disk,1772732835.24785,7.5886,528.9075498580933
cachegen_disk,1772732835.389553,7.5886,529.049252986908
cachegen_disk,1772732835.540622,7.5886,529.2003219127655
cachegen_disk,1772732835.692808,7.5886,529.3525078296661
cachegen_disk,1772732836.068579,7.5886,529.728278875351
cachegen_disk,1772732836.209317,7.5886,529.8690168857574
cachegen_disk,1772732836.34694,7.5886,530.006639957428
cachegen_disk,1772732836.490856,7.5886,530.1505558490753
cachegen_disk,1772732836.629744,7.5886,530.2894439697266
cachegen_disk,1772732836.786801,7.5886,530.4465010166168
cachegen_disk,1772732836.91081,7.5886,530.5705099105835
cachegen_disk,1772732837.046596,7.5886,530.706295967102
cachegen_disk,1772732837.456149,7.5886,531.1158490180969
cachegen_disk,1772732837.612834,7.5886,531.2725338935852
cachegen_disk,1772732837.733102,7.5886,531.3928020000458
cachegen_disk,1772732837.884803,7.5886,531.5445029735565
cachegen_disk,1772732838.012266,7.5886,531.6719658374786
cachegen_disk,1772732838.147629,7.5886,531.8073289394379
cachegen_disk,1772732838.288965,7.5886,531.9486649036407
cachegen_disk,1772732838.431202,7.5886,532.090901851654
cachegen_disk,1772732838.864549,7.5886,532.5242488384247
cachegen_disk,1772732838.984055,7.5886,532.6437549591064
cachegen_disk,1772732839.119826,7.5886,532.7795259952545
cachegen_disk,1772732839.260899,7.5886,532.9205989837646
cachegen_disk,1772732839.413735,7.5886,533.0734348297119
cachegen_disk,1772732839.554917,7.5886,533.2146170139313
cachegen_disk,1772732839.711766,7.5886,533.371465921402
cachegen_disk,1772732839.837065,7.5886,533.4967648983002
cachegen_disk,1772732840.263478,7.5886,533.9231779575348
cachegen_disk,1772732840.395998,7.5886,534.0556979179382
cachegen_disk,1772732840.517123,7.5886,534.1768229007721
cachegen_disk,1772732840.671126,7.5886,534.3308258056641
cachegen_disk,1772732840.827049,7.5886,534.4867489337921
cachegen_disk,1772732840.954603,7.5886,534.6143028736115
cachegen_disk,1772732841.12847,7.5886,534.7881698608398
cachegen_disk,1772732841.236662,7.5886,534.8963618278503
cachegen_disk,1772732841.652271,7.5886,535.311970949173
cachegen_disk,1772732841.784986,7.5886,535.4446859359741
cachegen_disk,1772732841.925143,7.5886,535.5848429203033
cachegen_disk,1772732842.062137,7.5886,535.7218368053436
cachegen_disk,1772732842.217605,7.5886,535.8773050308228
cachegen_disk,1772732842.340765,7.5886,536.0004649162292
cachegen_disk,1772732842.496353,7.5886,536.1560528278351
cachegen_disk,1772732842.634478,7.5886,536.2941780090332
cachegen_disk,1772732843.063682,7.5886,536.7233819961548
cachegen_disk,1772732843.164159,7.5886,536.8238589763641
cachegen_disk,1772732843.277761,7.5886,536.937460899353
cachegen_disk,1772732843.430332,7.5886,537.0900318622589
cachegen_disk,1772732843.569282,7.5886,537.2289819717407
cachegen_disk,1772732843.708458,7.5886,537.368157863617
cachegen_disk,1772732843.848788,7.5886,537.5084879398346
cachegen_disk,1772732843.988537,7.5886,537.648236989975
cachegen_disk,1772732844.391674,7.5886,538.0513739585876
cachegen_disk,1772732844.530609,7.5886,538.1903088092804
cachegen_disk,1772732844.670541,7.5886,538.3302409648895
cachegen_disk,1772732844.807331,7.5886,538.4670310020447
cachegen_disk,1772732844.943684,7.5886,538.6033840179443
cachegen_disk,1772732845.080732,7.5886,538.7404320240021
cachegen_disk,1772732845.21598,7.5886,538.8756799697876
cachegen_disk,1772732845.364974,7.5886,539.0246739387512
cachegen_disk,1772732845.901081,7.5886,539.5607810020447
cachegen_disk,1772732846.027631,7.5886,539.6873309612274
cachegen_disk,1772732846.166247,7.5886,539.8259468078613
cachegen_disk,1772732846.336621,7.5886,539.9963209629059
cachegen_disk,1772732846.473301,7.5886,540.1330008506775
cachegen_disk,1772732846.596388,7.5886,540.2560880184174
cachegen_disk,1772732846.732999,7.5886,540.3926990032196
cachegen_disk,1772732846.874203,7.5886,540.5339028835297
cachegen_disk,1772732847.306924,7.5886,540.9666240215302
cachegen_disk,1772732847.440774,7.5886,541.1004738807678
cachegen_disk,1772732847.578738,7.5886,541.2384378910065
cachegen_disk,1772732847.747646,7.5886,541.4073460102081
cachegen_disk,1772732847.90126,7.5886,541.560959815979
cachegen_disk,1772732848.040248,7.5886,541.6999478340149
cachegen_disk,1772732848.176629,7.5886,541.8363289833069
cachegen_disk,1772732848.312598,7.5886,541.9722979068756
cachegen_disk,1772732848.716737,7.5886,542.3764369487762
cachegen_disk,1772732848.853252,7.5886,542.5129518508911
cachegen_disk,1772732849.015762,7.5886,542.6754620075226
cachegen_disk,1772732849.140265,7.5886,542.7999649047852
cachegen_disk,1772732849.288813,7.5886,542.9485130310059
cachegen_disk,1772732849.426384,7.5886,543.0860838890076
cachegen_disk,1772732849.56499,7.5886,543.2246899604797
cachegen_disk,1772732849.945308,7.5886,543.6050078868866
cachegen_disk,1772732850.086838,7.5886,543.7465379238129
cachegen_disk,1772732850.243427,7.5886,543.9031269550323
cachegen_disk,1772732850.373406,7.5886,544.0331058502197
cachegen_disk,1772732850.503068,7.5886,544.1627678871155
cachegen_disk,1772732850.641988,7.5886,544.3016879558563
cachegen_disk,1772732850.797659,7.5886,544.4573588371277
cachegen_disk,1772732850.947922,7.5886,544.6076219081879
cachegen_disk,1772732851.324686,7.5886,544.9843859672546
cachegen_disk,1772732851.465958,7.5886,545.1256580352783
cachegen_disk,1772732851.603372,7.5886,545.263072013855
cachegen_disk,1772732851.772281,7.5886,545.4319808483124
cachegen_disk,1772732851.88307,7.5886,545.542769908905
cachegen_disk,1772732852.018079,7.5886,545.6777789592743
cachegen_disk,1772732852.176961,7.5886,545.836660861969
cachegen_disk,1772732852.313287,7.5886,545.9729869365692
cachegen_disk,1772732852.739302,7.5886,546.3990018367767
cachegen_disk,1772732852.844721,7.5886,546.5044209957123
cachegen_disk,1772732852.984061,7.5886,546.6437609195709
cachegen_disk,1772732853.137549,7.5886,546.797248840332
cachegen_disk,1772732853.295167,7.5886,546.9548668861389
cachegen_disk,1772732853.415542,7.5886,547.0752418041229
cachegen_disk,1772732853.555621,7.5886,547.2153208255768
cachegen_disk,1772732853.688801,7.5886,547.3485009670258
cachegen_disk,1772732853.827039,7.5886,547.4867389202118
cachegen_disk,1772732854.242578,7.5886,547.9022779464722
cachegen_disk,1772732854.383375,7.5886,548.0430748462677
cachegen_disk,1772732854.540224,7.5886,548.199923992157
cachegen_disk,1772732854.665377,7.5886,548.3250768184662
cachegen_disk,1772732854.82367,7.5886,548.4833698272705
cachegen_disk,1772732854.945542,7.5886,548.6052420139313
cachegen_disk,1772732855.089518,7.5886,548.7492179870605
cachegen_disk,1772732855.490007,7.5886,549.1497068405151
cachegen_disk,1772732855.626732,7.5886,549.2864320278168
cachegen_disk,1772732855.773397,7.5886,549.4330968856812
cachegen_disk,1772732855.925855,7.5886,549.5855548381805
cachegen_disk,1772732856.064863,7.5886,549.7245628833771
cachegen_disk,1772732856.204906,7.5886,549.8646059036255
cachegen_disk,1772732856.347985,7.5886,550.0076849460602
cachegen_disk,1772732856.505386,7.5886,550.1650860309601
cachegen_disk,1772732856.916144,7.5886,550.5758438110352
cachegen_disk,1772732857.038387,7.5886,550.698086977005
cachegen_disk,1772732857.201962,7.5886,550.8616619110107
cachegen_disk,1772732857.338655,7.5886,550.9983549118042
cachegen_disk,1772732857.480666,7.5886,551.1403658390045
cachegen_disk,1772732857.637259,7.5886,551.2969589233398
cachegen_disk,1772732857.765408,7.5886,551.4251079559326
cachegen_disk,1772732857.909329,7.5886,551.5690288543701
cachegen_disk,1772732858.337474,7.5886,551.9971740245819
cachegen_disk,1772732858.473989,7.5886,552.1336889266968
cachegen_disk,1772732858.628226,7.5886,552.2879259586334
cachegen_disk,1772732858.754397,7.5886,552.4140968322754
cachegen_disk,1772732858.910661,7.5886,552.5703608989716
cachegen_disk,1772732859.049101,7.5886,552.7088010311127
cachegen_disk,1772732859.188476,7.5886,552.8481760025024
cachegen_disk,1772732859.329788,7.5886,552.9894878864288
cachegen_disk,1772732859.470266,7.5886,553.1299660205841
cachegen_disk,1772732859.861615,7.5886,553.5213148593903
cachegen_disk,1772732859.999674,7.5886,553.659373998642
cachegen_disk,1772732860.137832,7.5886,553.7975318431854
cachegen_disk,1772732860.276748,7.5886,553.9364478588104
cachegen_disk,1772732860.41581,7.5886,554.0755100250244
cachegen_disk,1772732860.552689,7.5886,554.2123889923096
cachegen_disk,1772732860.714025,7.5886,554.373724937439
cachegen_disk,1772732860.83436,7.5886,554.4940598011017
cachegen_disk,1772732861.269456,7.5886,554.9291558265686
cachegen_disk,1772732861.370111,7.5886,555.0298109054565
cachegen_disk,1772732861.518821,7.5886,555.1785209178925
cachegen_disk,1772732861.641699,7.5886,555.3013989925385
cachegen_disk,1772732861.782776,7.5886,555.4424760341644
cachegen_disk,1772732861.918146,7.5886,555.5778458118439
cachegen_disk,1772732862.077233,7.5886,555.7369329929352
cachegen_disk,1772732862.264878,7.5886,555.9245779514313
cachegen_disk,1772732862.629659,7.5886,556.2893588542938
cachegen_disk,1772732862.768624,7.5886,556.4283239841461
cachegen_disk,1772732862.924296,7.5886,556.5839958190918
cachegen_disk,1772732863.04703,7.5886,556.706729888916
cachegen_disk,1772732863.188945,7.5886,556.8486449718475
cachegen_disk,1772732863.345153,7.5886,557.0048530101776
cachegen_disk,1772732863.468391,7.5886,557.1280908584595
cachegen_disk,1772732863.872671,7.5886,557.5323708057404
cachegen_disk,1772732864.017633,7.5886,557.6773328781128
cachegen_disk,1772732864.150911,7.5886,557.8106110095978
cachegen_disk,1772732864.308056,7.5886,557.9677560329437
cachegen_disk,1772732864.446692,7.5886,558.1063919067383
cachegen_disk,1772732864.616427,7.5886,558.2761268615723
cachegen_disk,1772732864.749022,7.5886,558.4087219238281
cachegen_disk,1772732864.889362,7.5886,558.5490620136261
cachegen_disk,1772732865.265109,7.5886,558.9248089790344
cachegen_disk,1772732865.404138,7.5886,559.0638380050659
cachegen_disk,1772732865.540536,7.5886,559.2002358436584
cachegen_disk,1772732865.704943,7.5886,559.3646428585052
cachegen_disk,1772732865.844441,7.5886,559.5041408538818
cachegen_disk,1772732865.982376,7.5886,559.6420760154724
cachegen_disk,1772732866.12119,7.5886,559.7808899879456
cachegen_disk,1772732866.553819,7.5886,560.2135188579559
cachegen_disk,1772732866.65937,7.5886,560.3190698623657
cachegen_disk,1772732866.790579,7.5886,560.4502789974213
cachegen_disk,1772732866.945668,7.5886,560.605367898941
cachegen_disk,1772732867.07266,7.5886,560.7323598861694
cachegen_disk,1772732867.211783,7.5886,560.8714828491211
cachegen_disk,1772732867.371238,7.5886,561.03093791008
cachegen_disk,1772732867.562206,7.5886,561.2219059467316
cachegen_disk,1772732867.913303,7.5886,561.5730028152466
cachegen_disk,1772732868.05718,7.5886,561.7168798446655
cachegen_disk,1772732868.189866,7.5886,561.8495659828186
cachegen_disk,1772732868.329897,7.5886,561.9895968437195
cachegen_disk,1772732868.472975,7.5886,562.1326749324799
cachegen_disk,1772732868.624695,7.5886,562.2843949794769
cachegen_disk,1772732868.782103,7.5886,562.4418029785156
cachegen_disk,1772732868.90988,7.5886,562.5695798397064
cachegen_disk,1772732869.326051,7.5886,562.98575091362
cachegen_disk,1772732869.464456,7.5886,563.12415599823
cachegen_disk,1772732869.609349,7.5886,563.2690489292145
cachegen_disk,1772732869.740396,7.5886,563.4000959396362
cachegen_disk,1772732869.879102,7.5886,563.538801908493
cachegen_disk,1772732870.038141,7.5886,563.6978409290314
cachegen_disk,1772732870.210482,7.5886,563.8701817989349
cachegen_disk,1772732870.338665,7.5886,563.9983649253845
cachegen_disk,1772732870.769582,7.5886,564.429281949997
cachegen_disk,1772732870.900169,7.5886,564.559868812561
cachegen_disk,1772732871.038146,7.5886,564.6978459358215
cachegen_disk,1772732871.201185,7.5886,564.8608849048615
cachegen_disk,1772732871.323164,7.5886,564.9828639030457
cachegen_disk,1772732871.474195,7.5886,565.1338949203491
cachegen_disk,1772732871.611918,7.5886,565.2716178894043
cachegen_disk,1772732871.784984,7.5886,565.4446840286255
cachegen_disk,1772732872.198237,7.5886,565.8579368591309
cachegen_disk,1772732872.367343,7.5886,566.0270428657532
cachegen_disk,1772732872.491453,7.5886,566.1511528491974
cachegen_disk,1772732872.629012,7.5886,566.2887120246887
cachegen_disk,1772732872.767146,7.5886,566.4268460273743
cachegen_disk,1772732872.905114,7.5886,566.5648138523102
cachegen_disk,1772732873.042279,7.5886,566.7019789218903
cachegen_disk,1772732873.185072,7.5886,566.84477186203
cachegen_disk,1772732873.653557,7.5886,567.3132569789886
cachegen_disk,1772732873.79387,7.5886,567.4535698890686
cachegen_disk,1772732873.934138,7.5886,567.5938379764557
cachegen_disk,1772732874.08991,7.5886,567.7496099472046
cachegen_disk,1772732874.226456,7.5886,567.8861558437347
cachegen_disk,1772732874.377832,7.5886,568.0375318527222
cachegen_disk,1772732874.518242,7.5886,568.1779417991638
cachegen_disk,1772732874.970814,7.5886,568.6305139064789
cachegen_disk,1772732875.110329,7.5886,568.7700288295746
cachegen_disk,1772732875.248675,7.5886,568.9083750247955
cachegen_disk,1772732875.386936,7.5886,569.0466358661652
cachegen_disk,1772732875.539871,7.5886,569.1995708942413
cachegen_disk,1772732875.676287,7.5886,569.3359868526459
cachegen_disk,1772732875.836181,7.5886,569.4958808422089
cachegen_disk,1772732875.954925,7.5886,569.6146249771118
cachegen_disk,1772732876.50479,7.5886,570.1644899845123
cachegen_disk,1772732876.610584,7.5886,570.2702839374542
cachegen_disk,1772732876.74084,7.5886,570.4005398750305
cachegen_disk,1772732876.881999,7.5886,570.5416989326477
cachegen_disk,1772732877.027991,7.5886,570.6876909732819
cachegen_disk,1772732877.169308,7.5886,570.8290078639984
cachegen_disk,1772732877.329136,7.5886,570.988835811615
cachegen_disk,1772732877.45546,7.5886,571.1151599884033
cachegen_disk,1772732877.862307,7.5886,571.5220069885254
cachegen_disk,1772732878.02054,7.5886,571.6802399158478
cachegen_disk,1772732878.145146,7.5886,571.8048458099365
cachegen_disk,1772732878.29656,7.5886,571.9562599658966
cachegen_disk,1772732878.427861,7.5886,572.0875608921051
cachegen_disk,1772732878.606264,7.5886,572.2659640312195
cachegen_disk,1772732878.726576,7.5886,572.3862760066986
cachegen_disk,1772732878.872488,7.5886,572.5321879386902
cachegen_disk,1772732879.241617,7.5886,572.9013168811798
cachegen_disk,1772732879.380395,7.5886,573.0400948524475
cachegen_disk,1772732879.538481,7.5886,573.1981809139252
cachegen_disk,1772732879.663991,7.5886,573.3236908912659
cachegen_disk,1772732879.803016,7.5886,573.4627158641815
cachegen_disk,1772732879.948605,7.5886,573.608304977417
cachegen_disk,1772732880.08514,7.5886,573.7448399066925
cachegen_disk,1772732880.225955,7.5886,573.8856549263
cachegen_disk,1772732880.653215,7.5886,574.3129148483276
cachegen_disk,1772732880.793925,7.5886,574.4536249637604
cachegen_disk,1772732880.922937,7.5886,574.5826368331909
cachegen_disk,1772732881.077215,7.5886,574.7369148731232
cachegen_disk,1772732881.23449,7.5886,574.8941898345947
cachegen_disk,1772732881.359758,7.5886,575.0194578170776
cachegen_disk,1772732881.499183,7.5886,575.158882856369
cachegen_disk,1772732881.92145,7.5886,575.5811498165131
cachegen_disk,1772732882.064686,7.5886,575.7243859767914
cachegen_disk,1772732882.205496,7.5886,575.8651959896088
cachegen_disk,1772732882.34843,7.5886,576.0081298351288
cachegen_disk,1772732882.486902,7.5886,576.1466019153595
cachegen_disk,1772732882.627751,7.5886,576.2874510288239
cachegen_disk,1772732882.789996,7.5886,576.4496958255768
cachegen_disk,1772732882.912865,7.5886,576.5725648403168
cachegen_disk,1772732883.311211,7.5886,576.970911026001
cachegen_disk,1772732883.449048,7.5886,577.108747959137
cachegen_disk,1772732883.586421,7.5886,577.246120929718
cachegen_disk,1772732883.726316,7.5886,577.3860158920288
cachegen_disk,1772732883.864212,7.5886,577.5239119529724
cachegen_disk,1772732884.023036,7.5886,577.6827359199524
cachegen_disk,1772732884.142924,7.5886,577.8026239871979
cachegen_disk,1772732884.541749,7.5886,578.2014489173889
cachegen_disk,1772732884.682717,7.5886,578.3424170017242
cachegen_disk,1772732884.830017,7.5886,578.4897170066833
cachegen_disk,1772732884.962072,7.5886,578.621771812439
cachegen_disk,1772732885.1187,7.5886,578.7783999443054
cachegen_disk,1772732885.27932,7.5886,578.9390199184418
cachegen_disk,1772732885.403014,7.5886,579.0627138614655
cachegen_disk,1772732885.811032,7.5886,579.4707319736481
cachegen_disk,1772732885.950251,7.5886,579.6099510192871
cachegen_disk,1772732886.091666,7.5886,579.7513659000397
cachegen_disk,1772732886.231294,7.5886,579.8909938335419
cachegen_disk,1772732886.370306,7.5886,580.0300059318542
cachegen_disk,1772732886.514169,7.5886,580.173868894577
cachegen_disk,1772732886.689528,7.5886,580.3492279052734
cachegen_disk,1772732886.7996,7.5886,580.4592998027802
cachegen_disk,1772732887.222452,7.5886,580.8821518421173
cachegen_disk,1772732887.362013,7.5886,581.0217130184174
cachegen_disk,1772732887.53323,7.5886,581.192929983139
cachegen_disk,1772732887.643088,7.5886,581.3027880191803
cachegen_disk,1772732887.815254,7.5886,581.4749538898468
cachegen_disk,1772732887.956203,7.5886,581.6159029006958
cachegen_disk,1772732888.097196,7.5886,581.7568960189819
cachegen_disk,1772732888.25429,7.5886,581.913990020752
cachegen_disk,1772732888.651422,7.5886,582.3111219406128
cachegen_disk,1772732888.790724,7.5886,582.4504239559174
cachegen_disk,1772732888.927799,7.5886,582.5874989032745
cachegen_disk,1772732889.070725,7.5886,582.7304248809814
cachegen_disk,1772732889.213534,7.5886,582.8732340335846
cachegen_disk,1772732889.372385,7.5886,583.032084941864
cachegen_disk,1772732889.49355,7.5886,583.1532499790192
cachegen_disk,1772732889.963684,7.5886,583.6233839988708
cachegen_disk,1772732890.117633,7.5886,583.7773330211639
cachegen_disk,1772732890.240439,7.5886,583.9001388549805
cachegen_disk,1772732890.37876,7.5886,584.0384600162506
cachegen_disk,1772732890.518174,7.5886,584.1778738498688
cachegen_disk,1772732890.676667,7.5886,584.336366891861
cachegen_disk,1772732890.865702,7.5886,584.5254018306732
cachegen_disk,1772732890.969919,7.5886,584.6296188831329
cachegen_disk,1772732891.379295,7.5886,585.0389950275421
cachegen_disk,1772732891.507347,7.5886,585.1670470237732
cachegen_disk,1772732891.645473,7.5886,585.305172920227
cachegen_disk,1772732891.799507,7.5886,585.4592068195343
cachegen_disk,1772732891.939493,7.5886,585.5991928577423
cachegen_disk,1772732892.076775,7.5886,585.7364749908447
cachegen_disk,1772732892.219181,7.5886,585.8788809776306
cachegen_disk,1772732892.647515,7.5886,586.307214975357
cachegen_disk,1772732892.772137,7.5886,586.4318368434906
cachegen_disk,1772732892.895325,7.5886,586.5550248622894
cachegen_disk,1772732893.037084,7.5886,586.6967840194702
cachegen_disk,1772732893.179013,7.5886,586.8387129306793
cachegen_disk,1772732893.333604,7.5886,586.9933040142059
cachegen_disk,1772732893.474747,7.5886,587.1344468593597
cachegen_disk,1772732893.614481,7.5886,587.2741808891296
cachegen_disk,1772732894.029325,7.5886,587.6890249252319
cachegen_disk,1772732894.173159,7.5886,587.8328588008881
cachegen_disk,1772732894.313284,7.5886,587.9729838371277
cachegen_disk,1772732894.488871,7.5886,588.1485710144043
cachegen_disk,1772732894.597341,7.5886,588.257040977478
cachegen_disk,1772732894.738249,7.5886,588.3979489803314
cachegen_disk,1772732894.880579,7.5886,588.5402789115906
cachegen_disk,1772732895.021282,7.5886,588.6809818744659
cachegen_disk,1772732895.41816,7.5886,589.07785987854
cachegen_disk,1772732895.559977,7.5886,589.2196769714355
cachegen_disk,1772732895.730665,7.5886,589.3903648853302
cachegen_disk,1772732895.853318,7.5886,589.5130178928375
cachegen_disk,1772732896.00799,7.5886,589.6676898002625
cachegen_disk,1772732896.130831,7.5886,589.7905309200287
cachegen_disk,1772732896.268724,7.5886,589.9284238815308
cachegen_disk,1772732896.717539,7.5886,590.3772389888763
cachegen_disk,1772732896.86126,7.5886,590.520959854126
cachegen_disk,1772732897.016194,7.5886,590.6758940219879
cachegen_disk,1772732897.139977,7.5886,590.7996768951416
cachegen_disk,1772732897.278921,7.5886,590.9386208057404
cachegen_disk,1772732897.420167,7.5886,591.0798668861389
cachegen_disk,1772732897.559412,7.5886,591.2191119194031
cachegen_disk,1772732897.699316,7.5886,591.3590159416199
cachegen_disk,1772732898.293434,7.5886,591.9531338214874
cachegen_disk,1772732898.454638,7.5886,592.1143379211426
cachegen_disk,1772732898.5973,7.5886,592.2569999694824
cachegen_disk,1772732898.737943,7.5886,592.3976428508759
cachegen_disk,1772732898.896453,7.5886,592.5561528205872
cachegen_disk,1772732899.021725,7.5886,592.6814248561859
cachegen_disk,1772732899.162774,7.5886,592.8224740028381
cachegen_disk,1772732899.576362,7.5886,593.2360618114471
cachegen_disk,1772732899.716972,7.5886,593.3766720294952
cachegen_disk,1772732899.856205,7.5886,593.5159049034119
cachegen_disk,1772732899.991964,7.5886,593.651664018631
cachegen_disk,1772732900.134912,7.5886,593.7946119308472
cachegen_disk,1772732900.318218,7.5886,593.9779179096222
cachegen_disk,1772732900.47501,7.5886,594.1347098350525
cachegen_disk,1772732900.582526,7.5886,594.2422258853912
cachegen_disk,1772732901.062152,7.5886,594.7218518257141
cachegen_disk,1772732901.216992,7.5886,594.8766918182373
cachegen_disk,1772732901.337328,7.5886,594.9970278739929
cachegen_disk,1772732901.511147,7.5886,595.1708469390869
cachegen_disk,1772732901.638006,7.5886,595.2977058887482
cachegen_disk,1772732901.800155,7.5886,595.4598548412323
cachegen_disk,1772732901.922957,7.5886,595.5826568603516
cachegen_disk,1772732902.298353,7.5886,595.9580528736115
cachegen_disk,1772732902.455451,7.5886,596.1151509284973
cachegen_disk,1772732902.579822,7.5886,596.2395219802856
cachegen_disk,1772732902.721708,7.5886,596.3814079761505
cachegen_disk,1772732902.860152,7.5886,596.5198519229889
cachegen_disk,1772732903.003062,7.5886,596.662761926651
cachegen_disk,1772732903.154297,7.5886,596.8139970302582
cachegen_disk,1772732903.285347,7.5886,596.9450469017029
cachegen_disk,1772732903.706687,7.5886,597.3663868904114
cachegen_disk,1772732903.851084,7.5886,597.5107839107513
cachegen_disk,1772732903.992042,7.5886,597.6517419815063
cachegen_disk,1772732904.131165,7.5886,597.790864944458
cachegen_disk,1772732904.271811,7.5886,597.931510925293
cachegen_disk,1772732904.432965,7.5886,598.0926649570465
cachegen_disk,1772732904.587746,7.5886,598.2474458217621
cachegen_disk,1772732904.983637,7.5886,598.6433370113373
cachegen_disk,1772732905.127536,7.5886,598.7872359752655
cachegen_disk,1772732905.283694,7.5886,598.943393945694
cachegen_disk,1772732905.457924,7.5886,599.1176238059998
cachegen_disk,1772732905.612452,7.5886,599.2721519470215
cachegen_disk,1772732905.756449,7.5886,599.4161489009857
cachegen_disk,1772732905.884858,7.5886,599.5445578098297
cachegen_disk,1772732906.024002,7.5886,599.6837019920349
cachegen_dram_disk,1772733383.85708,7.0397,7.987022399902344e-05
cachegen_dram_disk,1772733383.98752,7.0397,0.13051986694335938
cachegen_dram_disk,1772733384.111794,7.0397,0.2547938823699951
cachegen_dram_disk,1772733384.219874,7.0397,0.36287379264831543
cachegen_dram_disk,1772733384.331403,7.0397,0.47440290451049805
cachegen_dram_disk,1772733384.441414,7.0768,0.584414005279541
cachegen_dram_disk,1772733384.54857,7.0768,0.6915698051452637
cachegen_dram_disk,1772733384.675175,7.0768,0.8181748390197754
cachegen_dram_disk,1772733384.800375,7.0768,0.9433748722076416
cachegen_dram_disk,1772733384.942166,7.0768,1.0851659774780273
cachegen_dram_disk,1772733385.074407,7.0768,1.217406988143921
cachegen_dram_disk,1772733385.201836,7.0768,1.3448359966278076
cachegen_dram_disk,1772733385.303694,7.0768,1.4466938972473145
cachegen_dram_disk,1772733385.43439,7.0768,1.5773899555206299
cachegen_dram_disk,1772733385.553375,7.0768,1.6963748931884766
cachegen_dram_disk,1772733385.686222,7.0807,1.8292219638824463
cachegen_dram_disk,1772733385.792037,7.5964,1.9350368976593018
cachegen_dram_disk,1772733385.902263,7.5964,2.0452628135681152
cachegen_dram_disk,1772733386.012158,7.5964,2.1551578044891357
cachegen_dram_disk,1772733386.122278,7.5964,2.265277862548828
cachegen_dram_disk,1772733386.232287,7.5964,2.375286817550659
cachegen_dram_disk,1772733386.344933,7.5964,2.4879329204559326
cachegen_dram_disk,1772733386.454395,7.5964,2.5973949432373047
cachegen_dram_disk,1772733386.565015,7.5964,2.708014965057373
cachegen_dram_disk,1772733386.674695,7.5964,2.817694902420044
cachegen_dram_disk,1772733386.787258,7.5964,2.930257797241211
cachegen_dram_disk,1772733386.920502,7.5964,3.0635018348693848
cachegen_dram_disk,1772733387.022919,7.5964,3.1659188270568848
cachegen_dram_disk,1772733387.13932,7.5964,3.2823197841644287
cachegen_dram_disk,1772733387.248795,7.5964,3.3917949199676514
cachegen_dram_disk,1772733387.360455,7.5964,3.5034549236297607
cachegen_dram_disk,1772733387.471918,7.5964,3.6149179935455322
cachegen_dram_disk,1772733387.58584,7.5964,3.728839874267578
cachegen_dram_disk,1772733387.694025,7.5964,3.8370249271392822
cachegen_dram_disk,1772733387.807525,7.5964,3.9505248069763184
cachegen_dram_disk,1772733387.915753,7.5964,4.058752775192261
cachegen_dram_disk,1772733388.043435,7.5964,4.186434984207153
cachegen_dram_disk,1772733388.15069,7.5964,4.293689966201782
cachegen_dram_disk,1772733388.260239,7.5964,4.403238773345947
cachegen_dram_disk,1772733388.434441,7.5964,4.577440977096558
cachegen_dram_disk,1772733388.545975,7.5964,4.688974857330322
cachegen_dram_disk,1772733388.740607,7.5964,4.883606910705566
cachegen_dram_disk,1772733388.851891,7.5964,4.994890928268433
cachegen_dram_disk,1772733388.961941,7.5964,5.104940891265869
cachegen_dram_disk,1772733389.069079,7.5964,5.212078809738159
cachegen_dram_disk,1772733389.430187,7.5964,5.573186874389648
cachegen_dram_disk,1772733391.536243,7.5983,7.679242849349976
cachegen_dram_disk,1772733391.654059,7.5983,7.797058820724487
cachegen_dram_disk,1772733391.887301,7.5983,8.030300855636597
cachegen_dram_disk,1772733392.368623,7.6003,8.511622905731201
cachegen_dram_disk,1772733392.497272,7.6003,8.64027190208435
cachegen_dram_disk,1772733392.616399,7.6003,8.759398937225342
cachegen_dram_disk,1772733392.730363,7.6003,8.87336277961731
cachegen_dram_disk,1772733392.838114,7.6003,8.981113910675049
cachegen_dram_disk,1772733392.947881,7.6003,9.090880870819092
cachegen_dram_disk,1772733393.058484,7.6003,9.201483964920044
cachegen_dram_disk,1772733393.170775,7.6003,9.313774824142456
cachegen_dram_disk,1772733393.280527,7.6003,9.423527002334595
cachegen_dram_disk,1772733393.388557,7.6003,9.531556844711304
cachegen_dram_disk,1772733393.500673,7.6003,9.643672943115234
cachegen_dram_disk,1772733393.610341,7.6003,9.75334095954895
cachegen_dram_disk,1772733393.720015,7.6003,9.863014936447144
cachegen_dram_disk,1772733393.830964,7.6003,9.973963975906372
cachegen_dram_disk,1772733393.944214,7.6003,10.08721399307251
cachegen_dram_disk,1772733394.053081,7.6003,10.196080923080444
cachegen_dram_disk,1772733394.17755,7.6003,10.320549964904785
cachegen_dram_disk,1772733394.284614,7.6003,10.427613973617554
cachegen_dram_disk,1772733394.398063,7.6003,10.541062831878662
cachegen_dram_disk,1772733394.50651,7.6003,10.649509906768799
cachegen_dram_disk,1772733394.617712,7.6003,10.760711908340454
cachegen_dram_disk,1772733394.727353,7.6003,10.870352983474731
cachegen_dram_disk,1772733394.854751,7.6003,10.997750997543335
cachegen_dram_disk,1772733394.986866,7.6003,11.129865884780884
cachegen_dram_disk,1772733395.089541,7.6003,11.232540845870972
cachegen_dram_disk,1772733395.201233,7.6003,11.34423279762268
cachegen_dram_disk,1772733395.30922,7.6003,11.45221996307373
cachegen_dram_disk,1772733395.418944,7.6003,11.561943769454956
cachegen_dram_disk,1772733395.529684,7.6003,11.672683954238892
cachegen_dram_disk,1772733395.655516,7.6003,11.798515796661377
cachegen_dram_disk,1772733395.812995,7.6003,11.955994844436646
cachegen_dram_disk,1772733395.918793,7.6003,12.061792850494385
cachegen_dram_disk,1772733396.035694,7.6003,12.178693771362305
cachegen_dram_disk,1772733396.145116,7.6003,12.288115978240967
cachegen_dram_disk,1772733396.257376,7.6003,12.400375843048096
cachegen_dram_disk,1772733396.402491,7.6003,12.545490980148315
cachegen_dram_disk,1772733396.524033,7.6003,12.667032957077026
cachegen_dram_disk,1772733396.657691,7.6003,12.80069088935852
cachegen_dram_disk,1772733396.768891,7.6003,12.911890983581543
cachegen_dram_disk,1772733396.920226,7.6003,13.063225984573364
cachegen_dram_disk,1772733397.02198,7.6003,13.164979934692383
cachegen_dram_disk,1772733397.13555,7.6003,13.278549909591675
cachegen_dram_disk,1772733397.247694,7.6003,13.39069390296936
cachegen_dram_disk,1772733397.358471,7.6003,13.501470804214478
cachegen_dram_disk,1772733397.469009,7.6003,13.612008810043335
cachegen_dram_disk,1772733397.582015,7.6003,13.725014925003052
cachegen_dram_disk,1772733397.690234,7.6003,13.833233833312988
cachegen_dram_disk,1772733397.80274,7.6003,13.945739984512329
cachegen_dram_disk,1772733397.917288,7.6003,14.060287952423096
cachegen_dram_disk,1772733398.023229,7.6003,14.166228771209717
cachegen_dram_disk,1772733398.14109,7.6003,14.284089803695679
cachegen_dram_disk,1772733398.253143,7.6003,14.396142959594727
cachegen_dram_disk,1772733398.363971,7.6003,14.506970882415771
cachegen_dram_disk,1772733398.473604,7.6003,14.61660385131836
cachegen_dram_disk,1772733398.588537,7.6003,14.731536865234375
cachegen_dram_disk,1772733398.700199,7.6003,14.843198776245117
cachegen_dram_disk,1772733399.026316,7.6003,15.169315814971924
cachegen_dram_disk,1772733399.139683,7.6003,15.2826828956604
cachegen_dram_disk,1772733399.250108,7.6003,15.393107891082764
cachegen_dram_disk,1772733399.361812,7.6003,15.504812002182007
cachegen_dram_disk,1772733399.471472,7.6003,15.614471912384033
cachegen_dram_disk,1772733399.582606,7.6003,15.725605964660645
cachegen_dram_disk,1772733399.694489,7.6003,15.837488889694214
cachegen_dram_disk,1772733399.802124,7.6003,15.94512391090393
cachegen_dram_disk,1772733399.912246,7.6003,16.055245876312256
cachegen_dram_disk,1772733400.119259,7.6003,16.262259006500244
cachegen_dram_disk,1772733400.269076,7.6003,16.412075996398926
cachegen_dram_disk,1772733400.379736,7.6003,16.522735834121704
cachegen_dram_disk,1772733400.492893,7.6003,16.635892868041992
cachegen_dram_disk,1772733400.602071,7.6003,16.745070934295654
cachegen_dram_disk,1772733400.710526,7.6003,16.8535258769989
cachegen_dram_disk,1772733400.82489,7.6003,16.9678897857666
cachegen_dram_disk,1772733400.932636,7.6003,17.07563591003418
cachegen_dram_disk,1772733401.046342,7.6003,17.18934178352356
cachegen_dram_disk,1772733401.171101,7.6003,17.314100980758667
cachegen_dram_disk,1772733401.309843,7.6003,17.452842950820923
cachegen_dram_disk,1772733401.425476,7.6003,17.56847596168518
cachegen_dram_disk,1772733401.563218,7.6003,17.706218004226685
cachegen_dram_disk,1772733401.667409,7.6003,17.8104088306427
cachegen_dram_disk,1772733401.778882,7.6003,17.921881914138794
cachegen_dram_disk,1772733401.890183,7.6003,18.033182859420776
cachegen_dram_disk,1772733402.000223,7.6003,18.14322280883789
cachegen_dram_disk,1772733402.108044,7.6003,18.251043796539307
cachegen_dram_disk,1772733402.23814,7.6003,18.381139993667603
cachegen_dram_disk,1772733402.469676,7.6003,18.61267590522766
cachegen_dram_disk,1772733402.582421,7.6003,18.72542095184326
cachegen_dram_disk,1772733402.712823,7.6003,18.855822801589966
cachegen_dram_disk,1772733402.824632,7.6003,18.967631816864014
cachegen_dram_disk,1772733402.934855,7.6003,19.077854871749878
cachegen_dram_disk,1772733403.043289,7.6003,19.186288833618164
cachegen_dram_disk,1772733403.154497,7.6003,19.297496795654297
cachegen_dram_disk,1772733403.274822,7.6003,19.417821884155273
cachegen_dram_disk,1772733403.394947,7.6003,19.537946939468384
cachegen_dram_disk,1772733403.508914,7.6003,19.65191388130188
cachegen_dram_disk,1772733403.62688,7.6003,19.769879817962646
cachegen_dram_disk,1772733403.738366,7.6003,19.88136577606201
cachegen_dram_disk,1772733403.846649,7.6003,19.989648818969727
cachegen_dram_disk,1772733404.059831,7.6003,20.20283079147339
cachegen_dram_disk,1772733404.171228,7.6003,20.31422781944275
cachegen_dram_disk,1772733404.279708,7.6003,20.4227077960968
cachegen_dram_disk,1772733404.391844,7.6003,20.534843921661377
cachegen_dram_disk,1772733404.501934,7.6003,20.644933938980103
cachegen_dram_disk,1772733404.615715,7.6003,20.7587149143219
cachegen_dram_disk,1772733404.72358,7.6003,20.86657977104187
cachegen_dram_disk,1772733404.995835,7.6003,21.138834953308105
cachegen_dram_disk,1772733405.098635,7.6003,21.241634845733643
cachegen_dram_disk,1772733405.198746,7.6003,21.341745853424072
cachegen_dram_disk,1772733405.299034,7.6003,21.442034006118774
cachegen_dram_disk,1772733405.399372,7.6003,21.54237198829651
cachegen_dram_disk,1772733405.502922,7.6003,21.6459219455719
cachegen_dram_disk,1772733405.611586,7.6003,21.75458598136902
cachegen_dram_disk,1772733405.712326,7.6003,21.855325937271118
cachegen_dram_disk,1772733405.828337,7.6003,21.971336841583252
cachegen_dram_disk,1772733405.928943,7.6003,22.071942806243896
cachegen_dram_disk,1772733406.109507,7.6003,22.252506971359253
cachegen_dram_disk,1772733406.218755,7.6003,22.361754894256592
cachegen_dram_disk,1772733406.330663,7.6003,22.473662853240967
cachegen_dram_disk,1772733406.443685,7.6003,22.586684942245483
cachegen_dram_disk,1772733406.554286,7.6003,22.697285890579224
cachegen_dram_disk,1772733406.726032,7.6003,22.86903190612793
cachegen_dram_disk,1772733406.833653,7.6003,22.97665286064148
cachegen_dram_disk,1772733406.945942,7.6003,23.08894181251526
cachegen_dram_disk,1772733407.085061,7.6003,23.228060960769653
cachegen_dram_disk,1772733407.187934,7.6003,23.330933809280396
cachegen_dram_disk,1772733407.301071,7.6003,23.44407081604004
cachegen_dram_disk,1772733407.417771,7.6003,23.560770988464355
cachegen_dram_disk,1772733407.537673,7.6003,23.680672883987427
cachegen_dram_disk,1772733407.652557,7.6003,23.795556783676147
cachegen_dram_disk,1772733407.794213,7.6003,23.93721294403076
cachegen_dram_disk,1772733407.90527,7.6003,24.048269987106323
cachegen_dram_disk,1772733408.077704,7.6003,24.220703840255737
cachegen_dram_disk,1772733408.211856,7.6003,24.35485577583313
cachegen_dram_disk,1772733408.319177,7.6003,24.46217679977417
cachegen_dram_disk,1772733408.430685,7.6003,24.57368493080139
cachegen_dram_disk,1772733408.541366,7.6003,24.68436598777771
cachegen_dram_disk,1772733408.653062,7.6003,24.796061992645264
cachegen_dram_disk,1772733408.822283,7.6003,24.965282917022705
cachegen_dram_disk,1772733408.934968,7.6003,25.077967882156372
cachegen_dram_disk,1772733409.044135,7.6003,25.187134981155396
cachegen_dram_disk,1772733409.170134,7.6003,25.31313395500183
cachegen_dram_disk,1772733409.285294,7.6003,25.42829394340515
cachegen_dram_disk,1772733409.393309,7.6003,25.536309003829956
cachegen_dram_disk,1772733409.563061,7.6003,25.706060886383057
cachegen_dram_disk,1772733409.663857,7.6003,25.806856870651245
cachegen_dram_disk,1772733409.773254,7.6003,25.916253805160522
cachegen_dram_disk,1772733409.886139,7.6003,26.029138803482056
cachegen_dram_disk,1772733410.085121,7.6003,26.228120803833008
cachegen_dram_disk,1772733410.196192,7.6003,26.339191913604736
cachegen_dram_disk,1772733410.314219,7.6003,26.457218885421753
cachegen_dram_disk,1772733410.455541,7.6003,26.598540782928467
cachegen_dram_disk,1772733410.567832,7.6003,26.710831880569458
cachegen_dram_disk,1772733410.679712,7.6003,26.822711944580078
cachegen_dram_disk,1772733410.792821,7.6003,26.935820817947388
cachegen_dram_disk,1772733410.905741,7.6003,27.04874086380005
cachegen_dram_disk,1772733411.017257,7.6003,27.16025686264038
cachegen_dram_disk,1772733411.128747,7.6003,27.27174687385559
cachegen_dram_disk,1772733411.253916,7.6003,27.396915912628174
cachegen_dram_disk,1772733411.366493,7.6003,27.509492874145508
cachegen_dram_disk,1772733411.543994,7.6003,27.686993837356567
cachegen_dram_disk,1772733411.657881,7.6003,27.800880908966064
cachegen_dram_disk,1772733411.763682,7.6003,27.906681776046753
cachegen_dram_disk,1772733411.924009,7.6003,28.06700897216797
cachegen_dram_disk,1772733412.064834,7.6003,28.207834005355835
cachegen_dram_disk,1772733412.213723,7.6003,28.356722831726074
cachegen_dram_disk,1772733412.319861,7.6003,28.462860822677612
cachegen_dram_disk,1772733412.447722,7.6003,28.59072184562683
cachegen_dram_disk,1772733412.584842,7.6003,28.72784185409546
cachegen_dram_disk,1772733412.698137,7.6003,28.841136932373047
cachegen_dram_disk,1772733412.811801,7.6003,28.954800844192505
cachegen_dram_disk,1772733412.923236,7.6003,29.066235780715942
cachegen_dram_disk,1772733413.033307,7.6003,29.17630696296692
cachegen_dram_disk,1772733413.144271,7.6003,29.28727078437805
cachegen_dram_disk,1772733413.258197,7.6003,29.40119695663452
cachegen_dram_disk,1772733413.368609,7.6003,29.511608839035034
cachegen_dram_disk,1772733413.479824,7.6003,29.62282395362854
cachegen_dram_disk,1772733413.591928,7.6003,29.734927892684937
cachegen_dram_disk,1772733413.69987,7.6003,29.842869997024536
cachegen_dram_disk,1772733413.815145,7.6003,29.958144903182983
cachegen_dram_disk,1772733413.926983,7.6003,30.06998300552368
cachegen_dram_disk,1772733414.040644,7.6003,30.18364381790161
cachegen_dram_disk,1772733414.149489,7.6003,30.29248881340027
cachegen_dram_disk,1772733414.260023,7.6003,30.40302300453186
cachegen_dram_disk,1772733414.37401,7.6003,30.517009973526
cachegen_dram_disk,1772733414.48493,7.6003,30.62792992591858
cachegen_dram_disk,1772733414.593577,7.6003,30.736576795578003
cachegen_dram_disk,1772733414.704575,7.6003,30.847574949264526
cachegen_dram_disk,1772733414.818473,7.6003,30.961472988128662
cachegen_dram_disk,1772733414.932663,7.6003,31.075662851333618
cachegen_dram_disk,1772733415.039822,7.6003,31.18282198905945
cachegen_dram_disk,1772733415.152438,7.6003,31.295437812805176
cachegen_dram_disk,1772733415.261075,7.6003,31.404074907302856
cachegen_dram_disk,1772733415.372744,7.6003,31.51574397087097
cachegen_dram_disk,1772733415.491296,7.6003,31.63429594039917
cachegen_dram_disk,1772733415.636219,7.6003,31.779218912124634
cachegen_dram_disk,1772733415.742413,7.6003,31.88541293144226
cachegen_dram_disk,1772733415.85188,7.6003,31.994879961013794
cachegen_dram_disk,1772733415.962293,7.6003,32.10529279708862
cachegen_dram_disk,1772733416.073052,7.6003,32.21605181694031
cachegen_dram_disk,1772733416.188384,7.6003,32.33138394355774
cachegen_dram_disk,1772733416.304844,7.6003,32.44784379005432
cachegen_dram_disk,1772733416.41416,7.6003,32.55715990066528
cachegen_dram_disk,1772733416.527911,7.6003,32.67091083526611
cachegen_dram_disk,1772733416.656796,7.6003,32.79979586601257
cachegen_dram_disk,1772733416.768469,7.6003,32.91146898269653
cachegen_dram_disk,1772733416.936765,7.6003,33.07976484298706
cachegen_dram_disk,1772733417.037083,7.6003,33.18008279800415
cachegen_dram_disk,1772733417.141207,7.6003,33.28420686721802
cachegen_dram_disk,1772733417.262616,7.6003,33.40561580657959
cachegen_dram_disk,1772733417.372376,7.6003,33.51537585258484
cachegen_dram_disk,1772733417.497987,7.6003,33.640986919403076
cachegen_dram_disk,1772733417.683294,7.6003,33.8262939453125
cachegen_dram_disk,1772733418.079261,7.6003,34.22226095199585
cachegen_dram_disk,1772733418.179612,7.6003,34.322611808776855
cachegen_dram_disk,1772733418.285625,7.6003,34.428624868392944
cachegen_dram_disk,1772733418.405634,7.6003,34.54863381385803
cachegen_dram_disk,1772733418.522914,7.6003,34.665913820266724
cachegen_dram_disk,1772733418.632387,7.6003,34.775386810302734
cachegen_dram_disk,1772733418.742525,7.6003,34.88552498817444
cachegen_dram_disk,1772733418.85494,7.6003,34.99793982505798
cachegen_dram_disk,1772733418.967334,7.6003,35.11033391952515
cachegen_dram_disk,1772733419.087159,7.6003,35.23015880584717
cachegen_dram_disk,1772733419.191259,7.6003,35.334258794784546
cachegen_dram_disk,1772733419.300356,7.6003,35.44335579872131
cachegen_dram_disk,1772733419.41281,7.6003,35.55580997467041
cachegen_dram_disk,1772733419.517041,7.6003,35.660040855407715
cachegen_dram_disk,1772733419.639351,7.6003,35.78235077857971
cachegen_dram_disk,1772733419.784079,7.6003,35.92707896232605
cachegen_dram_disk,1772733419.88709,7.6003,36.03008985519409
cachegen_dram_disk,1772733420.001264,7.6003,36.14426398277283
cachegen_dram_disk,1772733420.114991,7.6003,36.25799083709717
cachegen_dram_disk,1772733420.221745,7.6003,36.364744901657104
cachegen_dram_disk,1772733420.333049,7.6003,36.476048946380615
cachegen_dram_disk,1772733420.445096,7.6003,36.588095903396606
cachegen_dram_disk,1772733420.553732,7.6003,36.69673180580139
cachegen_dram_disk,1772733420.68195,7.6003,36.824949979782104
cachegen_dram_disk,1772733420.793588,7.6003,36.93658781051636
cachegen_dram_disk,1772733420.908476,7.6003,37.0514760017395
cachegen_dram_disk,1772733421.054198,7.6003,37.197197914123535
cachegen_dram_disk,1772733421.167973,7.6003,37.310972929000854
cachegen_dram_disk,1772733421.280283,7.6003,37.423282861709595
cachegen_dram_disk,1772733421.395059,7.6003,37.53805899620056
cachegen_dram_disk,1772733421.509064,7.6003,37.652063846588135
cachegen_dram_disk,1772733421.621435,7.6003,37.764434814453125
cachegen_dram_disk,1772733421.72813,7.6003,37.87112998962402
cachegen_dram_disk,1772733421.839569,7.6003,37.982568979263306
cachegen_dram_disk,1772733421.951964,7.6003,38.094963788986206
cachegen_dram_disk,1772733422.063842,7.6003,38.20684194564819
cachegen_dram_disk,1772733422.177751,7.6003,38.32075095176697
cachegen_dram_disk,1772733422.299477,7.6003,38.442476987838745
cachegen_dram_disk,1772733422.415459,7.6003,38.55845880508423
cachegen_dram_disk,1772733422.528502,7.6003,38.671501874923706
cachegen_dram_disk,1772733422.644715,7.6003,38.78771495819092
cachegen_dram_disk,1772733422.755708,7.6003,38.8987078666687
cachegen_dram_disk,1772733422.870632,7.6003,39.01363182067871
cachegen_dram_disk,1772733422.982133,7.6003,39.12513279914856
cachegen_dram_disk,1772733423.0947,7.6003,39.23769998550415
cachegen_dram_disk,1772733423.266989,7.6003,39.40998888015747
cachegen_dram_disk,1772733423.379237,7.6003,39.522236824035645
cachegen_dram_disk,1772733423.491033,7.6003,39.63403296470642
cachegen_dram_disk,1772733423.653891,7.6003,39.7968909740448
cachegen_dram_disk,1772733423.765902,7.6003,39.90890192985535
cachegen_dram_disk,1772733423.880987,7.6003,40.02398681640625
cachegen_dram_disk,1772733423.990592,7.6003,40.13359189033508
cachegen_dram_disk,1772733424.104682,7.6003,40.247681856155396
cachegen_dram_disk,1772733424.219228,7.6003,40.36222791671753
cachegen_dram_disk,1772733424.349237,7.6003,40.492236852645874
cachegen_dram_disk,1772733424.4643,7.6003,40.6072998046875
cachegen_dram_disk,1772733424.572667,7.6003,40.71566677093506
cachegen_dram_disk,1772733424.687731,7.6003,40.83073091506958
cachegen_dram_disk,1772733424.801874,7.6003,40.94487380981445
cachegen_dram_disk,1772733424.9133,7.6003,41.056299924850464
cachegen_dram_disk,1772733425.021784,7.6003,41.16478395462036
cachegen_dram_disk,1772733425.133975,7.6003,41.27697491645813
cachegen_dram_disk,1772733425.245548,7.6003,41.38854789733887
cachegen_dram_disk,1772733425.355805,7.6003,41.498804807662964
cachegen_dram_disk,1772733425.470901,7.6003,41.613900899887085
cachegen_dram_disk,1772733425.581567,7.6003,41.72456693649292
cachegen_dram_disk,1772733425.716646,7.6003,41.85964584350586
cachegen_dram_disk,1772733425.830834,7.6003,41.97383379936218
cachegen_dram_disk,1772733425.938081,7.6003,42.0810809135437
cachegen_dram_disk,1772733426.051284,7.6003,42.194283962249756
cachegen_dram_disk,1772733426.162545,7.6003,42.30554485321045
cachegen_dram_disk,1772733426.268637,7.6003,42.41163682937622
cachegen_dram_disk,1772733426.372232,7.6003,42.51523184776306
cachegen_dram_disk,1772733426.487777,7.6003,42.63077688217163
cachegen_dram_disk,1772733426.594282,7.6003,42.737281799316406
cachegen_dram_disk,1772733426.708746,7.6003,42.85174584388733
cachegen_dram_disk,1772733426.826227,7.6003,42.9692268371582
cachegen_dram_disk,1772733426.943545,7.6003,43.08654499053955
cachegen_dram_disk,1772733427.093768,7.6003,43.23676776885986
cachegen_dram_disk,1772733427.206235,7.6003,43.34923481941223
cachegen_dram_disk,1772733427.363067,7.6003,43.50606679916382
cachegen_dram_disk,1772733427.47456,7.6003,43.61755990982056
cachegen_dram_disk,1772733427.588431,7.6003,43.731430768966675
cachegen_dram_disk,1772733427.73071,7.6003,43.87370991706848
cachegen_dram_disk,1772733427.844648,7.6003,43.98764777183533
cachegen_dram_disk,1772733427.964495,7.6003,44.107494831085205
cachegen_dram_disk,1772733428.079301,7.6003,44.22230100631714
cachegen_dram_disk,1772733428.209106,7.6003,44.35210585594177
cachegen_dram_disk,1772733428.34932,7.6003,44.4923198223114
cachegen_dram_disk,1772733428.474474,7.6003,44.6174738407135
cachegen_dram_disk,1772733428.662061,7.6003,44.80506086349487
cachegen_dram_disk,1772733428.762547,7.6003,44.90554690361023
cachegen_dram_disk,1772733428.890155,7.6003,45.03315496444702
cachegen_dram_disk,1772733428.991045,7.6003,45.134044885635376
cachegen_dram_disk,1772733429.094792,7.6003,45.237791776657104
cachegen_dram_disk,1772733429.201904,7.6003,45.34490394592285
cachegen_dram_disk,1772733429.318135,7.6003,45.461134910583496
cachegen_dram_disk,1772733429.433054,7.6003,45.576053857803345
cachegen_dram_disk,1772733429.545142,7.6003,45.68814182281494
cachegen_dram_disk,1772733429.655572,7.6003,45.798571825027466
cachegen_dram_disk,1772733429.786231,7.6003,45.92923092842102
cachegen_dram_disk,1772733429.901508,7.6003,46.04450798034668
cachegen_dram_disk,1772733430.015986,7.6003,46.15898585319519
cachegen_dram_disk,1772733430.129557,7.6003,46.2725567817688
cachegen_dram_disk,1772733430.24122,7.6003,46.38421988487244
cachegen_dram_disk,1772733430.352419,7.6003,46.49541878700256
cachegen_dram_disk,1772733430.466046,7.6003,46.60904598236084
cachegen_dram_disk,1772733430.584547,7.6003,46.72754693031311
cachegen_dram_disk,1772733430.699088,7.6003,46.84208798408508
cachegen_dram_disk,1772733430.811495,7.6003,46.95449495315552
cachegen_dram_disk,1772733430.927493,7.6003,47.07049298286438
cachegen_dram_disk,1772733431.038285,7.6003,47.18128490447998
cachegen_dram_disk,1772733431.150905,7.6003,47.29390478134155
cachegen_dram_disk,1772733431.264947,7.6003,47.407946825027466
cachegen_dram_disk,1772733431.381096,7.6003,47.5240957736969
cachegen_dram_disk,1772733431.49365,7.6003,47.63664984703064
cachegen_dram_disk,1772733431.631509,7.6003,47.77450895309448
cachegen_dram_disk,1772733431.744403,7.6003,47.88740277290344
cachegen_dram_disk,1772733431.880123,7.6003,48.023122787475586
cachegen_dram_disk,1772733431.991968,7.6003,48.13496780395508
cachegen_dram_disk,1772733432.104069,7.6003,48.247068881988525
cachegen_dram_disk,1772733432.22143,7.6003,48.36442995071411
cachegen_dram_disk,1772733432.333401,7.6003,48.47640085220337
cachegen_dram_disk,1772733432.44676,7.6003,48.589759826660156
cachegen_dram_disk,1772733432.561246,7.6003,48.704245805740356
cachegen_dram_disk,1772733432.689759,7.6003,48.83275890350342
cachegen_dram_disk,1772733432.804565,7.6003,48.94756484031677
cachegen_dram_disk,1772733432.960416,7.6003,49.103415966033936
cachegen_dram_disk,1772733433.064182,7.6003,49.20718193054199
cachegen_dram_disk,1772733433.172606,7.6003,49.315605878829956
cachegen_dram_disk,1772733433.281139,7.6003,49.42413878440857
cachegen_dram_disk,1772733433.429574,7.6003,49.57257390022278
cachegen_dram_disk,1772733433.579388,7.6003,49.72238779067993
cachegen_dram_disk,1772733433.697056,7.6003,49.8400559425354
cachegen_dram_disk,1772733433.842393,7.6003,49.985392808914185
cachegen_dram_disk,1772733433.953498,7.6003,50.096497774124146
cachegen_dram_disk,1772733434.066406,7.6003,50.20940589904785
cachegen_dram_disk,1772733434.179235,7.6003,50.322234869003296
cachegen_dram_disk,1772733434.293499,7.6003,50.43649888038635
cachegen_dram_disk,1772733434.406054,7.6003,50.54905390739441
cachegen_dram_disk,1772733434.511846,7.6003,50.65484595298767
cachegen_dram_disk,1772733434.629133,7.6003,50.772132873535156
cachegen_dram_disk,1772733434.743397,7.6003,50.88639688491821
cachegen_dram_disk,1772733434.856574,7.6003,50.999573945999146
cachegen_dram_disk,1772733434.987789,7.6003,51.130788803100586
cachegen_dram_disk,1772733435.102321,7.6003,51.24532079696655
cachegen_dram_disk,1772733435.216217,7.6003,51.359216928482056
cachegen_dram_disk,1772733435.331676,7.6003,51.47467589378357
cachegen_dram_disk,1772733435.43992,7.6003,51.58291983604431
cachegen_dram_disk,1772733435.553246,7.6003,51.69624590873718
cachegen_dram_disk,1772733435.686072,7.6003,51.82907199859619
cachegen_dram_disk,1772733435.797132,7.6003,51.9401319026947
cachegen_dram_disk,1772733435.917486,7.6003,52.06048583984375
cachegen_dram_disk,1772733436.031168,7.6003,52.17416787147522
cachegen_dram_disk,1772733436.137884,7.6003,52.2808837890625
cachegen_dram_disk,1772733436.25088,7.6003,52.393879890441895
cachegen_dram_disk,1772733436.374562,7.6003,52.51756191253662
cachegen_dram_disk,1772733436.487144,7.6003,52.630143880844116
cachegen_dram_disk,1772733436.601629,7.6003,52.74462890625
cachegen_dram_disk,1772733436.71461,7.6003,52.85760998725891
cachegen_dram_disk,1772733436.839443,7.6003,52.98244285583496
cachegen_dram_disk,1772733436.948953,7.6003,53.09195280075073
cachegen_dram_disk,1772733437.065099,7.6003,53.20809888839722
cachegen_dram_disk,1772733437.180529,7.6003,53.32352900505066
cachegen_dram_disk,1772733437.292873,7.6003,53.43587279319763
cachegen_dram_disk,1772733437.410569,7.6003,53.553568840026855
cachegen_dram_disk,1772733437.520587,7.6003,53.66358685493469
cachegen_dram_disk,1772733437.632601,7.6003,53.77560091018677
cachegen_dram_disk,1772733437.763577,7.6003,53.90657687187195
cachegen_dram_disk,1772733437.894245,7.6003,54.03724479675293
cachegen_dram_disk,1772733438.022114,7.6003,54.16511392593384
cachegen_dram_disk,1772733438.156931,7.6003,54.299930810928345
cachegen_dram_disk,1772733438.286936,7.6003,54.429935932159424
cachegen_dram_disk,1772733438.399297,7.6003,54.54229688644409
cachegen_dram_disk,1772733438.516039,7.6003,54.65903878211975
cachegen_dram_disk,1772733438.627298,7.6003,54.77029800415039
cachegen_dram_disk,1772733438.741317,7.6003,54.88431692123413
cachegen_dram_disk,1772733438.860457,7.6003,55.003456830978394
cachegen_dram_disk,1772733438.974082,7.6003,55.11708188056946
cachegen_dram_disk,1772733439.085615,7.6003,55.228614807128906
cachegen_dram_disk,1772733439.200118,7.6003,55.3431179523468
cachegen_dram_disk,1772733439.328022,7.6003,55.47102189064026
cachegen_dram_disk,1772733439.482899,7.6003,55.62589883804321
cachegen_dram_disk,1772733439.583581,7.6003,55.72658085823059
cachegen_dram_disk,1772733439.708388,7.6003,55.8513879776001
cachegen_dram_disk,1772733439.825566,7.6003,55.968565940856934
cachegen_dram_disk,1772733439.93418,7.6003,56.07717990875244
cachegen_dram_disk,1772733440.045928,7.6003,56.18892788887024
cachegen_dram_disk,1772733440.160968,7.6003,56.30396795272827
cachegen_dram_disk,1772733440.280269,7.6003,56.42326879501343
cachegen_dram_disk,1772733440.392792,7.6003,56.535791873931885
cachegen_dram_disk,1772733440.507921,7.6003,56.65092086791992
cachegen_dram_disk,1772733440.62253,7.6003,56.76552987098694
cachegen_dram_disk,1772733440.738631,7.6003,56.88163089752197
cachegen_dram_disk,1772733440.849677,7.6003,56.992676973342896
cachegen_dram_disk,1772733440.962171,7.6003,57.1051709651947
cachegen_dram_disk,1772733441.075631,7.6003,57.21863079071045
cachegen_dram_disk,1772733441.190432,7.6003,57.33343195915222
cachegen_dram_disk,1772733441.323631,7.6003,57.466630935668945
cachegen_dram_disk,1772733441.464533,7.6003,57.60753297805786
cachegen_dram_disk,1772733441.579794,7.6003,57.72279381752014
cachegen_dram_disk,1772733441.713096,7.6003,57.85609579086304
cachegen_dram_disk,1772733441.855672,7.6003,57.998671770095825
cachegen_dram_disk,1772733441.998321,7.6003,58.1413209438324
cachegen_dram_disk,1772733442.143713,7.6003,58.286712884902954
cachegen_dram_disk,1772733442.246893,7.6003,58.38989281654358
cachegen_dram_disk,1772733442.361933,7.6003,58.50493288040161
cachegen_dram_disk,1772733442.472713,7.6003,58.61571288108826
cachegen_dram_disk,1772733442.574739,7.6003,58.71773886680603
cachegen_dram_disk,1772733442.688815,7.6003,58.831815004348755
cachegen_dram_disk,1772733442.8023,7.6003,58.94529986381531
cachegen_dram_disk,1772733442.915251,7.6003,59.05825090408325
cachegen_dram_disk,1772733443.028228,7.6003,59.17122793197632
cachegen_dram_disk,1772733443.145232,7.6003,59.28823184967041
cachegen_dram_disk,1772733443.255671,7.6003,59.39867091178894
cachegen_dram_disk,1772733443.369283,7.6003,59.512282848358154
cachegen_dram_disk,1772733443.484202,7.6003,59.627201795578
cachegen_dram_disk,1772733443.595471,7.6003,59.738470792770386
cachegen_dram_disk,1772733443.711176,7.6003,59.85417580604553
cachegen_dram_disk,1772733443.863075,7.6003,60.00607490539551
cachegen_dram_disk,1772733443.964361,7.6003,60.10736083984375
cachegen_dram_disk,1772733444.065006,7.6003,60.20800590515137
cachegen_dram_disk,1772733444.200799,7.6003,60.343798875808716
cachegen_dram_disk,1772733444.339994,7.6003,60.482993841171265
cachegen_dram_disk,1772733444.999261,7.6003,61.142260789871216
cachegen_dram_disk,1772733445.118312,7.6003,61.261311769485474
cachegen_dram_disk,1772733445.23265,7.6003,61.37564992904663
cachegen_dram_disk,1772733445.345979,7.6003,61.48897886276245
cachegen_dram_disk,1772733445.460068,7.6003,61.60306787490845
cachegen_dram_disk,1772733445.573672,7.6003,61.71667194366455
cachegen_dram_disk,1772733445.704192,7.6003,61.84719181060791
cachegen_dram_disk,1772733445.820763,7.6003,61.96376299858093
cachegen_dram_disk,1772733445.935685,7.6003,62.07868480682373
cachegen_dram_disk,1772733446.049417,7.6003,62.19241690635681
cachegen_dram_disk,1772733446.161407,7.6003,62.3044068813324
cachegen_dram_disk,1772733446.278801,7.6003,62.4218008518219
cachegen_dram_disk,1772733446.392976,7.6003,62.53597593307495
cachegen_dram_disk,1772733446.506319,7.6003,62.64931893348694
cachegen_dram_disk,1772733446.615249,7.6003,62.758248805999756
cachegen_dram_disk,1772733446.730058,7.6003,62.87305784225464
cachegen_dram_disk,1772733446.840475,7.6003,62.98347496986389
cachegen_dram_disk,1772733446.941143,7.6003,63.0841429233551
cachegen_dram_disk,1772733447.054067,7.6003,63.19706678390503
cachegen_dram_disk,1772733447.166041,7.6003,63.309040784835815
cachegen_dram_disk,1772733447.303379,7.6003,63.44637894630432
cachegen_dram_disk,1772733447.415939,7.6003,63.55893898010254
cachegen_dram_disk,1772733447.521794,7.6003,63.664793968200684
cachegen_dram_disk,1772733447.639594,7.6003,63.782593965530396
cachegen_dram_disk,1772733447.755729,7.6003,63.89872884750366
cachegen_dram_disk,1772733447.871813,7.6003,64.01481294631958
cachegen_dram_disk,1772733447.984614,7.6003,64.12761378288269
cachegen_dram_disk,1772733448.098944,7.6003,64.24194383621216
cachegen_dram_disk,1772733448.210178,7.6003,64.35317778587341
cachegen_dram_disk,1772733448.35434,7.6003,64.49733996391296
cachegen_dram_disk,1772733448.507347,7.6003,64.65034699440002
cachegen_dram_disk,1772733448.610199,7.6003,64.7531988620758
cachegen_dram_disk,1772733448.912436,7.6003,65.0554358959198
cachegen_dram_disk,1772733449.029119,7.6003,65.17211890220642
cachegen_dram_disk,1772733449.149485,7.6003,65.292484998703
cachegen_dram_disk,1772733449.262308,7.6003,65.40530776977539
cachegen_dram_disk,1772733449.376565,7.6003,65.51956486701965
cachegen_dram_disk,1772733449.49001,7.6003,65.6330099105835
cachegen_dram_disk,1772733449.605719,7.6003,65.74871897697449
cachegen_dram_disk,1772733449.716769,7.6003,65.85976886749268
cachegen_dram_disk,1772733449.832118,7.6003,65.97511792182922
cachegen_dram_disk,1772733449.946945,7.6003,66.08994483947754
cachegen_dram_disk,1772733450.06077,7.6003,66.20376992225647
cachegen_dram_disk,1772733450.17413,7.6003,66.31712985038757
cachegen_dram_disk,1772733450.288359,7.6003,66.4313588142395
cachegen_dram_disk,1772733450.400319,7.6003,66.5433189868927
cachegen_dram_disk,1772733450.528008,7.6003,66.67100787162781
cachegen_dram_disk,1772733450.641032,7.6003,66.78403186798096
cachegen_dram_disk,1772733450.758328,7.6003,66.90132784843445
cachegen_dram_disk,1772733450.870588,7.6003,67.01358795166016
cachegen_dram_disk,1772733450.985589,7.6003,67.12858891487122
cachegen_dram_disk,1772733451.098811,7.6003,67.24181079864502
cachegen_dram_disk,1772733451.249551,7.6003,67.39255094528198
cachegen_dram_disk,1772733451.350843,7.6003,67.4938428401947
cachegen_dram_disk,1772733451.458178,7.6003,67.60117793083191
cachegen_dram_disk,1772733451.563921,7.6003,67.70692086219788
cachegen_dram_disk,1772733451.678705,7.6003,67.82170486450195
cachegen_dram_disk,1772733451.792154,7.6003,67.93515396118164
cachegen_dram_disk,1772733451.93959,7.6003,68.08258986473083
cachegen_dram_disk,1772733452.053258,7.6003,68.19625782966614
cachegen_dram_disk,1772733452.169605,7.6003,68.3126049041748
cachegen_dram_disk,1772733452.329117,7.6003,68.47211694717407
cachegen_dram_disk,1772733452.430253,7.6003,68.57325291633606
cachegen_dram_disk,1772733452.543372,7.6003,68.68637180328369
cachegen_dram_disk,1772733452.644582,7.6003,68.78758192062378
cachegen_dram_disk,1772733452.825918,7.6003,68.96891784667969
cachegen_dram_disk,1772733452.976007,7.6003,69.11900687217712
cachegen_dram_disk,1772733453.085669,7.6003,69.22866892814636
cachegen_dram_disk,1772733453.199505,7.6003,69.34250497817993
cachegen_dram_disk,1772733453.32314,7.6003,69.466139793396
cachegen_dram_disk,1772733453.436065,7.6003,69.57906484603882
cachegen_dram_disk,1772733453.550574,7.6003,69.69357395172119
cachegen_dram_disk,1772733453.662835,7.6003,69.80583477020264
cachegen_dram_disk,1772733453.778424,7.6003,69.92142391204834
cachegen_dram_disk,1772733453.891755,7.6003,70.03475499153137
cachegen_dram_disk,1772733454.008849,7.6003,70.15184879302979
cachegen_dram_disk,1772733454.121783,7.6003,70.26478290557861
cachegen_dram_disk,1772733454.283094,7.6003,70.4260938167572
cachegen_dram_disk,1772733454.38375,7.6003,70.52674984931946
cachegen_dram_disk,1772733454.501997,7.6003,70.64499688148499
cachegen_dram_disk,1772733454.643953,7.6003,70.78695297241211
cachegen_dram_disk,1772733454.753468,7.6003,70.89646792411804
cachegen_dram_disk,1772733454.887208,7.6003,71.03020787239075
cachegen_dram_disk,1772733455.041305,7.6003,71.18430495262146
cachegen_dram_disk,1772733455.14542,7.6003,71.28841996192932
cachegen_dram_disk,1772733455.246036,7.6003,71.38903594017029
cachegen_dram_disk,1772733455.358187,7.6003,71.50118684768677
cachegen_dram_disk,1772733455.47049,7.6003,71.61348986625671
cachegen_dram_disk,1772733455.575871,7.6003,71.7188708782196
cachegen_dram_disk,1772733455.697644,7.6003,71.84064388275146
cachegen_dram_disk,1772733455.803556,7.6003,71.94655585289001
cachegen_dram_disk,1772733455.9114,7.6003,72.0543999671936
cachegen_dram_disk,1772733456.027452,7.6003,72.17045187950134
cachegen_dram_disk,1772733456.149245,7.6003,72.29224491119385
cachegen_dram_disk,1772733456.253834,7.6003,72.39683389663696
cachegen_dram_disk,1772733456.368049,7.6003,72.51104879379272
cachegen_dram_disk,1772733456.479843,7.6003,72.62284278869629
cachegen_dram_disk,1772733456.592709,7.6003,72.73570895195007
cachegen_dram_disk,1772733456.710469,7.6003,72.8534688949585
cachegen_dram_disk,1772733456.822715,7.6003,72.96571493148804
cachegen_dram_disk,1772733456.977371,7.6003,73.12037086486816
cachegen_dram_disk,1772733457.085318,7.6003,73.22831797599792
cachegen_dram_disk,1772733457.19368,7.6003,73.33667993545532
cachegen_dram_disk,1772733457.308232,7.6003,73.45123195648193
cachegen_dram_disk,1772733457.436746,7.6003,73.57974576950073
cachegen_dram_disk,1772733457.602166,7.6003,73.74516582489014
cachegen_dram_disk,1772733457.726574,7.6003,73.86957383155823
cachegen_dram_disk,1772733458.006052,7.6003,74.14905190467834
cachegen_dram_disk,1772733458.235038,7.6003,74.37803792953491
cachegen_dram_disk,1772733458.348868,7.6003,74.49186778068542
cachegen_dram_disk,1772733458.464717,7.6003,74.60771679878235
cachegen_dram_disk,1772733458.597374,7.6003,74.74037384986877
cachegen_dram_disk,1772733458.703098,7.6003,74.84609794616699
cachegen_dram_disk,1772733458.811413,7.6003,74.9544129371643
cachegen_dram_disk,1772733458.927548,7.6003,75.07054781913757
cachegen_dram_disk,1772733459.04434,7.6003,75.18733978271484
cachegen_dram_disk,1772733459.155397,7.6003,75.2983968257904
cachegen_dram_disk,1772733459.270566,7.6003,75.41356587409973
cachegen_dram_disk,1772733459.385032,7.6003,75.52803182601929
cachegen_dram_disk,1772733459.499249,7.6003,75.64224886894226
cachegen_dram_disk,1772733459.612022,7.6003,75.75502181053162
cachegen_dram_disk,1772733459.725739,7.6003,75.86873888969421
cachegen_dram_disk,1772733459.842721,7.6003,75.98572087287903
cachegen_dram_disk,1772733459.990079,7.6003,76.13307881355286
cachegen_dram_disk,1772733460.093697,7.6003,76.23669695854187
cachegen_dram_disk,1772733460.216171,7.6003,76.35917091369629
cachegen_dram_disk,1772733460.395497,7.6003,76.53849697113037
cachegen_dram_disk,1772733460.497747,7.6003,76.64074683189392
cachegen_dram_disk,1772733460.60862,7.6003,76.75161981582642
cachegen_dram_disk,1772733460.729344,7.6003,76.87234377861023
cachegen_dram_disk,1772733460.838603,7.6003,76.98160290718079
cachegen_dram_disk,1772733460.952279,7.6003,77.09527897834778
cachegen_dram_disk,1772733461.071245,7.6003,77.2142448425293
cachegen_dram_disk,1772733461.185168,7.6003,77.32816791534424
cachegen_dram_disk,1772733461.302331,7.6003,77.44533085823059
cachegen_dram_disk,1772733461.430795,7.6003,77.57379484176636
cachegen_dram_disk,1772733461.543175,7.6003,77.68617486953735
cachegen_dram_disk,1772733461.657446,7.6003,77.8004457950592
cachegen_dram_disk,1772733461.774711,7.6003,77.91771078109741
cachegen_dram_disk,1772733461.890587,7.6003,78.03358697891235
cachegen_dram_disk,1772733462.008302,7.6003,78.15130186080933
cachegen_dram_disk,1772733462.124916,7.6003,78.26791596412659
cachegen_dram_disk,1772733462.253624,7.6003,78.39662384986877
cachegen_dram_disk,1772733462.368384,7.6003,78.51138377189636
cachegen_dram_disk,1772733462.481972,7.6003,78.62497186660767
cachegen_dram_disk,1772733462.600368,7.6003,78.74336791038513
cachegen_dram_disk,1772733462.714707,7.6003,78.85770678520203
cachegen_dram_disk,1772733462.834955,7.6003,78.97795486450195
cachegen_dram_disk,1772733462.958706,7.6003,79.10170578956604
cachegen_dram_disk,1772733463.072456,7.6003,79.21545577049255
cachegen_dram_disk,1772733463.186978,7.6003,79.32997798919678
cachegen_dram_disk,1772733463.301473,7.6003,79.4444727897644
cachegen_dram_disk,1772733463.41641,7.6003,79.55940985679626
cachegen_dram_disk,1772733463.580472,7.6003,79.7234718799591
cachegen_dram_disk,1772733463.680959,7.6003,79.82395887374878
cachegen_dram_disk,1772733463.786737,7.6003,79.92973685264587
cachegen_dram_disk,1772733463.902586,7.6003,80.0455858707428
cachegen_dram_disk,1772733464.016043,7.6003,80.1590428352356
cachegen_dram_disk,1772733464.128364,7.6003,80.27136397361755
cachegen_dram_disk,1772733464.293958,7.6003,80.43695783615112
cachegen_dram_disk,1772733464.394395,7.6003,80.53739500045776
cachegen_dram_disk,1772733464.494481,7.6003,80.63748097419739
cachegen_dram_disk,1772733464.608034,7.6003,80.75103378295898
cachegen_dram_disk,1772733464.723895,7.6003,80.86689496040344
cachegen_dram_disk,1772733464.840448,7.6003,80.98344779014587
cachegen_dram_disk,1772733464.956328,7.6003,81.09932780265808
cachegen_dram_disk,1772733465.07082,7.6003,81.21381998062134
cachegen_dram_disk,1772733465.188693,7.6003,81.33169293403625
cachegen_dram_disk,1772733465.305123,7.6003,81.44812297821045
cachegen_dram_disk,1772733465.442116,7.6003,81.58511590957642
cachegen_dram_disk,1772733465.557445,7.6003,81.70044493675232
cachegen_dram_disk,1772733465.669566,7.6003,81.81256580352783
cachegen_dram_disk,1772733465.785491,7.6003,81.92849087715149
cachegen_dram_disk,1772733465.900544,7.6003,82.0435438156128
cachegen_dram_disk,1772733466.020201,7.6003,82.16320085525513
cachegen_dram_disk,1772733466.134396,7.6003,82.27739596366882
cachegen_dram_disk,1772733466.248149,7.6003,82.39114880561829
cachegen_dram_disk,1772733466.364047,7.6003,82.5070469379425
cachegen_dram_disk,1772733466.507313,7.6003,82.65031290054321
cachegen_dram_disk,1772733466.674662,7.6003,82.81766200065613
cachegen_dram_disk,1772733466.776149,7.6003,82.91914892196655
cachegen_dram_disk,1772733466.88853,7.6003,83.03152990341187
cachegen_dram_disk,1772733466.994149,7.6003,83.1371488571167
cachegen_dram_disk,1772733467.102855,7.6003,83.24585485458374
cachegen_dram_disk,1772733467.219222,7.6003,83.36222195625305
cachegen_dram_disk,1772733467.338802,7.6003,83.48180198669434
cachegen_dram_disk,1772733467.454834,7.6003,83.59783387184143
cachegen_dram_disk,1772733467.571947,7.6003,83.71494698524475
cachegen_dram_disk,1772733467.704913,7.6003,83.84791278839111
cachegen_dram_disk,1772733467.814126,7.6003,83.9571259021759
cachegen_dram_disk,1772733467.933202,7.6003,84.07620191574097
cachegen_dram_disk,1772733468.046515,7.6003,84.18951487541199
cachegen_dram_disk,1772733468.163712,7.6003,84.30671191215515
cachegen_dram_disk,1772733468.292814,7.6003,84.4358139038086
cachegen_dram_disk,1772733468.411492,7.6003,84.55449199676514
cachegen_dram_disk,1772733468.526473,7.6003,84.66947293281555
cachegen_dram_disk,1772733468.898223,7.6003,85.04122281074524
cachegen_dram_disk,1772733469.00169,7.6003,85.1446897983551
cachegen_dram_disk,1772733469.115589,7.6003,85.25858879089355
cachegen_dram_disk,1772733469.230714,7.6003,85.37371397018433
cachegen_dram_disk,1772733469.346512,7.6003,85.48951196670532
cachegen_dram_disk,1772733469.462686,7.6003,85.60568594932556
cachegen_dram_disk,1772733469.576496,7.6003,85.71949577331543
cachegen_dram_disk,1772733469.690863,7.6003,85.83386278152466
cachegen_dram_disk,1772733469.821587,7.6003,85.96458697319031
cachegen_dram_disk,1772733469.938705,7.6003,86.08170485496521
cachegen_dram_disk,1772733470.051147,7.6003,86.19414687156677
cachegen_dram_disk,1772733470.166161,7.6003,86.30916094779968
cachegen_dram_disk,1772733470.281617,7.6003,86.42461681365967
cachegen_dram_disk,1772733470.39501,7.6003,86.53800988197327
cachegen_dram_disk,1772733470.513702,7.6003,86.6567018032074
cachegen_dram_disk,1772733470.637701,7.6003,86.78070092201233
cachegen_dram_disk,1772733470.77331,7.6003,86.91630983352661
cachegen_dram_disk,1772733470.889453,7.6003,87.03245282173157
cachegen_dram_disk,1772733471.005024,7.6003,87.14802384376526
cachegen_dram_disk,1772733471.123323,7.6003,87.26632285118103
cachegen_dram_disk,1772733471.236549,7.6003,87.37954878807068
cachegen_dram_disk,1772733471.35322,7.6003,87.49621987342834
cachegen_dram_disk,1772733471.497414,7.6003,87.6404139995575
cachegen_dram_disk,1772733471.616375,7.6003,87.75937485694885
cachegen_dram_disk,1772733471.734558,7.6003,87.87755799293518
cachegen_dram_disk,1772733471.845558,7.6003,87.98855781555176
cachegen_dram_disk,1772733471.991579,7.6003,88.13457894325256
cachegen_dram_disk,1772733472.105431,7.6003,88.24843096733093
cachegen_dram_disk,1772733472.221619,7.6003,88.36461877822876
cachegen_dram_disk,1772733472.337449,7.6003,88.48044896125793
cachegen_dram_disk,1772733472.453121,7.6003,88.59612083435059
cachegen_dram_disk,1772733472.567828,7.6003,88.71082782745361
cachegen_dram_disk,1772733472.684643,7.6003,88.82764291763306
cachegen_dram_disk,1772733472.799203,7.6003,88.94220280647278
cachegen_dram_disk,1772733472.912124,7.6003,89.05512380599976
cachegen_dram_disk,1772733473.026989,7.6003,89.16998887062073
cachegen_dram_disk,1772733473.14153,7.6003,89.2845299243927
cachegen_dram_disk,1772733473.257418,7.6003,89.40041780471802
cachegen_dram_disk,1772733473.37108,7.6003,89.51407980918884
cachegen_dram_disk,1772733473.487814,7.6003,89.63081383705139
cachegen_dram_disk,1772733473.60106,7.6003,89.74405980110168
cachegen_dram_disk,1772733473.750551,7.6003,89.89355087280273
cachegen_dram_disk,1772733473.856724,7.6003,89.9997239112854
cachegen_dram_disk,1772733473.96677,7.6003,90.10976982116699
cachegen_dram_disk,1772733474.081434,7.6003,90.22443389892578
cachegen_dram_disk,1772733474.195994,7.6003,90.3389937877655
cachegen_dram_disk,1772733474.311329,7.6003,90.45432877540588
cachegen_dram_disk,1772733474.424258,7.6003,90.56725788116455
cachegen_dram_disk,1772733474.555851,7.6003,90.69885087013245
cachegen_dram_disk,1772733474.662246,7.6003,90.80524587631226
cachegen_dram_disk,1772733474.777853,7.6003,90.92085289955139
cachegen_dram_disk,1772733474.891763,7.6003,91.03476285934448
cachegen_dram_disk,1772733475.009007,7.6003,91.15200686454773
cachegen_dram_disk,1772733475.12546,7.6003,91.26845979690552
cachegen_dram_disk,1772733475.240871,7.6003,91.38387084007263
cachegen_dram_disk,1772733475.354255,7.6003,91.49725484848022
cachegen_dram_disk,1772733475.486172,7.6003,91.62917184829712
cachegen_dram_disk,1772733475.619332,7.6003,91.76233196258545
cachegen_dram_disk,1772733475.769792,7.6003,91.91279196739197
cachegen_dram_disk,1772733475.9082,7.6003,92.0511999130249
cachegen_dram_disk,1772733476.047567,7.6003,92.19056677818298
cachegen_dram_disk,1772733476.155147,7.6003,92.2981469631195
cachegen_dram_disk,1772733476.286844,7.6003,92.42984390258789
cachegen_dram_disk,1772733476.402987,7.6003,92.54598689079285
cachegen_dram_disk,1772733476.558012,7.6003,92.70101189613342
cachegen_dram_disk,1772733476.659674,7.6003,92.80267381668091
cachegen_dram_disk,1772733476.760206,7.6003,92.90320587158203
cachegen_dram_disk,1772733476.886337,7.6003,93.02933692932129
cachegen_dram_disk,1772733477.008183,7.6003,93.15118288993835
cachegen_dram_disk,1772733477.342069,7.6003,93.48506879806519
cachegen_dram_disk,1772733477.443614,7.6003,93.58661389350891
cachegen_dram_disk,1772733477.558407,7.6003,93.701406955719
cachegen_dram_disk,1772733477.674513,7.6003,93.81751298904419
cachegen_dram_disk,1772733477.790313,7.6003,93.93331289291382
cachegen_dram_disk,1772733477.908461,7.6003,94.05146098136902
cachegen_dram_disk,1772733478.023484,7.6003,94.16648387908936
cachegen_dram_disk,1772733478.143851,7.6003,94.28685092926025
cachegen_dram_disk,1772733478.260053,7.6003,94.40305280685425
cachegen_dram_disk,1772733478.393169,7.6003,94.53616881370544
cachegen_dram_disk,1772733478.521823,7.6003,94.66482281684875
cachegen_dram_disk,1772733478.665586,7.6003,94.80858588218689
cachegen_dram_disk,1772733478.781662,7.6003,94.92466187477112
cachegen_dram_disk,1772733478.896838,7.6003,95.03983783721924
cachegen_dram_disk,1772733479.012945,7.6003,95.15594482421875
cachegen_dram_disk,1772733479.147174,7.6003,95.29017376899719
cachegen_dram_disk,1772733479.253237,7.6003,95.39623689651489
cachegen_dram_disk,1772733479.361384,7.6003,95.50438380241394
cachegen_dram_disk,1772733479.479777,7.6003,95.62277698516846
cachegen_dram_disk,1772733479.594103,7.6003,95.73710298538208
cachegen_dram_disk,1772733479.709596,7.6003,95.85259580612183
cachegen_dram_disk,1772733479.831175,7.6003,95.97417497634888
cachegen_dram_disk,1772733480.006204,7.6003,96.14920377731323
cachegen_dram_disk,1772733480.123939,7.6003,96.26693892478943
cachegen_dram_disk,1772733480.241076,7.6003,96.38407588005066
cachegen_dram_disk,1772733480.358367,7.6003,96.50136685371399
cachegen_dram_disk,1772733480.475154,7.6003,96.6181538105011
cachegen_dram_disk,1772733480.589309,7.6003,96.7323088645935
cachegen_dram_disk,1772733480.706386,7.6003,96.84938597679138
cachegen_dram_disk,1772733480.823032,7.6003,96.96603178977966
cachegen_dram_disk,1772733480.978562,7.6003,97.12156200408936
cachegen_dram_disk,1772733481.078905,7.6003,97.22190499305725
cachegen_dram_disk,1772733481.185067,7.6003,97.3280668258667
cachegen_dram_disk,1772733481.303694,7.6003,97.44669389724731
cachegen_dram_disk,1772733481.422268,7.6003,97.56526780128479
cachegen_dram_disk,1772733481.536801,7.6003,97.67980098724365
cachegen_dram_disk,1772733481.655003,7.6003,97.79800295829773
cachegen_dram_disk,1772733481.769568,7.6003,97.91256785392761
cachegen_dram_disk,1772733481.889086,7.6003,98.03208589553833
cachegen_dram_disk,1772733482.00738,7.6003,98.15037989616394
cachegen_dram_disk,1772733482.124507,7.6003,98.26750683784485
cachegen_dram_disk,1772733482.239796,7.6003,98.38279581069946
cachegen_dram_disk,1772733482.356932,7.6003,98.49993181228638
cachegen_dram_disk,1772733482.470523,7.6003,98.61352300643921
cachegen_dram_disk,1772733482.587676,7.6003,98.73067593574524
cachegen_dram_disk,1772733482.760848,7.6003,98.90384793281555
cachegen_dram_disk,1772733482.861675,7.6003,99.00467491149902
cachegen_dram_disk,1772733482.971491,7.6003,99.11449098587036
cachegen_dram_disk,1772733483.097534,7.6003,99.24053382873535
cachegen_dram_disk,1772733483.212603,7.6003,99.35560297966003
cachegen_dram_disk,1772733483.32966,7.6003,99.47265982627869
cachegen_dram_disk,1772733483.446314,7.6003,99.58931398391724
cachegen_dram_disk,1772733483.565481,7.6003,99.70848083496094
cachegen_dram_disk,1772733483.681436,7.6003,99.82443594932556
cachegen_dram_disk,1772733483.80379,7.6003,99.94678997993469
cachegen_dram_disk,1772733483.921687,7.6003,100.06468677520752
cachegen_dram_disk,1772733484.038711,7.6003,100.18171095848083
cachegen_dram_disk,1772733484.190147,7.6003,100.33314681053162
cachegen_dram_disk,1772733484.29407,7.6003,100.4370698928833
cachegen_dram_disk,1772733484.396362,7.6003,100.53936195373535
cachegen_dram_disk,1772733484.73688,7.6003,100.87987995147705
cachegen_dram_disk,1772733484.837618,7.6003,100.98061800003052
cachegen_dram_disk,1772733484.949441,7.6003,101.09244084358215
cachegen_dram_disk,1772733485.068711,7.6003,101.2117109298706
cachegen_dram_disk,1772733485.183665,7.6003,101.32666492462158
cachegen_dram_disk,1772733485.300048,7.6003,101.4430480003357
cachegen_dram_disk,1772733485.418098,7.6003,101.5610978603363
cachegen_dram_disk,1772733485.537273,7.6003,101.6802728176117
cachegen_dram_disk,1772733485.655722,7.6003,101.79872179031372
cachegen_dram_disk,1772733485.773267,7.6003,101.91626691818237
cachegen_dram_disk,1772733485.888409,7.6003,102.03140878677368
cachegen_dram_disk,1772733486.023868,7.6003,102.16686797142029
cachegen_dram_disk,1772733486.141665,7.6003,102.28466486930847
cachegen_dram_disk,1772733486.257023,7.6003,102.40002298355103
cachegen_dram_disk,1772733486.373729,7.6003,102.51672887802124
cachegen_dram_disk,1772733486.498405,7.6003,102.64140486717224
cachegen_dram_disk,1772733486.621516,7.6003,102.76451587677002
cachegen_dram_disk,1772733486.760946,7.6003,102.90394592285156
cachegen_dram_disk,1772733486.879032,7.6003,103.02203178405762
cachegen_dram_disk,1772733486.993516,7.6003,103.13651585578918
cachegen_dram_disk,1772733487.110124,7.6003,103.25312399864197
cachegen_dram_disk,1772733487.266069,7.6003,103.40906882286072
cachegen_dram_disk,1772733487.376604,7.6003,103.51960396766663
cachegen_dram_disk,1772733487.476807,7.6003,103.61980700492859
cachegen_dram_disk,1772733487.606904,7.6003,103.74990391731262
cachegen_dram_disk,1772733487.730451,7.6003,103.87345099449158
cachegen_dram_disk,1772733487.840649,7.6003,103.98364877700806
cachegen_dram_disk,1772733487.958789,7.6003,104.10178899765015
cachegen_dram_disk,1772733488.074786,7.6003,104.21778583526611
cachegen_dram_disk,1772733488.195922,7.6003,104.33892178535461
cachegen_dram_disk,1772733488.309819,7.6003,104.45281887054443
cachegen_dram_disk,1772733488.424372,7.6003,104.56737184524536
cachegen_dram_disk,1772733488.54307,7.6003,104.68606996536255
cachegen_dram_disk,1772733488.657836,7.6003,104.80083584785461
cachegen_dram_disk,1772733488.791208,7.6003,104.93420791625977
cachegen_dram_disk,1772733488.930447,7.6003,105.07344698905945
cachegen_dram_disk,1772733489.044765,7.6003,105.18776488304138
cachegen_dram_disk,1772733489.162968,7.6003,105.30596780776978
cachegen_dram_disk,1772733489.312071,7.6003,105.45507097244263
cachegen_dram_disk,1772733489.415545,7.6003,105.55854487419128
cachegen_dram_disk,1772733489.521239,7.6003,105.66423892974854
cachegen_dram_disk,1772733489.630825,7.6003,105.77382493019104
cachegen_dram_disk,1772733489.762494,7.6003,105.90549397468567
cachegen_dram_disk,1772733489.88519,7.6003,106.02818989753723
cachegen_dram_disk,1772733490.001967,7.6003,106.14496684074402
cachegen_dram_disk,1772733490.118193,7.6003,106.2611927986145
cachegen_dram_disk,1772733490.234994,7.6003,106.37799382209778
cachegen_dram_disk,1772733490.351177,7.6003,106.49417686462402
cachegen_dram_disk,1772733490.478189,7.6003,106.62118887901306
cachegen_dram_disk,1772733490.596678,7.6003,106.73967790603638
cachegen_dram_disk,1772733490.724783,7.6003,106.86778283119202
cachegen_dram_disk,1772733490.839012,7.6003,106.98201179504395
cachegen_dram_disk,1772733490.963015,7.6003,107.10601496696472
cachegen_dram_disk,1772733491.073849,7.6003,107.21684885025024
cachegen_dram_disk,1772733491.563003,7.6003,107.70600295066833
cachegen_dram_disk,1772733491.684539,7.6003,107.82753896713257
cachegen_dram_disk,1772733491.801259,7.6003,107.94425892829895
cachegen_dram_disk,1772733491.916962,7.6003,108.05996179580688
cachegen_dram_disk,1772733492.034764,7.6003,108.17776393890381
cachegen_dram_disk,1772733492.152257,7.6003,108.29525685310364
cachegen_dram_disk,1772733492.267995,7.6003,108.41099500656128
cachegen_dram_disk,1772733492.402897,7.6003,108.54589676856995
cachegen_dram_disk,1772733492.524382,7.6003,108.66738200187683
cachegen_dram_disk,1772733492.642735,7.6003,108.78573489189148
cachegen_dram_disk,1772733492.760025,7.6003,108.9030249118805
cachegen_dram_disk,1772733492.876615,7.6003,109.01961493492126
cachegen_dram_disk,1772733493.007981,7.6003,109.15098094940186
cachegen_dram_disk,1772733493.127726,7.6003,109.27072596549988
cachegen_dram_disk,1772733493.24542,7.6003,109.38841986656189
cachegen_dram_disk,1772733493.361204,7.6003,109.50420379638672
cachegen_dram_disk,1772733493.477699,7.6003,109.62069892883301
cachegen_dram_disk,1772733493.5977,7.6003,109.74070000648499
cachegen_dram_disk,1772733493.718976,7.6003,109.86197590827942
cachegen_dram_disk,1772733493.834011,7.6003,109.97701096534729
cachegen_dram_disk,1772733493.963928,7.6003,110.1069278717041
cachegen_dram_disk,1772733494.084045,7.6003,110.22704482078552
cachegen_dram_disk,1772733494.199323,7.6003,110.3423228263855
cachegen_dram_disk,1772733494.321203,7.6003,110.46420288085938
cachegen_dram_disk,1772733494.456437,7.6003,110.59943699836731
cachegen_dram_disk,1772733494.574484,7.6003,110.71748399734497
cachegen_dram_disk,1772733494.693317,7.6003,110.83631682395935
cachegen_dram_disk,1772733494.80884,7.6003,110.95183992385864
cachegen_dram_disk,1772733494.942821,7.6003,111.08582091331482
cachegen_dram_disk,1772733495.060144,7.6003,111.20314383506775
cachegen_dram_disk,1772733495.1953,7.6003,111.33829998970032
cachegen_dram_disk,1772733495.314392,7.6003,111.45739197731018
cachegen_dram_disk,1772733495.432397,7.6003,111.57539677619934
cachegen_dram_disk,1772733495.54861,7.6003,111.69160985946655
cachegen_dram_disk,1772733495.681326,7.6003,111.82432579994202
cachegen_dram_disk,1772733495.797962,7.6003,111.94096183776855
cachegen_dram_disk,1772733495.914914,7.6003,112.0579137802124
cachegen_dram_disk,1772733496.033407,7.6003,112.17640686035156
cachegen_dram_disk,1772733496.15002,7.6003,112.29301977157593
cachegen_dram_disk,1772733496.267691,7.6003,112.41069078445435
cachegen_dram_disk,1772733496.389584,7.6003,112.53258395195007
cachegen_dram_disk,1772733496.525516,7.6003,112.66851592063904
cachegen_dram_disk,1772733496.641058,7.6003,112.78405785560608
cachegen_dram_disk,1772733496.995881,7.6003,113.13888096809387
cachegen_dram_disk,1772733497.10279,7.6003,113.24579000473022
cachegen_dram_disk,1772733497.214079,7.6003,113.35707879066467
cachegen_dram_disk,1772733497.3537,7.6003,113.49669981002808
cachegen_dram_disk,1772733497.465003,7.6003,113.60800290107727
cachegen_dram_disk,1772733497.570325,7.6003,113.71332478523254
cachegen_dram_disk,1772733497.670752,7.6003,113.81375193595886
cachegen_dram_disk,1772733497.81814,7.6003,113.96113991737366
cachegen_dram_disk,1772733497.936545,7.6003,114.07954478263855
cachegen_dram_disk,1772733498.066525,7.6003,114.20952486991882
cachegen_dram_disk,1772733498.193004,7.6003,114.33600378036499
cachegen_dram_disk,1772733498.310477,7.6003,114.45347690582275
cachegen_dram_disk,1772733498.427844,7.6003,114.57084393501282
cachegen_dram_disk,1772733498.560076,7.6003,114.7030758857727
cachegen_dram_disk,1772733498.670415,7.6003,114.81341481208801
cachegen_dram_disk,1772733498.788892,7.6003,114.93189191818237
cachegen_dram_disk,1772733498.904208,7.6003,115.04720783233643
cachegen_dram_disk,1772733499.022721,7.6003,115.16572093963623
cachegen_dram_disk,1772733499.138884,7.6003,115.28188395500183
cachegen_dram_disk,1772733499.256339,7.6003,115.39933896064758
cachegen_dram_disk,1772733499.37436,7.6003,115.51735997200012
cachegen_dram_disk,1772733499.490885,7.6003,115.6338849067688
cachegen_dram_disk,1772733499.607044,7.6003,115.75004386901855
cachegen_dram_disk,1772733499.775135,7.6003,115.91813492774963
cachegen_dram_disk,1772733499.879304,7.6003,116.02230381965637
cachegen_dram_disk,1772733499.995988,7.6003,116.13898777961731
cachegen_dram_disk,1772733500.11725,7.6003,116.26024985313416
cachegen_dram_disk,1772733500.234884,7.6003,116.37788391113281
cachegen_dram_disk,1772733500.351299,7.6003,116.49429893493652
cachegen_dram_disk,1772733500.465134,7.6003,116.6081337928772
cachegen_dram_disk,1772733500.583008,7.6003,116.72600793838501
cachegen_dram_disk,1772733500.715008,7.6003,116.85800790786743
cachegen_dram_disk,1772733500.843062,7.6003,116.98606181144714
cachegen_dram_disk,1772733501.005933,7.6003,117.14893293380737
cachegen_dram_disk,1772733501.117713,7.6003,117.26071286201477
cachegen_dram_disk,1772733501.218261,7.6003,117.3612608909607
cachegen_dram_disk,1772733501.366179,7.6003,117.50917887687683
cachegen_dram_disk,1772733501.472286,7.6003,117.61528587341309
cachegen_dram_disk,1772733501.58233,7.6003,117.72532987594604
cachegen_dram_disk,1772733501.700934,7.6003,117.84393382072449
cachegen_dram_disk,1772733501.837884,7.6003,117.98088383674622
cachegen_dram_disk,1772733501.938255,7.6003,118.08125495910645
cachegen_dram_disk,1772733502.05356,7.6003,118.19655990600586
cachegen_dram_disk,1772733502.370911,7.6003,118.51391077041626
cachegen_dram_disk,1772733502.49203,7.6003,118.63502979278564
cachegen_dram_disk,1772733502.609528,7.6003,118.75252795219421
cachegen_dram_disk,1772733502.725217,7.6003,118.86821699142456
cachegen_dram_disk,1772733502.845782,7.6003,118.98878192901611
cachegen_dram_disk,1772733502.963527,7.6003,119.10652685165405
cachegen_dram_disk,1772733503.081213,7.6003,119.22421288490295
cachegen_dram_disk,1772733503.199446,7.6003,119.34244585037231
cachegen_dram_disk,1772733503.319621,7.6003,119.46262097358704
cachegen_dram_disk,1772733503.435994,7.6003,119.57899379730225
cachegen_dram_disk,1772733503.554644,7.6003,119.69764399528503
cachegen_dram_disk,1772733503.673252,7.6003,119.81625199317932
cachegen_dram_disk,1772733503.788965,7.6003,119.93196487426758
cachegen_dram_disk,1772733503.916148,7.6003,120.05914783477783
cachegen_dram_disk,1772733504.034117,7.6003,120.17711687088013
cachegen_dram_disk,1772733504.151952,7.6003,120.29495191574097
cachegen_dram_disk,1772733504.269266,7.6003,120.41226577758789
cachegen_dram_disk,1772733504.386976,7.6003,120.52997589111328
cachegen_dram_disk,1772733504.502776,7.6003,120.64577579498291
cachegen_dram_disk,1772733504.620975,7.6003,120.76397490501404
cachegen_dram_disk,1772733504.736501,7.6003,120.87950086593628
cachegen_dram_disk,1772733504.889698,7.6003,121.03269791603088
cachegen_dram_disk,1772733504.990317,7.6003,121.13331699371338
cachegen_dram_disk,1772733505.119908,7.6003,121.26290798187256
cachegen_dram_disk,1772733505.283561,7.6003,121.42656087875366
cachegen_dram_disk,1772733505.400776,7.6003,121.54377579689026
cachegen_dram_disk,1772733505.518239,7.6003,121.6612389087677
cachegen_dram_disk,1772733505.634028,7.6003,121.77702784538269
cachegen_dram_disk,1772733505.753219,7.6003,121.89621877670288
cachegen_dram_disk,1772733505.870789,7.6003,122.01378893852234
cachegen_dram_disk,1772733506.004239,7.6003,122.14723896980286
cachegen_dram_disk,1772733506.13608,7.6003,122.27907991409302
cachegen_dram_disk,1772733506.251717,7.6003,122.39471697807312
cachegen_dram_disk,1772733506.352447,7.6003,122.4954469203949
cachegen_dram_disk,1772733506.486759,7.6003,122.62975883483887
cachegen_dram_disk,1772733506.605776,7.6003,122.74877595901489
cachegen_dram_disk,1772733506.723368,7.6003,122.86636781692505
cachegen_dram_disk,1772733507.097693,7.6003,123.24069285392761
cachegen_dram_disk,1772733507.199956,7.6003,123.34295582771301
cachegen_dram_disk,1772733507.303965,7.6003,123.44696497917175
cachegen_dram_disk,1772733507.419653,7.6003,123.5626528263092
cachegen_dram_disk,1772733507.536887,7.6003,123.67988681793213
cachegen_dram_disk,1772733507.657008,7.6003,123.8000078201294
cachegen_dram_disk,1772733507.774181,7.6003,123.91718077659607
cachegen_dram_disk,1772733507.894954,7.6003,124.03795385360718
cachegen_dram_disk,1772733508.011704,7.6003,124.15470385551453
cachegen_dram_disk,1772733508.128777,7.6003,124.27177691459656
cachegen_dram_disk,1772733508.248812,7.6003,124.39181184768677
cachegen_dram_disk,1772733508.386233,7.6003,124.5292329788208
cachegen_dram_disk,1772733508.501426,7.6003,124.64442586898804
cachegen_dram_disk,1772733508.636802,7.6003,124.77980184555054
cachegen_dram_disk,1772733508.766308,7.6003,124.90930795669556
cachegen_dram_disk,1772733508.898584,7.6003,125.041583776474
cachegen_dram_disk,1772733509.015093,7.6003,125.15809297561646
cachegen_dram_disk,1772733509.132801,7.6003,125.27580094337463
cachegen_dram_disk,1772733509.250923,7.6003,125.39392280578613
cachegen_dram_disk,1772733509.394622,7.6003,125.53762197494507
cachegen_dram_disk,1772733509.51328,7.6003,125.65627980232239
cachegen_dram_disk,1772733509.629966,7.6003,125.77296590805054
cachegen_dram_disk,1772733509.749907,7.6003,125.89290690422058
cachegen_dram_disk,1772733509.866641,7.6003,126.00964093208313
cachegen_dram_disk,1772733510.035718,7.6003,126.1787178516388
cachegen_dram_disk,1772733510.143589,7.6003,126.28658890724182
cachegen_dram_disk,1772733510.253334,7.6003,126.39633393287659
cachegen_dram_disk,1772733510.369277,7.6003,126.51227688789368
cachegen_dram_disk,1772733510.486149,7.6003,126.62914896011353
cachegen_dram_disk,1772733510.606082,7.6003,126.74908185005188
cachegen_dram_disk,1772733510.72535,7.6003,126.86834979057312
cachegen_dram_disk,1772733510.843412,7.6003,126.98641180992126
cachegen_dram_disk,1772733510.960894,7.6003,127.10389399528503
cachegen_dram_disk,1772733511.09195,7.6003,127.23494982719421
cachegen_dram_disk,1772733511.21211,7.6003,127.35510993003845
cachegen_dram_disk,1772733511.329131,7.6003,127.47213077545166
cachegen_dram_disk,1772733511.481121,7.6003,127.62412095069885
cachegen_dram_disk,1772733511.861538,7.6003,128.00453782081604
cachegen_dram_disk,1772733511.962793,7.6003,128.10579299926758
cachegen_dram_disk,1772733512.063942,7.6003,128.20694184303284
cachegen_dram_disk,1772733512.165331,7.6003,128.30833077430725
cachegen_dram_disk,1772733512.271275,7.6003,128.41427493095398
cachegen_dram_disk,1772733512.379061,7.6003,128.52206087112427
cachegen_dram_disk,1772733512.497139,7.6003,128.6401388645172
cachegen_dram_disk,1772733512.614782,7.6003,128.75778198242188
cachegen_dram_disk,1772733512.734987,7.6003,128.87798690795898
cachegen_dram_disk,1772733512.856136,7.6003,128.99913597106934
cachegen_dram_disk,1772733512.976437,7.6003,129.11943697929382
cachegen_dram_disk,1772733513.096301,7.6003,129.23930096626282
cachegen_dram_disk,1772733513.234169,7.6003,129.3771688938141
cachegen_dram_disk,1772733513.334584,7.6003,129.47758388519287
cachegen_dram_disk,1772733513.451891,7.6003,129.594890832901
cachegen_dram_disk,1772733513.568644,7.6003,129.71164393424988
cachegen_dram_disk,1772733513.686854,7.6003,129.82985377311707
cachegen_dram_disk,1772733513.805316,7.6003,129.94831585884094
cachegen_dram_disk,1772733513.921864,7.6003,130.0648639202118
cachegen_dram_disk,1772733514.107854,7.6003,130.25085377693176
cachegen_dram_disk,1772733514.20918,7.6003,130.35218000411987
cachegen_dram_disk,1772733514.327435,7.6003,130.4704349040985
cachegen_dram_disk,1772733514.468131,7.6003,130.61113095283508
cachegen_dram_disk,1772733514.610033,7.6003,130.75303292274475
cachegen_dram_disk,1772733514.730041,7.6003,130.87304091453552
cachegen_dram_disk,1772733514.883225,7.6003,131.02622485160828
cachegen_dram_disk,1772733515.00008,7.6003,131.143079996109
cachegen_dram_disk,1772733515.339433,7.6003,131.48243284225464
cachegen_dram_disk,1772733515.440086,7.6003,131.58308577537537
cachegen_dram_disk,1772733515.542465,7.6003,131.6854648590088
cachegen_dram_disk,1772733515.662148,7.6003,131.80514788627625
cachegen_dram_disk,1772733515.779422,7.6003,131.92242193222046
cachegen_dram_disk,1772733515.899693,7.6003,132.04269289970398
cachegen_dram_disk,1772733516.02003,7.6003,132.1630299091339
cachegen_dram_disk,1772733516.138633,7.6003,132.28163290023804
cachegen_dram_disk,1772733516.258826,7.6003,132.4018259048462
cachegen_dram_disk,1772733516.376692,7.6003,132.51969194412231
cachegen_dram_disk,1772733516.497322,7.6003,132.64032196998596
cachegen_dram_disk,1772733516.615596,7.6003,132.75859594345093
cachegen_dram_disk,1772733516.747352,7.6003,132.89035177230835
cachegen_dram_disk,1772733516.86581,7.6003,133.00880980491638
cachegen_dram_disk,1772733516.983963,7.6003,133.12696290016174
cachegen_dram_disk,1772733517.103901,7.6003,133.24690079689026
cachegen_dram_disk,1772733517.22364,7.6003,133.3666398525238
cachegen_dram_disk,1772733517.339992,7.6003,133.48299193382263
cachegen_dram_disk,1772733517.472588,7.6003,133.6155879497528
cachegen_dram_disk,1772733517.588112,7.6003,133.73111200332642
cachegen_dram_disk,1772733517.70581,7.6003,133.84880995750427
cachegen_dram_disk,1772733518.092091,7.6003,134.23509097099304
cachegen_dram_disk,1772733518.192574,7.6003,134.33557391166687
cachegen_dram_disk,1772733518.333555,7.6003,134.47655487060547
cachegen_dram_disk,1772733518.445655,7.6003,134.5886549949646
cachegen_dram_disk,1772733518.551339,7.6003,134.69433879852295
cachegen_dram_disk,1772733518.661175,7.6003,134.80417490005493
cachegen_dram_disk,1772733518.780992,7.6003,134.92399191856384
cachegen_dram_disk,1772733518.898269,7.6003,135.041268825531
cachegen_dram_disk,1772733519.019087,7.6003,135.16208696365356
cachegen_dram_disk,1772733519.139754,7.6003,135.28275394439697
cachegen_dram_disk,1772733519.256829,7.6003,135.39982891082764
cachegen_dram_disk,1772733519.395692,7.6003,135.53869199752808
cachegen_dram_disk,1772733519.508689,7.6003,135.6516888141632
cachegen_dram_disk,1772733519.614568,7.6003,135.75756788253784
cachegen_dram_disk,1772733519.734324,7.6003,135.8773238658905
cachegen_dram_disk,1772733519.853718,7.6003,135.9967179298401
cachegen_dram_disk,1772733519.980675,7.6003,136.12367486953735
cachegen_dram_disk,1772733520.114444,7.6003,136.2574439048767
cachegen_dram_disk,1772733520.2674,7.6003,136.41039991378784
cachegen_dram_disk,1772733520.371039,7.6003,136.51403880119324
cachegen_dram_disk,1772733520.483392,7.6003,136.6263918876648
cachegen_dram_disk,1772733520.844454,7.6003,136.98745393753052
cachegen_dram_disk,1772733520.958158,7.6003,137.10115790367126
cachegen_dram_disk,1772733521.062816,7.6003,137.20581579208374
cachegen_dram_disk,1772733521.179714,7.6003,137.3227138519287
cachegen_dram_disk,1772733521.297275,7.6003,137.44027495384216
cachegen_dram_disk,1772733521.417737,7.6003,137.56073689460754
cachegen_dram_disk,1772733521.535501,7.6003,137.6785008907318
cachegen_dram_disk,1772733521.696852,7.6003,137.8398518562317
cachegen_dram_disk,1772733521.811023,7.6003,137.9540228843689
cachegen_dram_disk,1772733521.929214,7.6003,138.07221388816833
cachegen_dram_disk,1772733522.065696,7.6003,138.2086958885193
cachegen_dram_disk,1772733522.172489,7.6003,138.31548881530762
cachegen_dram_disk,1772733522.287551,7.6003,138.43055081367493
cachegen_dram_disk,1772733522.407587,7.6003,138.55058693885803
cachegen_dram_disk,1772733522.527433,7.6003,138.67043280601501
cachegen_dram_disk,1772733522.661673,7.6003,138.80467295646667
cachegen_dram_disk,1772733522.779075,7.6003,138.9220747947693
cachegen_dram_disk,1772733522.899623,7.6003,139.04262280464172
cachegen_dram_disk,1772733523.018807,7.6003,139.16180682182312
cachegen_dram_disk,1772733523.138537,7.6003,139.28153681755066
cachegen_dram_disk,1772733523.2587,7.6003,139.40169978141785
cachegen_dram_disk,1772733523.379011,7.6003,139.52201080322266
cachegen_dram_disk,1772733523.515288,7.6003,139.65828800201416
cachegen_dram_disk,1772733523.871748,7.6003,140.01474785804749
cachegen_dram_disk,1772733523.973088,7.6003,140.11608791351318
cachegen_dram_disk,1772733524.090466,7.6003,140.23346590995789
cachegen_dram_disk,1772733524.207971,7.6003,140.35097098350525
cachegen_dram_disk,1772733524.327049,7.6003,140.47004890441895
cachegen_dram_disk,1772733524.447762,7.6003,140.59076189994812
cachegen_dram_disk,1772733524.564265,7.6003,140.70726490020752
cachegen_dram_disk,1772733524.69009,7.6003,140.8330898284912
cachegen_dram_disk,1772733524.808676,7.6003,140.95167589187622
cachegen_dram_disk,1772733524.944962,7.6003,141.08796191215515
cachegen_dram_disk,1772733525.086323,7.6003,141.22932291030884
cachegen_dram_disk,1772733525.206425,7.6003,141.34942483901978
cachegen_dram_disk,1772733525.322963,7.6003,141.4659628868103
cachegen_dram_disk,1772733525.44793,7.6003,141.5909299850464
cachegen_dram_disk,1772733525.573906,7.6003,141.71690583229065
cachegen_dram_disk,1772733525.684367,7.6003,141.82736682891846
cachegen_dram_disk,1772733525.805759,7.6003,141.9487588405609
cachegen_dram_disk,1772733525.925765,7.6003,142.06876492500305
cachegen_dram_disk,1772733526.059476,7.6003,142.2024757862091
cachegen_dram_disk,1772733526.16108,7.6003,142.30407977104187
cachegen_dram_disk,1772733526.325573,7.6003,142.46857285499573
cachegen_dram_disk,1772733526.427468,7.6003,142.57046794891357
cachegen_dram_disk,1772733526.545754,7.6003,142.6887538433075
cachegen_dram_disk,1772733526.663435,7.6003,142.80643486976624
cachegen_dram_disk,1772733526.782449,7.6003,142.92544889450073
cachegen_dram_disk,1772733526.901272,7.6003,143.04427194595337
cachegen_dram_disk,1772733527.018325,7.6003,143.16132497787476
cachegen_dram_disk,1772733527.13729,7.6003,143.28028988838196
cachegen_dram_disk,1772733527.253997,7.6003,143.39699697494507
cachegen_dram_disk,1772733527.616464,7.6003,143.75946378707886
cachegen_dram_disk,1772733527.717833,7.6003,143.8608329296112
cachegen_dram_disk,1772733527.836449,7.6003,143.9794487953186
cachegen_dram_disk,1772733527.953551,7.6003,144.09655094146729
cachegen_dram_disk,1772733528.092419,7.6003,144.2354187965393
cachegen_dram_disk,1772733528.193296,7.6003,144.3362958431244
cachegen_dram_disk,1772733528.310959,7.6003,144.4539589881897
cachegen_dram_disk,1772733528.430558,7.6003,144.57355785369873
cachegen_dram_disk,1772733528.561594,7.6003,144.70459389686584
cachegen_dram_disk,1772733528.677284,7.6003,144.8202838897705
cachegen_dram_disk,1772733528.795768,7.6003,144.93876791000366
cachegen_dram_disk,1772733528.915037,7.6003,145.05803680419922
cachegen_dram_disk,1772733529.038177,7.6003,145.18117690086365
cachegen_dram_disk,1772733529.157644,7.6003,145.30064392089844
cachegen_dram_disk,1772733529.281412,7.6003,145.42441177368164
cachegen_dram_disk,1772733529.40357,7.6003,145.54656982421875
cachegen_dram_disk,1772733529.52264,7.6003,145.66563987731934
cachegen_dram_disk,1772733529.677237,7.6003,145.82023692131042
cachegen_dram_disk,1772733529.795593,7.6003,145.9385929107666
cachegen_dram_disk,1772733529.901915,7.6003,146.0449149608612
cachegen_dram_disk,1772733530.018783,7.6003,146.1617829799652
cachegen_dram_disk,1772733530.163694,7.6003,146.30669379234314
cachegen_dram_disk,1772733530.264255,7.6003,146.4072549343109
cachegen_dram_disk,1772733530.379651,7.6003,146.52265095710754
cachegen_dram_disk,1772733530.498378,7.6003,146.6413779258728
cachegen_dram_disk,1772733530.615434,7.6003,146.75843381881714
cachegen_dram_disk,1772733530.735305,7.6003,146.8783049583435
cachegen_dram_disk,1772733530.854038,7.6003,146.99703788757324
cachegen_dram_disk,1772733531.18389,7.6003,147.32688999176025
cachegen_dram_disk,1772733531.332746,7.6003,147.47574591636658
cachegen_dram_disk,1772733531.452509,7.6003,147.59550881385803
cachegen_dram_disk,1772733531.57057,7.6003,147.71356987953186
cachegen_dram_disk,1772733531.688708,7.6003,147.83170795440674
cachegen_dram_disk,1772733531.806355,7.6003,147.94935488700867
cachegen_dram_disk,1772733531.925253,7.6003,148.06825280189514
cachegen_dram_disk,1772733532.083941,7.6003,148.22694087028503
cachegen_dram_disk,1772733532.186149,7.6003,148.32914876937866
cachegen_dram_disk,1772733532.302975,7.6003,148.44597482681274
cachegen_dram_disk,1772733532.424549,7.6003,148.56754899024963
cachegen_dram_disk,1772733532.558948,7.6003,148.70194792747498
cachegen_dram_disk,1772733532.691557,7.6003,148.83455681800842
cachegen_dram_disk,1772733532.812038,7.6003,148.95503783226013
cachegen_dram_disk,1772733532.930309,7.6003,149.07330894470215
cachegen_dram_disk,1772733533.048754,7.6003,149.19175386428833
cachegen_dram_disk,1772733533.169386,7.6003,149.3123857975006
cachegen_dram_disk,1772733533.287375,7.6003,149.43037486076355
cachegen_dram_disk,1772733533.40642,7.6003,149.54941987991333
cachegen_dram_disk,1772733533.52471,7.6003,149.6677098274231
cachegen_dram_disk,1772733533.643143,7.6003,149.78614282608032
cachegen_dram_disk,1772733533.763394,7.6003,149.90639400482178
cachegen_dram_disk,1772733533.882045,7.6003,150.0250449180603
cachegen_dram_disk,1772733534.00051,7.6003,150.14350986480713
cachegen_dram_disk,1772733534.153777,7.6003,150.2967767715454
cachegen_dram_disk,1772733534.257277,7.6003,150.40027689933777
cachegen_dram_disk,1772733534.359101,7.6003,150.50210094451904
cachegen_dram_disk,1772733534.740298,7.6003,150.88329792022705
cachegen_dram_disk,1772733534.84751,7.6003,150.99050998687744
cachegen_dram_disk,1772733534.951119,7.6003,151.09411883354187
cachegen_dram_disk,1772733535.069256,7.6003,151.21225595474243
cachegen_dram_disk,1772733535.188036,7.6003,151.33103585243225
cachegen_dram_disk,1772733535.307359,7.6003,151.45035886764526
cachegen_dram_disk,1772733535.428204,7.6003,151.57120394706726
cachegen_dram_disk,1772733535.550566,7.6003,151.6935658454895
cachegen_dram_disk,1772733535.668097,7.6003,151.811096906662
cachegen_dram_disk,1772733535.821054,7.6003,151.96405386924744
cachegen_dram_disk,1772733535.930041,7.6003,152.07304096221924
cachegen_dram_disk,1772733536.094834,7.6003,152.2378339767456
cachegen_dram_disk,1772733536.196551,7.6003,152.33955097198486
cachegen_dram_disk,1772733536.300561,7.6003,152.44356083869934
cachegen_dram_disk,1772733536.418151,7.6003,152.56115078926086
cachegen_dram_disk,1772733536.537514,7.6003,152.68051385879517
cachegen_dram_disk,1772733536.679561,7.6003,152.82256078720093
cachegen_dram_disk,1772733536.798678,7.6003,152.9416778087616
cachegen_dram_disk,1772733536.949845,7.6003,153.09284496307373
cachegen_dram_disk,1772733537.070177,7.6003,153.2131769657135
cachegen_dram_disk,1772733537.195381,7.6003,153.33838081359863
cachegen_dram_disk,1772733537.31264,7.6003,153.45563983917236
cachegen_dram_disk,1772733537.429673,7.6003,153.5726728439331
cachegen_dram_disk,1772733537.54864,7.6003,153.69163990020752
cachegen_dram_disk,1772733537.668844,7.6003,153.8118438720703
cachegen_dram_disk,1772733537.788646,7.6003,153.93164587020874
cachegen_dram_disk,1772733537.949359,7.6003,154.09235882759094
cachegen_dram_disk,1772733538.292185,7.6003,154.43518495559692
cachegen_dram_disk,1772733538.394755,7.6003,154.53775477409363
cachegen_dram_disk,1772733538.506675,7.6003,154.64967489242554
cachegen_dram_disk,1772733538.607712,7.6003,154.7507119178772
cachegen_dram_disk,1772733538.72677,7.6003,154.86976981163025
cachegen_dram_disk,1772733538.847956,7.6003,154.99095582962036
cachegen_dram_disk,1772733538.967552,7.6003,155.11055183410645
cachegen_dram_disk,1772733539.102437,7.6003,155.24543690681458
cachegen_dram_disk,1772733539.254684,7.6003,155.39768385887146
cachegen_dram_disk,1772733539.36457,7.6003,155.50756978988647
cachegen_dram_disk,1772733539.468853,7.6003,155.6118528842926
cachegen_dram_disk,1772733539.587942,7.6003,155.73094177246094
cachegen_dram_disk,1772733539.709468,7.6003,155.85246777534485
cachegen_dram_disk,1772733539.829212,7.6003,155.97221183776855
cachegen_dram_disk,1772733539.948006,7.6003,156.09100580215454
cachegen_dram_disk,1772733540.080495,7.6003,156.22349500656128
cachegen_dram_disk,1772733540.199169,7.6003,156.3421688079834
cachegen_dram_disk,1772733540.319028,7.6003,156.46202778816223
cachegen_dram_disk,1772733540.438292,7.6003,156.5812919139862
cachegen_dram_disk,1772733540.567051,7.6003,156.71005082130432
cachegen_dram_disk,1772733540.695121,7.6003,156.8381209373474
cachegen_dram_disk,1772733540.815093,7.6003,156.95809292793274
cachegen_dram_disk,1772733540.932756,7.6003,157.07575583457947
cachegen_dram_disk,1772733541.053519,7.6003,157.19651889801025
cachegen_dram_disk,1772733541.171775,7.6003,157.3147749900818
cachegen_dram_disk,1772733541.305636,7.6003,157.4486358165741
cachegen_dram_disk,1772733541.656663,7.6003,157.79966282844543
cachegen_dram_disk,1772733541.780435,7.6003,157.92343497276306
cachegen_dram_disk,1772733541.922887,7.6003,158.06588697433472
cachegen_dram_disk,1772733542.025012,7.6003,158.16801190376282
cachegen_dram_disk,1772733542.189815,7.6003,158.3328149318695
cachegen_dram_disk,1772733542.292439,7.6003,158.43543887138367
cachegen_dram_disk,1772733542.408394,7.6003,158.5513939857483
cachegen_dram_disk,1772733542.55941,7.6003,158.70240998268127
cachegen_dram_disk,1772733542.665734,7.6003,158.8087339401245
cachegen_dram_disk,1772733542.770126,7.6003,158.9131259918213
cachegen_dram_disk,1772733542.88874,7.6003,159.03173995018005
cachegen_dram_disk,1772733543.010262,7.6003,159.15326189994812
cachegen_dram_disk,1772733543.142342,7.6003,159.28534197807312
cachegen_dram_disk,1772733543.275784,7.6003,159.41878390312195
cachegen_dram_disk,1772733543.394334,7.6003,159.5373339653015
cachegen_dram_disk,1772733543.511458,7.6003,159.6544578075409
cachegen_dram_disk,1772733543.631704,7.6003,159.7747039794922
cachegen_dram_disk,1772733543.752903,7.6003,159.89590287208557
cachegen_dram_disk,1772733543.870645,7.6003,160.01364493370056
cachegen_dram_disk,1772733544.003585,7.6003,160.14658498764038
cachegen_dram_disk,1772733544.122283,7.6003,160.265282869339
cachegen_dram_disk,1772733544.257113,7.6003,160.40011286735535
cachegen_dram_disk,1772733544.375175,7.6003,160.5181748867035
cachegen_dram_disk,1772733544.507491,7.6003,160.6504909992218
cachegen_dram_disk,1772733544.622358,7.6003,160.7653579711914
cachegen_dram_disk,1772733544.931344,7.6003,161.07434391975403
cachegen_dram_disk,1772733545.061298,7.6003,161.2042977809906
cachegen_dram_disk,1772733545.178992,7.6003,161.3219919204712
cachegen_dram_disk,1772733545.300437,7.6003,161.4434368610382
cachegen_dram_disk,1772733545.427865,7.6003,161.57086491584778
cachegen_dram_disk,1772733545.546537,7.6003,161.68953680992126
cachegen_dram_disk,1772733545.668727,7.6003,161.81172680854797
cachegen_dram_disk,1772733545.797257,7.6003,161.94025683403015
cachegen_dram_disk,1772733545.935752,7.6003,162.07875180244446
cachegen_dram_disk,1772733546.036247,7.6003,162.17924690246582
cachegen_dram_disk,1772733546.154179,7.6003,162.29717898368835
cachegen_dram_disk,1772733546.29023,7.6003,162.4332299232483
cachegen_dram_disk,1772733546.409875,7.6003,162.5528748035431
cachegen_dram_disk,1772733546.555105,7.6003,162.69810485839844
cachegen_dram_disk,1772733546.673567,7.6003,162.81656694412231
cachegen_dram_disk,1772733546.794549,7.6003,162.93754887580872
cachegen_dram_disk,1772733546.914432,7.6003,163.05743193626404
cachegen_dram_disk,1772733547.036495,7.6003,163.1794948577881
cachegen_dram_disk,1772733547.156929,7.6003,163.2999289035797
cachegen_dram_disk,1772733547.280529,7.6003,163.42352890968323
cachegen_dram_disk,1772733547.433142,7.6003,163.57614183425903
cachegen_dram_disk,1772733547.571687,7.6003,163.71468687057495
cachegen_dram_disk,1772733547.673951,7.6003,163.81695079803467
cachegen_dram_disk,1772733547.803655,7.6003,163.94665479660034
cachegen_dram_disk,1772733548.138603,7.6003,164.28160285949707
cachegen_dram_disk,1772733548.258781,7.6003,164.40178084373474
cachegen_dram_disk,1772733548.377241,7.6003,164.5202407836914
cachegen_dram_disk,1772733548.495772,7.6003,164.63877177238464
cachegen_dram_disk,1772733548.663267,7.6003,164.80626678466797
cachegen_dram_disk,1772733548.770015,7.6003,164.91301488876343
cachegen_dram_disk,1772733548.873657,7.6003,165.01665687561035
cachegen_dram_disk,1772733548.997301,7.6003,165.140300989151
cachegen_dram_disk,1772733549.11588,7.6003,165.25887989997864
cachegen_dram_disk,1772733549.234452,7.6003,165.37745189666748
cachegen_dram_disk,1772733549.353494,7.6003,165.49649381637573
cachegen_dram_disk,1772733549.472173,7.6003,165.6151728630066
cachegen_dram_disk,1772733549.595027,7.6003,165.7380268573761
cachegen_dram_disk,1772733549.732038,7.6003,165.87503790855408
cachegen_dram_disk,1772733549.837147,7.6003,165.9801468849182
cachegen_dram_disk,1772733549.97407,7.6003,166.1170699596405
cachegen_dram_disk,1772733550.090098,7.6003,166.23309779167175
cachegen_dram_disk,1772733550.211068,7.6003,166.3540678024292
cachegen_dram_disk,1772733550.330748,7.6003,166.4737479686737
cachegen_dram_disk,1772733550.468725,7.6003,166.61172485351562
cachegen_dram_disk,1772733550.604684,7.6003,166.7476840019226
cachegen_dram_disk,1772733550.730367,7.6003,166.87336683273315
cachegen_dram_disk,1772733550.886687,7.6003,167.0296869277954
cachegen_dram_disk,1772733550.991634,7.6003,167.13463377952576
cachegen_dram_disk,1772733551.110279,7.6003,167.25327897071838
cachegen_dram_disk,1772733551.433843,7.6003,167.5768427848816
cachegen_dram_disk,1772733551.547144,7.6003,167.69014382362366
cachegen_dram_disk,1772733551.668854,7.6003,167.81185388565063
cachegen_dram_disk,1772733551.786763,7.6003,167.929762840271
cachegen_dram_disk,1772733551.924636,7.6003,168.06763577461243
cachegen_dram_disk,1772733552.028058,7.6003,168.17105793952942
cachegen_dram_disk,1772733552.149176,7.6003,168.2921757698059
cachegen_dram_disk,1772733552.26883,7.6003,168.4118299484253
cachegen_dram_disk,1772733552.389677,7.6003,168.53267693519592
cachegen_dram_disk,1772733552.525104,7.6003,168.66810393333435
cachegen_dram_disk,1772733552.643677,7.6003,168.7866768836975
cachegen_dram_disk,1772733552.779232,7.6003,168.92223191261292
cachegen_dram_disk,1772733552.897969,7.6003,169.0409688949585
cachegen_dram_disk,1772733553.018281,7.6003,169.16128087043762
cachegen_dram_disk,1772733553.140846,7.6003,169.28384590148926
cachegen_dram_disk,1772733553.257754,7.6003,169.40075397491455
cachegen_dram_disk,1772733553.39432,7.6003,169.53731989860535
cachegen_dram_disk,1772733553.512857,7.6003,169.65585684776306
cachegen_dram_disk,1772733553.634954,7.6003,169.77795386314392
cachegen_dram_disk,1772733553.755068,7.6003,169.8980679512024
cachegen_dram_disk,1772733553.905883,7.6003,170.0488829612732
cachegen_dram_disk,1772733554.02554,7.6003,170.16854000091553
cachegen_dram_disk,1772733554.164547,7.6003,170.30754685401917
cachegen_dram_disk,1772733554.28633,7.6003,170.42932987213135
cachegen_dram_disk,1772733554.387618,7.6003,170.5306179523468
cachegen_dram_disk,1772733554.508554,7.6003,170.65155386924744
cachegen_dram_disk,1772733554.915362,7.6003,171.05836176872253
cachegen_dram_disk,1772733555.019268,7.6003,171.1622679233551
cachegen_dram_disk,1772733555.139467,7.6003,171.28246688842773
cachegen_dram_disk,1772733555.259954,7.6003,171.40295386314392
cachegen_dram_disk,1772733555.379614,7.6003,171.52261400222778
cachegen_dram_disk,1772733555.500261,7.6003,171.64326095581055
cachegen_dram_disk,1772733555.619276,7.6003,171.76227593421936
cachegen_dram_disk,1772733555.74041,7.6003,171.88340997695923
cachegen_dram_disk,1772733555.872488,7.6003,172.01548790931702
cachegen_dram_disk,1772733555.986149,7.6003,172.12914896011353
cachegen_dram_disk,1772733556.122084,7.6003,172.26508378982544
cachegen_dram_disk,1772733556.228056,7.6003,172.37105584144592
cachegen_dram_disk,1772733556.347485,7.6003,172.49048495292664
cachegen_dram_disk,1772733556.470544,7.6003,172.61354398727417
cachegen_dram_disk,1772733556.589777,7.6003,172.73277688026428
cachegen_dram_disk,1772733556.712404,7.6003,172.85540390014648
cachegen_dram_disk,1772733556.844805,7.6003,172.98780488967896
cachegen_dram_disk,1772733556.967842,7.6003,173.1108419895172
cachegen_dram_disk,1772733557.088609,7.6003,173.23160886764526
cachegen_dram_disk,1772733557.211204,7.6003,173.35420393943787
cachegen_dram_disk,1772733557.331189,7.6003,173.47418880462646
cachegen_dram_disk,1772733557.45985,7.6003,173.60284996032715
cachegen_dram_disk,1772733557.582406,7.6003,173.72540593147278
cachegen_dram_disk,1772733557.700563,7.6003,173.8435628414154
cachegen_dram_disk,1772733558.002009,7.6003,174.14500880241394
cachegen_dram_disk,1772733558.150835,7.6003,174.29383492469788
cachegen_dram_disk,1772733558.257347,7.6003,174.40034699440002
cachegen_dram_disk,1772733558.378803,7.6003,174.52180290222168
cachegen_dram_disk,1772733558.499664,7.6003,174.64266395568848
cachegen_dram_disk,1772733558.617132,7.6003,174.7601318359375
cachegen_dram_disk,1772733558.73725,7.6003,174.88024997711182
cachegen_dram_disk,1772733558.854309,7.6003,174.99730896949768
cachegen_dram_disk,1772733558.974365,7.6003,175.11736488342285
cachegen_dram_disk,1772733559.097219,7.6003,175.24021887779236
cachegen_dram_disk,1772733559.21564,7.6003,175.35863995552063
cachegen_dram_disk,1772733559.336976,7.6003,175.479975938797
cachegen_dram_disk,1772733559.504494,7.6003,175.64749383926392
cachegen_dram_disk,1772733559.630684,7.6003,175.7736837863922
cachegen_dram_disk,1772733559.736834,7.6003,175.87983393669128
cachegen_dram_disk,1772733559.855283,7.6003,175.9982829093933
cachegen_dram_disk,1772733559.976,7.6003,176.11899995803833
cachegen_dram_disk,1772733560.104503,7.6003,176.2475028038025
cachegen_dram_disk,1772733560.216122,7.6003,176.359121799469
cachegen_dram_disk,1772733560.338469,7.6003,176.48146891593933
cachegen_dram_disk,1772733560.505732,7.6003,176.6487319469452
cachegen_dram_disk,1772733560.612642,7.6003,176.75564193725586
cachegen_dram_disk,1772733560.910601,7.6003,177.05360078811646
cachegen_dram_disk,1772733561.037278,7.6003,177.18027782440186
cachegen_dram_disk,1772733561.155724,7.6003,177.29872393608093
cachegen_dram_disk,1772733561.275051,7.6003,177.4180510044098
cachegen_dram_disk,1772733561.395014,7.6003,177.5380139350891
cachegen_dram_disk,1772733561.517272,7.6003,177.66027188301086
cachegen_dram_disk,1772733561.638601,7.6003,177.78160095214844
cachegen_dram_disk,1772733561.769009,7.6003,177.9120090007782
cachegen_dram_disk,1772733561.890947,7.6003,178.0339469909668
cachegen_dram_disk,1772733562.011086,7.6003,178.1540858745575
cachegen_dram_disk,1772733562.132526,7.6003,178.27552580833435
cachegen_dram_disk,1772733562.254417,7.6003,178.39741683006287
cachegen_dram_disk,1772733562.377534,7.6003,178.52053380012512
cachegen_dram_disk,1772733562.514547,7.6003,178.6575469970703
cachegen_dram_disk,1772733562.665921,7.6003,178.80892086029053
cachegen_dram_disk,1772733562.770213,7.6003,178.91321277618408
cachegen_dram_disk,1772733562.901759,7.6003,179.0447587966919
cachegen_dram_disk,1772733563.020631,7.6003,179.16363096237183
cachegen_dram_disk,1772733563.17381,7.6003,179.31680989265442
cachegen_dram_disk,1772733563.284903,7.6003,179.42790293693542
cachegen_dram_disk,1772733563.386938,7.6003,179.5299379825592
cachegen_dram_disk,1772733563.73787,7.6003,179.88086986541748
cachegen_dram_disk,1772733563.88534,7.6003,180.0283398628235
cachegen_dram_disk,1772733563.990954,7.6003,180.13395380973816
cachegen_dram_disk,1772733564.114668,7.6003,180.25766777992249
cachegen_dram_disk,1772733564.236047,7.6003,180.37904691696167
cachegen_dram_disk,1772733564.356148,7.6003,180.4991478919983
cachegen_dram_disk,1772733564.478634,7.6003,180.62163400650024
cachegen_dram_disk,1772733564.600099,7.6003,180.7430989742279
cachegen_dram_disk,1772733564.745429,7.6003,180.8884289264679
cachegen_dram_disk,1772733564.86659,7.6003,181.0095899105072
cachegen_dram_disk,1772733564.987532,7.6003,181.13053178787231
cachegen_dram_disk,1772733565.120316,7.6003,181.2633159160614
cachegen_dram_disk,1772733565.244412,7.6003,181.38741183280945
cachegen_dram_disk,1772733565.396315,7.6003,181.53931498527527
cachegen_dram_disk,1772733565.50174,7.6003,181.6447398662567
cachegen_dram_disk,1772733565.60596,7.6003,181.74895977973938
cachegen_dram_disk,1772733565.738928,7.6003,181.88192796707153
cachegen_dram_disk,1772733565.869938,7.6003,182.01293778419495
cachegen_dram_disk,1772733565.996155,7.6003,182.13915491104126
cachegen_dram_disk,1772733566.137757,7.6003,182.28075695037842
cachegen_dram_disk,1772733566.23948,7.6003,182.38247990608215
cachegen_dram_disk,1772733566.365975,7.6003,182.50897479057312
cachegen_dram_disk,1772733566.711737,7.6003,182.85473680496216
cachegen_dram_disk,1772733566.812678,7.6003,182.95567798614502
cachegen_dram_disk,1772733566.932923,7.6003,183.07592296600342
cachegen_dram_disk,1772733567.052866,7.6003,183.1958658695221
cachegen_dram_disk,1772733567.174667,7.6003,183.3176667690277
cachegen_dram_disk,1772733567.297295,7.6003,183.4402949810028
cachegen_dram_disk,1772733567.420217,7.6003,183.56321692466736
cachegen_dram_disk,1772733567.572879,7.6003,183.71587896347046
cachegen_dram_disk,1772733567.69034,7.6003,183.8333399295807
cachegen_dram_disk,1772733567.794909,7.6003,183.93790888786316
cachegen_dram_disk,1772733567.908922,7.6003,184.05192184448242
cachegen_dram_disk,1772733568.047523,7.6003,184.19052290916443
cachegen_dram_disk,1772733568.204739,7.6003,184.34773898124695
cachegen_dram_disk,1772733568.306669,7.6003,184.44966888427734
cachegen_dram_disk,1772733568.430593,7.6003,184.57359290122986
cachegen_dram_disk,1772733568.554211,7.6003,184.6972107887268
cachegen_dram_disk,1772733568.674305,7.6003,184.81730484962463
cachegen_dram_disk,1772733568.796036,7.6003,184.93903589248657
cachegen_dram_disk,1772733568.916341,7.6003,185.0593409538269
cachegen_dram_disk,1772733569.036708,7.6003,185.1797080039978
cachegen_dram_disk,1772733569.362183,7.6003,185.5051829814911
cachegen_dram_disk,1772733569.491944,7.6003,185.63494396209717
cachegen_dram_disk,1772733569.61256,7.6003,185.75555992126465
cachegen_dram_disk,1772733569.731419,7.6003,185.87441897392273
cachegen_dram_disk,1772733569.852039,7.6003,185.99503898620605
cachegen_dram_disk,1772733570.007321,7.6003,186.15032076835632
cachegen_dram_disk,1772733570.122884,7.6003,186.2658839225769
cachegen_dram_disk,1772733570.226391,7.6003,186.36939096450806
cachegen_dram_disk,1772733570.348638,7.6003,186.49163794517517
cachegen_dram_disk,1772733570.469715,7.6003,186.61271500587463
cachegen_dram_disk,1772733570.603695,7.6003,186.74669480323792
cachegen_dram_disk,1772733570.738835,7.6003,186.88183498382568
cachegen_dram_disk,1772733570.860626,7.6003,187.00362586975098
cachegen_dram_disk,1772733570.980403,7.6003,187.1234028339386
cachegen_dram_disk,1772733571.137296,7.6003,187.28029584884644
cachegen_dram_disk,1772733571.248894,7.6003,187.39189386367798
cachegen_dram_disk,1772733571.351929,7.6003,187.4949288368225
cachegen_dram_disk,1772733571.473859,7.6003,187.616858959198
cachegen_dram_disk,1772733571.593833,7.6003,187.73683285713196
cachegen_dram_disk,1772733572.01,7.6003,188.1529998779297
cachegen_dram_disk,1772733572.110593,7.6003,188.25359296798706
cachegen_dram_disk,1772733572.216298,7.6003,188.35929799079895
cachegen_dram_disk,1772733572.362723,7.6003,188.50572299957275
cachegen_dram_disk,1772733572.4718,7.6003,188.61479997634888
cachegen_dram_disk,1772733572.57288,7.6003,188.71587991714478
cachegen_dram_disk,1772733572.693291,7.6003,188.83629083633423
cachegen_dram_disk,1772733572.812755,7.6003,188.95575499534607
cachegen_dram_disk,1772733572.94672,7.6003,189.08971977233887
cachegen_dram_disk,1772733573.0804,7.6003,189.22339987754822
cachegen_dram_disk,1772733573.204586,7.6003,189.34758591651917
cachegen_dram_disk,1772733573.323907,7.6003,189.46690678596497
cachegen_dram_disk,1772733573.447007,7.6003,189.5900068283081
cachegen_dram_disk,1772733573.568862,7.6003,189.71186184883118
cachegen_dram_disk,1772733573.686382,7.6003,189.82938194274902
cachegen_dram_disk,1772733573.821335,7.6003,189.9643349647522
cachegen_dram_disk,1772733573.951931,7.6003,190.0949308872223
cachegen_dram_disk,1772733574.102446,7.6003,190.24544596672058
cachegen_dram_disk,1772733574.250945,7.6003,190.393944978714
cachegen_dram_disk,1772733574.371956,7.6003,190.51495599746704
cachegen_dram_disk,1772733574.510605,7.6003,190.65360498428345
cachegen_dram_disk,1772733574.615991,7.6003,190.7589910030365
cachegen_dram_disk,1772733574.737071,7.6003,190.8800709247589
cachegen_dram_disk,1772733574.858352,7.6003,191.0013518333435
cachegen_dram_disk,1772733575.211598,7.6003,191.35459780693054
cachegen_dram_disk,1772733575.335812,7.6003,191.47881197929382
cachegen_dram_disk,1772733575.456501,7.6003,191.5995008945465
cachegen_dram_disk,1772733575.57636,7.6003,191.71935987472534
cachegen_dram_disk,1772733575.698566,7.6003,191.84156584739685
cachegen_dram_disk,1772733575.836556,7.6003,191.97955584526062
cachegen_dram_disk,1772733575.96267,7.6003,192.10566997528076
cachegen_dram_disk,1772733576.084492,7.6003,192.22749185562134
cachegen_dram_disk,1772733576.23931,7.6003,192.38230991363525
cachegen_dram_disk,1772733576.347378,7.6003,192.49037790298462
cachegen_dram_disk,1772733576.476387,7.6003,192.6193869113922
cachegen_dram_disk,1772733576.581255,7.6003,192.72425484657288
cachegen_dram_disk,1772733576.699647,7.6003,192.8426468372345
cachegen_dram_disk,1772733576.821083,7.6003,192.9640829563141
cachegen_dram_disk,1772733576.960456,7.6003,193.10345578193665
cachegen_dram_disk,1772733577.063993,7.6003,193.20699286460876
cachegen_dram_disk,1772733577.208246,7.6003,193.35124588012695
cachegen_dram_disk,1772733577.314629,7.6003,193.4576289653778
cachegen_dram_disk,1772733577.497026,7.6003,193.64002585411072
cachegen_dram_disk,1772733577.626662,7.6003,193.76966190338135
cachegen_dram_disk,1772733577.732644,7.6003,193.87564396858215
cachegen_dram_disk,1772733577.865379,7.6003,194.00837898254395
cachegen_dram_disk,1772733577.966257,7.6003,194.10925698280334
cachegen_dram_disk,1772733578.281186,7.6003,194.42418599128723
cachegen_dram_disk,1772733578.403523,7.6003,194.54652285575867
cachegen_dram_disk,1772733578.524188,7.6003,194.66718792915344
cachegen_dram_disk,1772733578.646385,7.6003,194.78938484191895
cachegen_dram_disk,1772733578.765457,7.6003,194.90845680236816
cachegen_dram_disk,1772733578.891172,7.6003,195.0341718196869
cachegen_dram_disk,1772733579.010883,7.6003,195.15388298034668
cachegen_dram_disk,1772733579.184317,7.6003,195.32731699943542
cachegen_dram_disk,1772733579.289366,7.6003,195.43236589431763
cachegen_dram_disk,1772733579.395579,7.6003,195.53857898712158
cachegen_dram_disk,1772733579.514373,7.6003,195.65737295150757
cachegen_dram_disk,1772733579.654036,7.6003,195.7970359325409
cachegen_dram_disk,1772733579.758775,7.6003,195.90177488327026
cachegen_dram_disk,1772733579.880138,7.6003,196.02313780784607
cachegen_dram_disk,1772733580.003694,7.6003,196.14669394493103
cachegen_dram_disk,1772733580.124332,7.6003,196.2673318386078
cachegen_dram_disk,1772733580.246613,7.6003,196.3896129131317
cachegen_dram_disk,1772733580.378964,7.6003,196.52196383476257
cachegen_dram_disk,1772733580.498111,7.6003,196.6411108970642
cachegen_dram_disk,1772733580.63135,7.6003,196.77434992790222
cachegen_dram_disk,1772733580.767732,7.6003,196.91073179244995
cachegen_dram_disk,1772733580.887911,7.6003,197.03091096878052
cachegen_dram_disk,1772733581.244007,7.6003,197.38700699806213
cachegen_dram_disk,1772733581.353995,7.6003,197.496994972229
cachegen_dram_disk,1772733581.461093,7.6003,197.60409283638
cachegen_dram_disk,1772733581.582775,7.6003,197.72577500343323
cachegen_dram_disk,1772733581.715718,7.6003,197.858717918396
cachegen_dram_disk,1772733581.838228,7.6003,197.98122787475586
cachegen_dram_disk,1772733581.976933,7.6003,198.11993288993835
cachegen_dram_disk,1772733582.110751,7.6003,198.25375080108643
cachegen_dram_disk,1772733582.239398,7.6003,198.38239789009094
cachegen_dram_disk,1772733582.360566,7.6003,198.50356578826904
cachegen_dram_disk,1772733582.48457,7.6003,198.62756991386414
cachegen_dram_disk,1772733582.605738,7.6003,198.74873781204224
cachegen_dram_disk,1772733582.728335,7.6003,198.87133479118347
cachegen_dram_disk,1772733582.847301,7.6003,198.99030089378357
cachegen_dram_disk,1772733582.970556,7.6003,199.11355590820312
cachegen_dram_disk,1772733583.090607,7.6003,199.23360681533813
cachegen_dram_disk,1772733583.269721,7.6003,199.4127209186554
cachegen_dram_disk,1772733583.376677,7.6003,199.51967692375183
cachegen_dram_disk,1772733583.722447,7.6003,199.86544680595398
cachegen_dram_disk,1772733583.863706,7.6003,200.0067059993744
cachegen_dram_disk,1772733583.964517,7.6003,200.10751700401306
cachegen_dram_disk,1772733584.077559,7.6003,200.22055888175964
cachegen_dram_disk,1772733584.201102,7.6003,200.34410190582275
cachegen_dram_disk,1772733584.32246,7.6003,200.4654598236084
cachegen_dram_disk,1772733584.456241,7.6003,200.5992407798767
cachegen_dram_disk,1772733584.609812,7.6003,200.75281190872192
cachegen_dram_disk,1772733584.74294,7.6003,200.88593983650208
cachegen_dram_disk,1772733584.864898,7.6003,201.00789785385132
cachegen_dram_disk,1772733584.986036,7.6003,201.12903594970703
cachegen_dram_disk,1772733585.114854,7.6003,201.25785398483276
cachegen_dram_disk,1772733585.234979,7.6003,201.3779788017273
cachegen_dram_disk,1772733585.356,7.6003,201.49899983406067
cachegen_dram_disk,1772733585.480812,7.6003,201.62381196022034
cachegen_dram_disk,1772733585.609819,7.6003,201.75281882286072
cachegen_dram_disk,1772733585.730119,7.6003,201.8731188774109
cachegen_dram_disk,1772733585.854015,7.6003,201.99701499938965
cachegen_dram_disk,1772733585.97391,7.6003,202.11690998077393
cachegen_dram_disk,1772733586.347756,7.6003,202.4907557964325
cachegen_dram_disk,1772733586.471543,7.6003,202.6145429611206
cachegen_dram_disk,1772733586.596158,7.6003,202.73915791511536
cachegen_dram_disk,1772733586.718769,7.6003,202.86176896095276
cachegen_dram_disk,1772733586.841126,7.6003,202.98412585258484
cachegen_dram_disk,1772733586.9787,7.6003,203.12169981002808
cachegen_dram_disk,1772733587.098978,7.6003,203.24197793006897
cachegen_dram_disk,1772733587.238003,7.6003,203.38100290298462
cachegen_dram_disk,1772733587.363248,7.6003,203.50624799728394
cachegen_dram_disk,1772733587.4861,7.6003,203.62909984588623
cachegen_dram_disk,1772733587.609103,7.6003,203.75210285186768
cachegen_dram_disk,1772733587.73202,7.6003,203.87501978874207
cachegen_dram_disk,1772733587.879293,7.6003,204.02229285240173
cachegen_dram_disk,1772733587.997234,7.6003,204.14023399353027
cachegen_dram_disk,1772733588.112813,7.6003,204.25581288337708
cachegen_dram_disk,1772733588.234541,7.6003,204.37754082679749
cachegen_dram_disk,1772733588.385966,7.6003,204.5289659500122
cachegen_dram_disk,1772733588.516178,7.6003,204.65917778015137
cachegen_dram_disk,1772733588.647306,7.6003,204.79030585289001
cachegen_dram_disk,1772733588.776716,7.6003,204.91971588134766
cachegen_dram_disk,1772733589.121258,7.6003,205.26425790786743
cachegen_dram_disk,1772733589.244823,7.6003,205.38782286643982
cachegen_dram_disk,1772733589.365642,7.6003,205.5086419582367
cachegen_dram_disk,1772733589.488522,7.6003,205.63152194023132
cachegen_dram_disk,1772733589.608879,7.6003,205.7518789768219
cachegen_dram_disk,1772733589.75051,7.6003,205.89350986480713
cachegen_dram_disk,1772733589.854564,7.6003,205.99756383895874
cachegen_dram_disk,1772733589.990676,7.6003,206.13367581367493
cachegen_dram_disk,1772733590.113191,7.6003,206.25619077682495
cachegen_dram_disk,1772733590.236095,7.6003,206.37909483909607
cachegen_dram_disk,1772733590.359967,7.6003,206.50296688079834
cachegen_dram_disk,1772733590.481488,7.6003,206.6244878768921
cachegen_dram_disk,1772733590.606062,7.6003,206.74906182289124
cachegen_dram_disk,1772733590.734105,7.6003,206.8771049976349
cachegen_dram_disk,1772733590.885245,7.6003,207.028244972229
cachegen_dram_disk,1772733591.00754,7.6003,207.15053987503052
cachegen_dram_disk,1772733591.140191,7.6003,207.28319096565247
cachegen_dram_disk,1772733591.253991,7.6003,207.396990776062
cachegen_dram_disk,1772733591.648471,7.6003,207.79147100448608
cachegen_dram_disk,1772733591.750909,7.6003,207.89390897750854
cachegen_dram_disk,1772733591.858841,7.6003,208.00184082984924
cachegen_dram_disk,1772733591.963703,7.6003,208.10670280456543
cachegen_dram_disk,1772733592.08851,7.6003,208.23150992393494
cachegen_dram_disk,1772733592.209983,7.6003,208.3529829978943
cachegen_dram_disk,1772733592.332032,7.6003,208.47503185272217
cachegen_dram_disk,1772733592.486323,7.6003,208.62932300567627
cachegen_dram_disk,1772733592.591698,7.6003,208.7346978187561
cachegen_dram_disk,1772733592.712086,7.6003,208.85508584976196
cachegen_dram_disk,1772733592.854358,7.6003,208.9973578453064
cachegen_dram_disk,1772733592.957333,7.6003,209.10033297538757
cachegen_dram_disk,1772733593.08197,7.6003,209.2249698638916
cachegen_dram_disk,1772733593.202374,7.6003,209.34537386894226
cachegen_dram_disk,1772733593.354719,7.6003,209.49771881103516
cachegen_dram_disk,1772733593.477767,7.6003,209.62076687812805
cachegen_dram_disk,1772733593.599463,7.6003,209.74246287345886
cachegen_dram_disk,1772733593.721267,7.6003,209.864266872406
cachegen_dram_disk,1772733593.843548,7.6003,209.98654794692993
cachegen_dram_disk,1772733594.191878,7.6003,210.33487796783447
cachegen_dram_disk,1772733594.299249,7.6003,210.44224882125854
cachegen_dram_disk,1772733594.443554,7.6003,210.58655381202698
cachegen_dram_disk,1772733594.55179,7.6003,210.6947898864746
cachegen_dram_disk,1772733594.673652,7.6003,210.81665182113647
cachegen_dram_disk,1772733594.803015,7.6003,210.94601488113403
cachegen_dram_disk,1772733594.917425,7.6003,211.0604248046875
cachegen_dram_disk,1772733595.038811,7.6003,211.18181085586548
cachegen_dram_disk,1772733595.160524,7.6003,211.3035237789154
cachegen_dram_disk,1772733595.30119,7.6003,211.444189786911
cachegen_dram_disk,1772733595.463568,7.6003,211.60656785964966
cachegen_dram_disk,1772733595.565109,7.6003,211.70810890197754
cachegen_dram_disk,1772733595.682781,7.6003,211.82578086853027
cachegen_dram_disk,1772733595.804634,7.6003,211.9476339817047
cachegen_dram_disk,1772733595.942555,7.6003,212.08555483818054
cachegen_dram_disk,1772733596.063748,7.6003,212.20674777030945
cachegen_dram_disk,1772733596.185449,7.6003,212.32844877243042
cachegen_dram_disk,1772733596.539309,7.6003,212.68230891227722
cachegen_dram_disk,1772733596.639559,7.6003,212.78255891799927
cachegen_dram_disk,1772733596.758973,7.6003,212.90197277069092
cachegen_dram_disk,1772733596.882711,7.6003,213.02571082115173
cachegen_dram_disk,1772733597.018802,7.6003,213.16180181503296
cachegen_dram_disk,1772733597.139109,7.6003,213.28210878372192
cachegen_dram_disk,1772733597.278212,7.6003,213.42121195793152
cachegen_dram_disk,1772733597.404433,7.6003,213.5474328994751
cachegen_dram_disk,1772733597.545129,7.6003,213.68812894821167
cachegen_dram_disk,1772733597.687575,7.6003,213.83057498931885
cachegen_dram_disk,1772733597.799189,7.6003,213.9421889781952
cachegen_dram_disk,1772733597.923479,7.6003,214.06647896766663
cachegen_dram_disk,1772733598.065734,7.6003,214.20873379707336
cachegen_dram_disk,1772733598.16932,7.6003,214.31231999397278
cachegen_dram_disk,1772733598.290743,7.6003,214.43374300003052
cachegen_dram_disk,1772733598.412816,7.6003,214.5558159351349
cachegen_dram_disk,1772733598.536799,7.6003,214.67979884147644
cachegen_dram_disk,1772733598.912914,7.6003,215.0559139251709
cachegen_dram_disk,1772733599.035807,7.6003,215.1788067817688
cachegen_dram_disk,1772733599.158903,7.6003,215.3019027709961
cachegen_dram_disk,1772733599.298027,7.6003,215.44102692604065
cachegen_dram_disk,1772733599.404215,7.6003,215.5472149848938
cachegen_dram_disk,1772733599.526558,7.6003,215.6695578098297
cachegen_dram_disk,1772733599.650844,7.6003,215.79384398460388
cachegen_dram_disk,1772733599.772057,7.6003,215.91505694389343
cachegen_dram_disk,1772733599.895325,7.6003,216.03832483291626
cachegen_dram_disk,1772733600.020277,7.6003,216.16327691078186
cachegen_dram_disk,1772733600.143371,7.6003,216.28637099266052
cachegen_dram_disk,1772733600.265665,7.6003,216.40866494178772
cachegen_dram_disk,1772733600.386812,7.6003,216.52981185913086
cachegen_dram_disk,1772733600.541078,7.6003,216.68407797813416
cachegen_dram_disk,1772733600.646065,7.6003,216.7890648841858
cachegen_dram_disk,1772733600.801696,7.6003,216.94469594955444
cachegen_dram_disk,1772733600.924124,7.6003,217.0671238899231
cachegen_dram_disk,1772733601.279579,7.6003,217.4225788116455
cachegen_dram_disk,1772733601.381816,7.6003,217.5248157978058
cachegen_dram_disk,1772733601.487856,7.6003,217.6308557987213
cachegen_dram_disk,1772733601.610664,7.6003,217.75366377830505
cachegen_dram_disk,1772733601.732118,7.6003,217.87511777877808
cachegen_dram_disk,1772733601.873646,7.6003,218.0166459083557
cachegen_dram_disk,1772733601.981783,7.6003,218.12478280067444
cachegen_dram_disk,1772733602.124802,7.6003,218.26780200004578
cachegen_dram_disk,1772733602.262879,7.6003,218.40587878227234
cachegen_dram_disk,1772733602.38051,7.6003,218.52350997924805
cachegen_dram_disk,1772733602.504118,7.6003,218.64711785316467
cachegen_dram_disk,1772733602.650875,7.6003,218.79387497901917
cachegen_dram_disk,1772733602.778658,7.6003,218.92165780067444
cachegen_dram_disk,1772733602.909186,7.6003,219.0521857738495
cachegen_dram_disk,1772733603.030457,7.6003,219.17345690727234
cachegen_dram_disk,1772733603.162031,7.6003,219.3050308227539
cachegen_dram_disk,1772733603.507289,7.6003,219.65028882026672
cachegen_dram_disk,1772733603.61337,7.6003,219.75636982917786
cachegen_dram_disk,1772733603.719013,7.6003,219.86201286315918
cachegen_dram_disk,1772733603.846532,7.6003,219.98953199386597
cachegen_dram_disk,1772733603.967079,7.6003,220.1100788116455
cachegen_dram_disk,1772733604.090436,7.6003,220.23343586921692
cachegen_dram_disk,1772733604.212355,7.6003,220.3553547859192
cachegen_dram_disk,1772733604.334356,7.6003,220.47735595703125
cachegen_dram_disk,1772733604.503899,7.6003,220.64689898490906
cachegen_dram_disk,1772733604.618356,7.6003,220.7613558769226
cachegen_dram_disk,1772733604.779995,7.6003,220.92299485206604
cachegen_dram_disk,1772733604.883005,7.6003,221.02600479125977
cachegen_dram_disk,1772733605.007682,7.6003,221.15068197250366
cachegen_dram_disk,1772733605.133439,7.6003,221.2764389514923
cachegen_dram_disk,1772733605.255771,7.6003,221.39877080917358
cachegen_dram_disk,1772733605.379973,7.6003,221.52297282218933
cachegen_dram_disk,1772733605.504698,7.6003,221.64769792556763
cachegen_dram_disk,1772733605.625762,7.6003,221.76876187324524
cachegen_dram_disk,1772733606.021854,7.6003,222.16485381126404
cachegen_dram_disk,1772733606.142945,7.6003,222.28594493865967
cachegen_dram_disk,1772733606.247857,7.6003,222.39085698127747
cachegen_dram_disk,1772733606.351724,7.6003,222.49472379684448
cachegen_dram_disk,1772733606.476314,7.6003,222.619313955307
cachegen_dram_disk,1772733606.599882,7.6003,222.74288177490234
cachegen_dram_disk,1772733606.736623,7.6003,222.87962293624878
cachegen_dram_disk,1772733606.858668,7.6003,223.0016679763794
cachegen_dram_disk,1772733606.979861,7.6003,223.1228609085083
cachegen_dram_disk,1772733607.12408,7.6003,223.26707983016968
cachegen_dram_disk,1772733607.228443,7.6003,223.3714427947998
cachegen_dram_disk,1772733607.353473,7.6003,223.49647283554077
cachegen_dram_disk,1772733607.497744,7.6003,223.64074397087097
cachegen_dram_disk,1772733607.60481,7.6003,223.74780988693237
cachegen_dram_disk,1772733607.741276,7.6003,223.88427591323853
cachegen_dram_disk,1772733607.869145,7.6003,224.01214480400085
cachegen_dram_disk,1772733607.992658,7.6003,224.135657787323
cachegen_dram_disk,1772733608.118784,7.6003,224.2617838382721
cachegen_dram_disk,1772733608.484988,7.6003,224.6279878616333
cachegen_dram_disk,1772733608.61869,7.6003,224.76168990135193
cachegen_dram_disk,1772733608.72945,7.6003,224.87244987487793
cachegen_dram_disk,1772733608.833923,7.6003,224.9769229888916
cachegen_dram_disk,1772733608.957593,7.6003,225.1005928516388
cachegen_dram_disk,1772733609.081347,7.6003,225.2243468761444
cachegen_dram_disk,1772733609.238715,7.6003,225.38171482086182
cachegen_dram_disk,1772733609.345294,7.6003,225.4882938861847
cachegen_dram_disk,1772733609.467645,7.6003,225.6106448173523
cachegen_dram_disk,1772733609.59365,7.6003,225.7366499900818
cachegen_dram_disk,1772733609.71264,7.6003,225.8556399345398
cachegen_dram_disk,1772733609.819513,7.6003,225.9625129699707
cachegen_dram_disk,1772733609.95583,7.6003,226.09882998466492
cachegen_dram_disk,1772733610.0771,7.6003,226.22009992599487
cachegen_dram_disk,1772733610.199341,7.6003,226.3423409461975
cachegen_dram_disk,1772733610.32467,7.6003,226.46766996383667
cachegen_dram_disk,1772733610.463585,7.6003,226.60658478736877
cachegen_dram_disk,1772733610.882873,7.6003,227.02587294578552
cachegen_dram_disk,1772733610.998621,7.6003,227.1416208744049
cachegen_dram_disk,1772733611.13475,7.6003,227.2777497768402
cachegen_dram_disk,1772733611.265026,7.6003,227.40802597999573
cachegen_dram_disk,1772733611.378756,7.6003,227.5217559337616
cachegen_dram_disk,1772733611.513849,7.6003,227.6568489074707
cachegen_dram_disk,1772733611.636471,7.6003,227.77947092056274
cachegen_dram_disk,1772733611.760258,7.6003,227.90325784683228
cachegen_dram_disk,1772733611.884067,7.6003,228.02706694602966
cachegen_dram_disk,1772733612.040552,7.6003,228.18355178833008
cachegen_dram_disk,1772733612.146947,7.6003,228.2899467945099
cachegen_dram_disk,1772733612.330582,7.6003,228.47358179092407
cachegen_dram_disk,1772733612.436991,7.6003,228.57999086380005
cachegen_dram_disk,1772733612.560004,7.6003,228.70300388336182
cachegen_dram_disk,1772733612.692983,7.6003,228.83598279953003
cachegen_dram_disk,1772733612.815768,7.6003,228.95876789093018
cachegen_dram_disk,1772733612.941562,7.6003,229.08456182479858
cachegen_dram_disk,1772733613.322395,7.6003,229.46539497375488
cachegen_dram_disk,1772733613.445238,7.6003,229.58823800086975
cachegen_dram_disk,1772733613.569488,7.6003,229.7124879360199
cachegen_dram_disk,1772733613.692731,7.6003,229.83573079109192
cachegen_dram_disk,1772733613.854284,7.6003,229.99728393554688
cachegen_dram_disk,1772733613.961908,7.6003,230.10490798950195
cachegen_dram_disk,1772733614.085034,7.6003,230.22803378105164
cachegen_dram_disk,1772733614.206645,7.6003,230.3496448993683
cachegen_dram_disk,1772733614.338981,7.6003,230.48198080062866
cachegen_dram_disk,1772733614.454585,7.6003,230.59758496284485
cachegen_dram_disk,1772733614.578981,7.6003,230.7219808101654
cachegen_dram_disk,1772733614.700544,7.6003,230.84354400634766
cachegen_dram_disk,1772733614.839552,7.6003,230.9825518131256
cachegen_dram_disk,1772733614.960665,7.6003,231.10366487503052
cachegen_dram_disk,1772733615.100124,7.6003,231.24312376976013
cachegen_dram_disk,1772733615.241045,7.6003,231.38404488563538
cachegen_dram_disk,1772733615.363831,7.6003,231.50683093070984
cachegen_dram_disk,1772733615.751841,7.6003,231.89484095573425
cachegen_dram_disk,1772733615.865814,7.6003,232.00881385803223
cachegen_dram_disk,1772733615.966372,7.6003,232.10937190055847
cachegen_dram_disk,1772733616.105935,7.6003,232.24893498420715
cachegen_dram_disk,1772733616.254818,7.6003,232.39781785011292
cachegen_dram_disk,1772733616.355539,7.6003,232.49853897094727
cachegen_dram_disk,1772733616.479786,7.6003,232.62278580665588
cachegen_dram_disk,1772733616.603209,7.6003,232.7462089061737
cachegen_dram_disk,1772733616.726193,7.6003,232.86919283866882
cachegen_dram_disk,1772733616.850435,7.6003,232.99343490600586
cachegen_dram_disk,1772733616.975806,7.6003,233.11880588531494
cachegen_dram_disk,1772733617.099977,7.6003,233.2429769039154
cachegen_dram_disk,1772733617.222605,7.6003,233.36560487747192
cachegen_dram_disk,1772733617.359746,7.6003,233.5027458667755
cachegen_dram_disk,1772733617.496394,7.6003,233.63939380645752
cachegen_dram_disk,1772733617.661325,7.6003,233.8043248653412
cachegen_dram_disk,1772733617.967268,7.6003,234.11026787757874
cachegen_dram_disk,1772733618.090449,7.6003,234.23344898223877
cachegen_dram_disk,1772733618.205579,7.6003,234.34857892990112
cachegen_dram_disk,1772733618.322862,7.6003,234.46586179733276
cachegen_dram_disk,1772733618.464454,7.6003,234.6074538230896
cachegen_dram_disk,1772733618.583707,7.6003,234.72670698165894
cachegen_dram_disk,1772733618.708746,7.6003,234.85174584388733
cachegen_dram_disk,1772733618.866187,7.6003,235.00918698310852
cachegen_dram_disk,1772733618.97801,7.6003,235.12100982666016
cachegen_dram_disk,1772733619.095778,7.6003,235.23877787590027
cachegen_dram_disk,1772733619.219146,7.6003,235.36214590072632
cachegen_dram_disk,1772733619.360131,7.6003,235.50313091278076
cachegen_dram_disk,1772733619.468318,7.6003,235.6113178730011
cachegen_dram_disk,1772733619.591639,7.6003,235.73463892936707
cachegen_dram_disk,1772733619.713842,7.6003,235.85684180259705
cachegen_dram_disk,1772733620.039642,7.6003,236.18264198303223
cachegen_dram_disk,1772733620.162206,7.6003,236.30520582199097
cachegen_dram_disk,1772733620.286055,7.6003,236.42905497550964
cachegen_dram_disk,1772733620.411773,7.6003,236.55477285385132
cachegen_dram_disk,1772733620.536241,7.6003,236.67924094200134
cachegen_dram_disk,1772733620.658634,7.6003,236.80163383483887
cachegen_dram_disk,1772733620.799093,7.6003,236.9420928955078
cachegen_dram_disk,1772733620.9196,7.6003,237.06259989738464
cachegen_dram_disk,1772733621.041191,7.6003,237.18419098854065
cachegen_dram_disk,1772733621.16364,7.6003,237.30663990974426
cachegen_dram_disk,1772733621.28714,7.6003,237.43013978004456
cachegen_dram_disk,1772733621.410377,7.6003,237.55337691307068
cachegen_dram_disk,1772733621.537383,7.6003,237.68038296699524
cachegen_dram_disk,1772733621.660112,7.6003,237.80311179161072
cachegen_dram_disk,1772733621.783329,7.6003,237.9263288974762
cachegen_dram_disk,1772733621.907336,7.6003,238.05033588409424
cachegen_dram_disk,1772733622.049641,7.6003,238.1926407814026
cachegen_dram_disk,1772733622.463537,7.6003,238.60653686523438
cachegen_dram_disk,1772733622.569331,7.6003,238.71233081817627
cachegen_dram_disk,1772733622.692736,7.6003,238.83573579788208
cachegen_dram_disk,1772733622.816969,7.6003,238.9599688053131
cachegen_dram_disk,1772733622.943743,7.6003,239.0867428779602
cachegen_dram_disk,1772733623.068093,7.6003,239.21109294891357
cachegen_dram_disk,1772733623.208664,7.6003,239.35166382789612
cachegen_dram_disk,1772733623.361719,7.6003,239.50471878051758
cachegen_dram_disk,1772733623.469522,7.6003,239.61252188682556
cachegen_dram_disk,1772733623.59747,7.6003,239.74046993255615
cachegen_dram_disk,1772733623.720035,7.6003,239.8630349636078
cachegen_dram_disk,1772733623.879692,7.6003,240.02269196510315
cachegen_dram_disk,1772733623.99332,7.6003,240.13631987571716
cachegen_dram_disk,1772733624.098947,7.6003,240.2419469356537
cachegen_dram_disk,1772733624.227868,7.6003,240.3708679676056
cachegen_dram_disk,1772733624.600098,7.6003,240.743097782135
cachegen_dram_disk,1772733624.706894,7.6003,240.84989380836487
cachegen_dram_disk,1772733624.832757,7.6003,240.97575688362122
cachegen_dram_disk,1772733624.957138,7.6003,241.10013794898987
cachegen_dram_disk,1772733625.083904,7.6003,241.22690391540527
cachegen_dram_disk,1772733625.224059,7.6003,241.36705899238586
cachegen_dram_disk,1772733625.345823,7.6003,241.48882293701172
cachegen_dram_disk,1772733625.473495,7.6003,241.6164948940277
cachegen_dram_disk,1772733625.597612,7.6003,241.74061179161072
cachegen_dram_disk,1772733625.730007,7.6003,241.8730068206787
cachegen_dram_disk,1772733625.868788,7.6003,242.01178789138794
cachegen_dram_disk,1772733625.986431,7.6003,242.12943077087402
cachegen_dram_disk,1772733626.136425,7.6003,242.27942490577698
cachegen_dram_disk,1772733626.263141,7.6003,242.40614080429077
cachegen_dram_disk,1772733626.386858,7.6003,242.52985787391663
cachegen_dram_disk,1772733626.740241,7.6003,242.88324093818665
cachegen_dram_disk,1772733626.864854,7.6003,243.00785398483276
cachegen_dram_disk,1772733627.016742,7.6003,243.15974187850952
cachegen_dram_disk,1772733627.144197,7.6003,243.28719687461853
cachegen_dram_disk,1772733627.250297,7.6003,243.393296957016
cachegen_dram_disk,1772733627.397643,7.6003,243.54064297676086
cachegen_dram_disk,1772733627.50385,7.6003,243.64684987068176
cachegen_dram_disk,1772733627.638333,7.6003,243.78133296966553
cachegen_dram_disk,1772733627.764369,7.6003,243.90736889839172
cachegen_dram_disk,1772733627.898725,7.6003,244.04172492027283
cachegen_dram_disk,1772733628.023945,7.6003,244.16694498062134
cachegen_dram_disk,1772733628.148378,7.6003,244.29137778282166
cachegen_dram_disk,1772733628.323069,7.6003,244.466068983078
cachegen_dram_disk,1772733628.432583,7.6003,244.57558298110962
cachegen_dram_disk,1772733628.54212,7.6003,244.68511986732483
cachegen_dram_disk,1772733628.689491,7.6003,244.8324909210205
cachegen_dram_disk,1772733629.05939,7.6003,245.20238995552063
cachegen_dram_disk,1772733629.169478,7.6003,245.31247782707214
cachegen_dram_disk,1772733629.279451,7.6003,245.42245078086853
cachegen_dram_disk,1772733629.403881,7.6003,245.54688096046448
cachegen_dram_disk,1772733629.530131,7.6003,245.6731309890747
cachegen_dram_disk,1772733629.655203,7.6003,245.7982029914856
cachegen_dram_disk,1772733629.779076,7.6003,245.92207598686218
cachegen_dram_disk,1772733629.916369,7.6003,246.05936884880066
cachegen_dram_disk,1772733630.040307,7.6003,246.18330693244934
cachegen_dram_disk,1772733630.178606,7.6003,246.32160592079163
cachegen_dram_disk,1772733630.302251,7.6003,246.4452509880066
cachegen_dram_disk,1772733630.427148,7.6003,246.57014799118042
cachegen_dram_disk,1772733630.555969,7.6003,246.6989688873291
cachegen_dram_disk,1772733630.680171,7.6003,246.82317090034485
cachegen_dram_disk,1772733630.803946,7.6003,246.94694590568542
cachegen_dram_disk,1772733630.926727,7.6003,247.06972694396973
cachegen_dram_disk,1772733631.421511,7.6003,247.56451082229614
cachegen_dram_disk,1772733631.542184,7.6003,247.6851840019226
cachegen_dram_disk,1772733631.665355,7.6003,247.80835485458374
cachegen_dram_disk,1772733631.790875,7.6003,247.93387484550476
cachegen_dram_disk,1772733631.930002,7.6003,248.07300186157227
cachegen_dram_disk,1772733632.037383,7.6003,248.18038296699524
cachegen_dram_disk,1772733632.169491,7.6003,248.312490940094
cachegen_dram_disk,1772733632.293226,7.6003,248.43622589111328
cachegen_dram_disk,1772733632.445569,7.6003,248.58856892585754
cachegen_dram_disk,1772733632.58947,7.6003,248.7324697971344
cachegen_dram_disk,1772733632.713846,7.6003,248.8568458557129
cachegen_dram_disk,1772733632.837922,7.6003,248.98092198371887
cachegen_dram_disk,1772733632.96216,7.6003,249.10515999794006
cachegen_dram_disk,1772733633.08536,7.6003,249.22835993766785
cachegen_dram_disk,1772733633.414669,7.6003,249.55766892433167
cachegen_dram_disk,1772733633.538697,7.6003,249.68169689178467
cachegen_dram_disk,1772733633.661307,7.6003,249.80430698394775
cachegen_dram_disk,1772733633.809206,7.6003,249.95220589637756
cachegen_dram_disk,1772733633.917353,7.6003,250.0603528022766
cachegen_dram_disk,1772733634.040037,7.6003,250.18303680419922
cachegen_dram_disk,1772733634.166502,7.6003,250.3095018863678
cachegen_dram_disk,1772733634.309403,7.6003,250.4524028301239
cachegen_dram_disk,1772733634.420002,7.6003,250.563001871109
cachegen_dram_disk,1772733634.543099,7.6003,250.68609881401062
cachegen_dram_disk,1772733634.667354,7.6003,250.8103539943695
cachegen_dram_disk,1772733634.791202,7.6003,250.9342019557953
cachegen_dram_disk,1772733634.915054,7.6003,251.0580539703369
cachegen_dram_disk,1772733635.054577,7.6003,251.1975769996643
cachegen_dram_disk,1772733635.424498,7.6003,251.5674979686737
cachegen_dram_disk,1772733635.527172,7.6003,251.67017197608948
cachegen_dram_disk,1772733635.631921,7.6003,251.77492094039917
cachegen_dram_disk,1772733635.754311,7.6003,251.89731097221375
cachegen_dram_disk,1772733635.879602,7.6003,252.02260184288025
cachegen_dram_disk,1772733636.03756,7.6003,252.18055987358093
cachegen_dram_disk,1772733636.145644,7.6003,252.2886438369751
cachegen_dram_disk,1772733636.273793,7.6003,252.41679286956787
cachegen_dram_disk,1772733636.398567,7.6003,252.54156684875488
cachegen_dram_disk,1772733636.523185,7.6003,252.66618490219116
cachegen_dram_disk,1772733636.648633,7.6003,252.7916328907013
cachegen_dram_disk,1772733636.788562,7.6003,252.9315619468689
cachegen_dram_disk,1772733636.899387,7.6003,253.0423867702484
cachegen_dram_disk,1772733637.355299,7.6003,253.4982988834381
cachegen_dram_disk,1772733637.476191,7.6003,253.6191909313202
cachegen_dram_disk,1772733637.601447,7.6003,253.74444699287415
cachegen_dram_disk,1772733637.743371,7.6003,253.8863708972931
cachegen_dram_disk,1772733637.852702,7.6003,253.99570178985596
cachegen_dram_disk,1772733637.982995,7.6003,254.1259949207306
cachegen_dram_disk,1772733638.108071,7.6003,254.25107097625732
cachegen_dram_disk,1772733638.245193,7.6003,254.38819289207458
cachegen_dram_disk,1772733638.367009,7.6003,254.51000881195068
cachegen_dram_disk,1772733638.492907,7.6003,254.63590693473816
cachegen_dram_disk,1772733638.620439,7.6003,254.76343894004822
cachegen_dram_disk,1772733638.750957,7.6003,254.89395689964294
cachegen_dram_disk,1772733639.094543,7.6003,255.23754286766052
cachegen_dram_disk,1772733639.221875,7.6003,255.36487483978271
cachegen_dram_disk,1772733639.345401,7.6003,255.4884009361267
cachegen_dram_disk,1772733639.469514,7.6003,255.61251378059387
cachegen_dram_disk,1772733639.594876,7.6003,255.73787593841553
cachegen_dram_disk,1772733639.734172,7.6003,255.87717199325562
cachegen_dram_disk,1772733639.891635,7.6003,256.0346348285675
cachegen_dram_disk,1772733639.999744,7.6003,256.1427438259125
cachegen_dram_disk,1772733640.108362,7.6003,256.2513618469238
cachegen_dram_disk,1772733640.25338,7.6003,256.39637994766235
cachegen_dram_disk,1772733640.365256,7.6003,256.50825595855713
cachegen_dram_disk,1772733640.489079,7.6003,256.6320788860321
cachegen_dram_disk,1772733640.612395,7.6003,256.7553949356079
cachegen_dram_disk,1772733640.94769,7.6003,257.09068989753723
cachegen_dram_disk,1772733641.071171,7.6003,257.2141709327698
cachegen_dram_disk,1772733641.226323,7.6003,257.36932277679443
cachegen_dram_disk,1772733641.339899,7.6003,257.4828989505768
cachegen_dram_disk,1772733641.478643,7.6003,257.62164282798767
cachegen_dram_disk,1772733641.616786,7.6003,257.7597858905792
cachegen_dram_disk,1772733641.741174,7.6003,257.88417387008667
cachegen_dram_disk,1772733641.865915,7.6003,258.00891494750977
cachegen_dram_disk,1772733641.992464,7.6003,258.1354639530182
cachegen_dram_disk,1772733642.119767,7.6003,258.26276683807373
cachegen_dram_disk,1772733642.242718,7.6003,258.38571786880493
cachegen_dram_disk,1772733642.36776,7.6003,258.51075983047485
cachegen_dram_disk,1772733642.495316,7.6003,258.6383159160614
cachegen_dram_disk,1772733642.61795,7.6003,258.7609498500824
cachegen_dram_disk,1772733642.777177,7.6003,258.92017698287964
cachegen_dram_disk,1772733643.086533,7.6003,259.229532957077
cachegen_dram_disk,1772733643.243782,7.6003,259.38678193092346
cachegen_dram_disk,1772733643.35445,7.6003,259.49744987487793
cachegen_dram_disk,1772733643.477634,7.6003,259.6206338405609
cachegen_dram_disk,1772733643.603511,7.6003,259.7465109825134
cachegen_dram_disk,1772733643.726538,7.6003,259.8695378303528
cachegen_dram_disk,1772733643.86546,7.6003,260.00845980644226
cachegen_dram_disk,1772733643.988165,7.6003,260.13116478919983
cachegen_dram_disk,1772733644.11283,7.6003,260.2558298110962
cachegen_dram_disk,1772733644.236908,7.6003,260.3799078464508
cachegen_dram_disk,1772733644.362394,7.6003,260.5053939819336
cachegen_dram_disk,1772733644.486783,7.6003,260.62978291511536
cachegen_dram_disk,1772733644.619704,7.6003,260.76270389556885
cachegen_dram_disk,1772733644.745915,7.6003,260.8889148235321
cachegen_dram_disk,1772733645.150228,7.6003,261.2932279109955
cachegen_dram_disk,1772733645.251796,7.6003,261.3947958946228
cachegen_dram_disk,1772733645.362628,7.6003,261.5056278705597
cachegen_dram_disk,1772733645.488751,7.6003,261.63175082206726
cachegen_dram_disk,1772733645.61309,7.6003,261.756089925766
cachegen_dram_disk,1772733645.73847,7.6003,261.8814699649811
cachegen_dram_disk,1772733645.884142,7.6003,262.0271418094635
cachegen_dram_disk,1772733645.992628,7.6003,262.1356279850006
cachegen_dram_disk,1772733646.11554,7.6003,262.25853991508484
cachegen_dram_disk,1772733646.263008,7.6003,262.4060080051422
cachegen_dram_disk,1772733646.380666,7.6003,262.5236659049988
cachegen_dram_disk,1772733646.509217,7.6003,262.6522169113159
cachegen_dram_disk,1772733646.634225,7.6003,262.777224779129
cachegen_dram_disk,1772733646.785078,7.6003,262.9280779361725
cachegen_dram_disk,1772733646.943428,7.6003,263.0864279270172
cachegen_dram_disk,1772733647.263554,7.6003,263.40655398368835
cachegen_dram_disk,1772733647.390099,7.6003,263.53309893608093
cachegen_dram_disk,1772733647.515625,7.6003,263.65862488746643
cachegen_dram_disk,1772733647.640814,7.6003,263.78381395339966
cachegen_dram_disk,1772733647.764936,7.6003,263.9079358577728
cachegen_dram_disk,1772733647.890992,7.6003,264.03399181365967
cachegen_dram_disk,1772733648.015787,7.6003,264.15878677368164
cachegen_dram_disk,1772733648.141057,7.6003,264.28405690193176
cachegen_dram_disk,1772733648.265629,7.6003,264.4086289405823
cachegen_dram_disk,1772733648.390135,7.6003,264.5331349372864
cachegen_dram_disk,1772733648.524009,7.6003,264.66700887680054
cachegen_dram_disk,1772733648.664574,7.6003,264.8075737953186
cachegen_dram_disk,1772733648.78894,7.6003,264.9319398403168
cachegen_dram_disk,1772733648.915648,7.6003,265.05864787101746
cachegen_dram_disk,1772733649.278035,7.6003,265.42103481292725
cachegen_dram_disk,1772733649.392679,7.6003,265.5356788635254
cachegen_dram_disk,1772733649.517916,7.6003,265.660915851593
cachegen_dram_disk,1772733649.645495,7.6003,265.78849482536316
cachegen_dram_disk,1772733649.767959,7.6003,265.91095900535583
cachegen_dram_disk,1772733649.928573,7.6003,266.07157278060913
cachegen_dram_disk,1772733650.0387,7.6003,266.1816999912262
cachegen_dram_disk,1772733650.177953,7.6003,266.32095289230347
cachegen_dram_disk,1772733650.299627,7.6003,266.442626953125
cachegen_dram_disk,1772733650.424024,7.6003,266.56702399253845
cachegen_dram_disk,1772733650.550996,7.6003,266.6939959526062
cachegen_dram_disk,1772733650.677108,7.6003,266.82010793685913
cachegen_dram_disk,1772733650.804508,7.6003,266.94750785827637
cachegen_dram_disk,1772733650.930679,7.6003,267.0736789703369
cachegen_dram_disk,1772733651.078239,7.6003,267.22123885154724
cachegen_dram_disk,1772733651.488971,7.6003,267.63197088241577
cachegen_dram_disk,1772733651.59419,7.6003,267.7371897697449
cachegen_dram_disk,1772733651.71063,7.6003,267.8536298274994
cachegen_dram_disk,1772733651.838675,7.6003,267.9816749095917
cachegen_dram_disk,1772733651.965784,7.6003,268.1087839603424
cachegen_dram_disk,1772733652.090247,7.6003,268.2332468032837
cachegen_dram_disk,1772733652.216815,7.6003,268.35981488227844
cachegen_dram_disk,1772733652.345162,7.6003,268.48816180229187
cachegen_dram_disk,1772733652.472337,7.6003,268.615336894989
cachegen_dram_disk,1772733652.595907,7.6003,268.73890686035156
cachegen_dram_disk,1772733652.721424,7.6003,268.86442399024963
cachegen_dram_disk,1772733652.845492,7.6003,268.98849177360535
cachegen_dram_disk,1772733652.969534,7.6003,269.1125338077545
cachegen_dram_disk,1772733653.34539,7.6003,269.48838996887207
cachegen_dram_disk,1772733653.493735,7.6003,269.6367349624634
cachegen_dram_disk,1772733653.60033,7.6003,269.74333000183105
cachegen_dram_disk,1772733653.728097,7.6003,269.8710968494415
cachegen_dram_disk,1772733653.850438,7.6003,269.9934380054474
cachegen_dram_disk,1772733653.981091,7.6003,270.1240909099579
cachegen_dram_disk,1772733654.105582,7.6003,270.2485818862915
cachegen_dram_disk,1772733654.23915,7.6003,270.3821499347687
cachegen_dram_disk,1772733654.364733,7.6003,270.5077328681946
cachegen_dram_disk,1772733654.487669,7.6003,270.6306688785553
cachegen_dram_disk,1772733654.613718,7.6003,270.75671792030334
cachegen_dram_disk,1772733654.73826,7.6003,270.8812599182129
cachegen_dram_disk,1772733654.863916,7.6003,271.006915807724
cachegen_dram_disk,1772733654.987554,7.6003,271.13055396080017
cachegen_dram_disk,1772733655.325318,7.6003,271.46831798553467
cachegen_dram_disk,1772733655.453022,7.6003,271.59602189064026
cachegen_dram_disk,1772733655.577337,7.6003,271.7203369140625
cachegen_dram_disk,1772733655.704864,7.6003,271.8478639125824
cachegen_dram_disk,1772733655.828923,7.6003,271.9719228744507
cachegen_dram_disk,1772733655.977477,7.6003,272.12047696113586
cachegen_dram_disk,1772733656.084953,7.6003,272.2279529571533
cachegen_dram_disk,1772733656.209612,7.6003,272.3526117801666
cachegen_dram_disk,1772733656.338339,7.6003,272.4813389778137
cachegen_dram_disk,1772733656.466496,7.6003,272.6094958782196
cachegen_dram_disk,1772733656.596441,7.6003,272.73944091796875
cachegen_dram_disk,1772733656.722855,7.6003,272.8658549785614
cachegen_dram_disk,1772733656.846358,7.6003,272.9893579483032
cachegen_dram_disk,1772733656.987286,7.6003,273.13028597831726
cachegen_dram_disk,1772733657.368538,7.6003,273.51153779029846
cachegen_dram_disk,1772733657.469806,7.6003,273.61280584335327
cachegen_dram_disk,1772733657.572553,7.6003,273.71555280685425
cachegen_dram_disk,1772733657.690388,7.6003,273.8333878517151
cachegen_dram_disk,1772733657.817386,7.6003,273.96038579940796
cachegen_dram_disk,1772733657.943301,7.6003,274.08630084991455
cachegen_dram_disk,1772733658.067062,7.6003,274.21006178855896
cachegen_dram_disk,1772733658.214651,7.6003,274.3576509952545
cachegen_dram_disk,1772733658.341955,7.6003,274.4849548339844
cachegen_dram_disk,1772733658.480174,7.6003,274.62317395210266
cachegen_dram_disk,1772733658.605807,7.6003,274.7488069534302
cachegen_dram_disk,1772733658.750394,7.6003,274.8933939933777
cachegen_dram_disk,1772733658.859027,7.6003,275.00202679634094
cachegen_dram_disk,1772733659.010433,7.6003,275.15343284606934
cachegen_dram_disk,1772733659.132526,7.6003,275.27552580833435
cachegen_dram_disk,1772733659.494631,7.6003,275.63763093948364
cachegen_dram_disk,1772733659.59707,7.6003,275.7400698661804
cachegen_dram_disk,1772733659.72275,7.6003,275.865749835968
cachegen_dram_disk,1772733659.848568,7.6003,275.9915678501129
cachegen_dram_disk,1772733659.973001,7.6003,276.1160008907318
cachegen_dram_disk,1772733660.099501,7.6003,276.24250078201294
cachegen_dram_disk,1772733660.243872,7.6003,276.3868718147278
cachegen_dram_disk,1772733660.370432,7.6003,276.51343178749084
cachegen_dram_disk,1772733660.493793,7.6003,276.6367928981781
cachegen_dram_disk,1772733660.67428,7.6003,276.8172798156738
cachegen_dram_disk,1772733660.804398,7.6003,276.9473979473114
cachegen_dram_disk,1772733660.915224,7.6003,277.0582239627838
cachegen_dram_disk,1772733661.053656,7.6003,277.19665598869324
cachegen_dram_disk,1772733661.393878,7.6003,277.5368778705597
cachegen_dram_disk,1772733661.506858,7.6003,277.6498579978943
cachegen_dram_disk,1772733661.630916,7.6003,277.77391600608826
cachegen_dram_disk,1772733661.755487,7.6003,277.8984868526459
cachegen_dram_disk,1772733661.886632,7.6003,278.02963185310364
cachegen_dram_disk,1772733662.010522,7.6003,278.15352177619934
cachegen_dram_disk,1772733662.153738,7.6003,278.296737909317
cachegen_dram_disk,1772733662.298134,7.6003,278.44113397598267
cachegen_dram_disk,1772733662.424556,7.6003,278.5675559043884
cachegen_dram_disk,1772733662.577924,7.6003,278.72092390060425
cachegen_dram_disk,1772733662.686836,7.6003,278.82983589172363
cachegen_dram_disk,1772733662.806717,7.6003,278.94971680641174
cachegen_dram_disk,1772733662.93988,7.6003,279.082879781723
cachegen_dram_disk,1772733663.065393,7.6003,279.20839285850525
cachegen_dram_disk,1772733663.414286,7.6003,279.55728578567505
cachegen_dram_disk,1772733663.539193,7.6003,279.6821928024292
cachegen_dram_disk,1772733663.664577,7.6003,279.80757689476013
cachegen_dram_disk,1772733663.791538,7.6003,279.93453788757324
cachegen_dram_disk,1772733663.918081,7.6003,280.0610809326172
cachegen_dram_disk,1772733664.042884,7.6003,280.18588399887085
cachegen_dram_disk,1772733664.170512,7.6003,280.3135118484497
cachegen_dram_disk,1772733664.296701,7.6003,280.4397008419037
cachegen_dram_disk,1772733664.442123,7.6003,280.5851228237152
cachegen_dram_disk,1772733664.554368,7.6003,280.69736790657043
cachegen_dram_disk,1772733664.680415,7.6003,280.82341480255127
cachegen_dram_disk,1772733664.812811,7.6003,280.9558107852936
cachegen_dram_disk,1772733664.955092,7.6003,281.098091840744
cachegen_dram_disk,1772733665.340442,7.6003,281.4834418296814
cachegen_dram_disk,1772733665.441078,7.6003,281.584077835083
cachegen_dram_disk,1772733665.566823,7.6003,281.7098228931427
cachegen_dram_disk,1772733665.691222,7.6003,281.8342218399048
cachegen_dram_disk,1772733665.817378,7.6003,281.96037793159485
cachegen_dram_disk,1772733665.943908,7.6003,282.08690786361694
cachegen_dram_disk,1772733666.082103,7.6003,282.22510290145874
cachegen_dram_disk,1772733666.206221,7.6003,282.34922099113464
cachegen_dram_disk,1772733666.333,7.6003,282.4759998321533
cachegen_dram_disk,1772733666.457894,7.6003,282.6008939743042
cachegen_dram_disk,1772733666.605231,7.6003,282.74823093414307
cachegen_dram_disk,1772733666.724595,7.6003,282.8675949573517
cachegen_dram_disk,1772733666.849688,7.6003,282.99268794059753
cachegen_dram_disk,1772733667.229329,7.6003,283.3723289966583
cachegen_dram_disk,1772733667.350918,7.6003,283.4939179420471
cachegen_dram_disk,1772733667.495052,7.6003,283.63805198669434
cachegen_dram_disk,1772733667.604993,7.6003,283.7479929924011
cachegen_dram_disk,1772733667.732626,7.6003,283.87562584877014
cachegen_dram_disk,1772733667.8704,7.6003,284.01339983940125
cachegen_dram_disk,1772733667.995975,7.6003,284.13897490501404
cachegen_dram_disk,1772733668.121735,7.6003,284.2647349834442
cachegen_dram_disk,1772733668.259677,7.6003,284.402676820755
cachegen_dram_disk,1772733668.389883,7.6003,284.53288292884827
cachegen_dram_disk,1772733668.5381,7.6003,284.6810998916626
cachegen_dram_disk,1772733668.678471,7.6003,284.82147097587585
cachegen_dram_disk,1772733668.805734,7.6003,284.9487338066101
cachegen_dram_disk,1772733668.946959,7.6003,285.0899589061737
cachegen_dram_disk,1772733669.307777,7.6003,285.45077681541443
cachegen_dram_disk,1772733669.411996,7.6003,285.5549957752228
cachegen_dram_disk,1772733669.537867,7.6003,285.6808669567108
cachegen_dram_disk,1772733669.665778,7.6003,285.80877780914307
cachegen_dram_disk,1772733669.793099,7.6003,285.9360988140106
cachegen_dram_disk,1772733669.929601,7.6003,286.0726008415222
cachegen_dram_disk,1772733670.053852,7.6003,286.19685196876526
cachegen_dram_disk,1772733670.180607,7.6003,286.323606967926
cachegen_dram_disk,1772733670.308276,7.6003,286.4512758255005
cachegen_dram_disk,1772733670.44296,7.6003,286.58595991134644
cachegen_dram_disk,1772733670.602781,7.6003,286.7457809448242
cachegen_dram_disk,1772733670.713405,7.6003,286.85640478134155
cachegen_dram_disk,1772733670.838103,7.6003,286.9811029434204
cachegen_dram_disk,1772733671.222654,7.6003,287.3656539916992
cachegen_dram_disk,1772733671.333225,7.6003,287.476224899292
cachegen_dram_disk,1772733671.479865,7.6003,287.62286496162415
cachegen_dram_disk,1772733671.590991,7.6003,287.73399090766907
cachegen_dram_disk,1772733671.718227,7.6003,287.8612267971039
cachegen_dram_disk,1772733671.842751,7.6003,287.98575091362
cachegen_dram_disk,1772733671.969412,7.6003,288.1124119758606
cachegen_dram_disk,1772733672.0998,7.6003,288.2427999973297
cachegen_dram_disk,1772733672.227317,7.6003,288.3703169822693
cachegen_dram_disk,1772733672.353577,7.6003,288.49657678604126
cachegen_dram_disk,1772733672.48034,7.6003,288.6233398914337
cachegen_dram_disk,1772733672.606178,7.6003,288.74917793273926
cachegen_dram_disk,1772733672.747611,7.6003,288.89061093330383
cachegen_dram_disk,1772733673.189723,7.6003,289.332722902298
cachegen_dram_disk,1772733673.290861,7.6003,289.4338607788086
cachegen_dram_disk,1772733673.404644,7.6003,289.5476438999176
cachegen_dram_disk,1772733673.51691,7.6003,289.6599099636078
cachegen_dram_disk,1772733673.656975,7.6003,289.7999749183655
cachegen_dram_disk,1772733673.785957,7.6003,289.92895698547363
cachegen_dram_disk,1772733673.911689,7.6003,290.0546889305115
cachegen_dram_disk,1772733674.035764,7.6003,290.17876386642456
cachegen_dram_disk,1772733674.181671,7.6003,290.324670791626
cachegen_dram_disk,1772733674.288956,7.6003,290.4319558143616
cachegen_dram_disk,1772733674.415031,7.6003,290.55803084373474
cachegen_dram_disk,1772733674.579573,7.6003,290.7225728034973
cachegen_dram_disk,1772733674.689131,7.6003,290.83213090896606
cachegen_dram_disk,1772733674.834697,7.6003,290.97769689559937
cachegen_dram_disk,1772733675.200074,7.6003,291.34307384490967
cachegen_dram_disk,1772733675.336367,7.6003,291.4793667793274
cachegen_dram_disk,1772733675.445781,7.6003,291.58878087997437
cachegen_dram_disk,1772733675.572702,7.6003,291.7157018184662
cachegen_dram_disk,1772733675.697673,7.6003,291.8406729698181
cachegen_dram_disk,1772733675.826466,7.6003,291.96946597099304
cachegen_dram_disk,1772733675.951729,7.6003,292.0947289466858
cachegen_dram_disk,1772733676.087206,7.6003,292.23020577430725
cachegen_dram_disk,1772733676.232114,7.6003,292.3751139640808
cachegen_dram_disk,1772733676.345016,7.6003,292.48801589012146
cachegen_dram_disk,1772733676.476794,7.6003,292.61979389190674
cachegen_dram_disk,1772733676.646799,7.6003,292.78979897499084
cachegen_dram_disk,1772733676.778082,7.6003,292.92108178138733
cachegen_dram_disk,1772733677.171893,7.6003,293.31489276885986
cachegen_dram_disk,1772733677.289177,7.6003,293.4321768283844
cachegen_dram_disk,1772733677.402324,7.6003,293.54532384872437
cachegen_dram_disk,1772733677.524373,7.6003,293.6673729419708
cachegen_dram_disk,1772733677.664067,7.6003,293.80706691741943
cachegen_dram_disk,1772733677.789133,7.6003,293.93213295936584
cachegen_dram_disk,1772733677.919273,7.6003,294.0622727870941
cachegen_dram_disk,1772733678.046723,7.6003,294.18972277641296
cachegen_dram_disk,1772733678.174243,7.6003,294.31724286079407
cachegen_dram_disk,1772733678.299511,7.6003,294.442510843277
cachegen_dram_disk,1772733678.42698,7.6003,294.56997990608215
cachegen_dram_disk,1772733678.576561,7.6003,294.7195608615875
cachegen_dram_disk,1772733678.697793,7.6003,294.8407928943634
cachegen_dram_disk,1772733679.056223,7.6003,295.19922280311584
cachegen_dram_disk,1772733679.178025,7.6003,295.32102489471436
cachegen_dram_disk,1772733679.306573,7.6003,295.44957280158997
cachegen_dram_disk,1772733679.433059,7.6003,295.5760588645935
cachegen_dram_disk,1772733679.556315,7.6003,295.6993148326874
cachegen_dram_disk,1772733679.708976,7.6003,295.85197591781616
cachegen_dram_disk,1772733679.810826,7.6003,295.95382595062256
cachegen_dram_disk,1772733679.938112,7.6003,296.081111907959
cachegen_dram_disk,1772733680.066103,7.6003,296.2091028690338
cachegen_dram_disk,1772733680.205628,7.6003,296.34862780570984
cachegen_dram_disk,1772733680.35184,7.6003,296.4948399066925
cachegen_dram_disk,1772733680.482717,7.6003,296.62571692466736
cachegen_dram_disk,1772733680.610908,7.6003,296.75390791893005
cachegen_dram_disk,1772733680.956391,7.6003,297.09939098358154
cachegen_dram_disk,1772733681.083804,7.6003,297.22680377960205
cachegen_dram_disk,1772733681.209656,7.6003,297.35265588760376
cachegen_dram_disk,1772733681.337874,7.6003,297.4808738231659
cachegen_dram_disk,1772733681.461669,7.6003,297.6046688556671
cachegen_dram_disk,1772733681.603757,7.6003,297.7467567920685
cachegen_dram_disk,1772733681.732797,7.6003,297.87579679489136
cachegen_dram_disk,1772733681.863719,7.6003,298.00671887397766
cachegen_dram_disk,1772733682.015306,7.6003,298.1583058834076
cachegen_dram_disk,1772733682.150928,7.6003,298.2939279079437
cachegen_dram_disk,1772733682.281169,7.6003,298.42416882514954
cachegen_dram_disk,1772733682.428832,7.6003,298.5718319416046
cachegen_dram_disk,1772733682.58662,7.6003,298.7296199798584
cachegen_dram_disk,1772733683.001685,7.6003,299.14468479156494
cachegen_dram_disk,1772733683.10202,7.6003,299.2450199127197
cachegen_dram_disk,1772733683.207036,7.6003,299.350035905838
cachegen_dram_disk,1772733683.331243,7.6003,299.4742429256439
cachegen_dram_disk,1772733683.4603,7.6003,299.6032998561859
cachegen_dram_disk,1772733683.589594,7.6003,299.73259377479553
cachegen_dram_disk,1772733683.721504,7.6003,299.86450386047363
cachegen_dram_disk,1772733683.862274,7.6003,300.0052738189697
cachegen_dram_disk,1772733683.991119,7.6003,300.1341187953949
cachegen_dram_disk,1772733684.127693,7.6003,300.2706928253174
cachegen_dram_disk,1772733684.274652,7.6003,300.4176518917084
cachegen_dram_disk,1772733684.402755,7.6003,300.5457549095154
cachegen_dram_disk,1772733684.532507,7.6003,300.67550683021545
cachegen_dram_disk,1772733684.896342,7.6003,301.0393419265747
cachegen_dram_disk,1772733685.024211,7.6003,301.16721081733704
cachegen_dram_disk,1772733685.152017,7.6003,301.29501700401306
cachegen_dram_disk,1772733685.279342,7.6003,301.4223418235779
cachegen_dram_disk,1772733685.40635,7.6003,301.5493497848511
cachegen_dram_disk,1772733685.531782,7.6003,301.6747817993164
cachegen_dram_disk,1772733685.658951,7.6003,301.8019509315491
cachegen_dram_disk,1772733685.806186,7.6003,301.9491858482361
cachegen_dram_disk,1772733685.952414,7.6003,302.09541392326355
cachegen_dram_disk,1772733686.073279,7.6003,302.2162787914276
cachegen_dram_disk,1772733686.20053,7.6003,302.3435299396515
cachegen_dram_disk,1772733686.331203,7.6003,302.47420287132263
cachegen_dram_disk,1772733686.663512,7.6003,302.8065118789673
cachegen_dram_disk,1772733686.794644,7.6003,302.9376440048218
cachegen_dram_disk,1772733686.921424,7.6003,303.06442379951477
cachegen_dram_disk,1772733687.047944,7.6003,303.1909439563751
cachegen_dram_disk,1772733687.201179,7.6003,303.3441789150238
cachegen_dram_disk,1772733687.352967,7.6003,303.4959669113159
cachegen_dram_disk,1772733687.499917,7.6003,303.6429169178009
cachegen_dram_disk,1772733687.628039,7.6003,303.77103877067566
cachegen_dram_disk,1772733687.755403,7.6003,303.89840292930603
cachegen_dram_disk,1772733687.883027,7.6003,304.0260269641876
cachegen_dram_disk,1772733688.029963,7.6003,304.17296290397644
cachegen_dram_disk,1772733688.136744,7.6003,304.2797439098358
cachegen_dram_disk,1772733688.493937,7.6003,304.6369369029999
cachegen_dram_disk,1772733688.620166,7.6003,304.76316595077515
cachegen_dram_disk,1772733688.747526,7.6003,304.8905258178711
cachegen_dram_disk,1772733688.875093,7.6003,305.0180928707123
cachegen_dram_disk,1772733689.001154,7.6003,305.1441538333893
cachegen_dram_disk,1772733689.129339,7.6003,305.2723388671875
cachegen_dram_disk,1772733689.257487,7.6003,305.40048694610596
cachegen_dram_disk,1772733689.403406,7.6003,305.5464057922363
cachegen_dram_disk,1772733689.551961,7.6003,305.6949608325958
cachegen_dram_disk,1772733689.667829,7.6003,305.8108289241791
cachegen_dram_disk,1772733689.811806,7.6003,305.95480585098267
cachegen_dram_disk,1772733689.939503,7.6003,306.08250284194946
cachegen_dram_disk,1772733690.0672,7.6003,306.21019983291626
cachegen_dram_disk,1772733690.404302,7.6003,306.5473017692566
cachegen_dram_disk,1772733690.528944,7.6003,306.67194390296936
cachegen_dram_disk,1772733690.655725,7.6003,306.79872488975525
cachegen_dram_disk,1772733690.783852,7.6003,306.92685198783875
cachegen_dram_disk,1772733690.912569,7.6003,307.05556893348694
cachegen_dram_disk,1772733691.05101,7.6003,307.1940097808838
cachegen_dram_disk,1772733691.195649,7.6003,307.33864879608154
cachegen_dram_disk,1772733691.32146,7.6003,307.46445989608765
cachegen_dram_disk,1772733691.449571,7.6003,307.59257078170776
cachegen_dram_disk,1772733691.579401,7.6003,307.7224009037018
cachegen_dram_disk,1772733691.726585,7.6003,307.86958479881287
cachegen_dram_disk,1772733691.835508,7.6003,307.97850799560547
cachegen_dram_disk,1772733692.222819,7.6003,308.36581897735596
cachegen_dram_disk,1772733692.350509,7.6003,308.4935088157654
cachegen_dram_disk,1772733692.486245,7.6003,308.6292448043823
cachegen_dram_disk,1772733692.609459,7.6003,308.7524588108063
cachegen_dram_disk,1772733692.768398,7.6003,308.91139793395996
cachegen_dram_disk,1772733692.871427,7.6003,309.01442694664
cachegen_dram_disk,1772733693.038399,7.6003,309.1813988685608
cachegen_dram_disk,1772733693.146783,7.6003,309.28978300094604
cachegen_dram_disk,1772733693.289741,7.6003,309.43274092674255
cachegen_dram_disk,1772733693.403361,7.6003,309.54636096954346
cachegen_dram_disk,1772733693.53095,7.6003,309.6739499568939
cachegen_dram_disk,1772733693.670772,7.6003,309.8137719631195
cachegen_dram_disk,1772733693.795946,7.6003,309.9389457702637
cachegen_dram_disk,1772733694.184772,7.6003,310.32777190208435
cachegen_dram_disk,1772733694.290939,7.6003,310.43393898010254
cachegen_dram_disk,1772733694.400419,7.6003,310.54341888427734
cachegen_dram_disk,1772733694.529563,7.6003,310.6725628376007
cachegen_dram_disk,1772733694.658946,7.6003,310.8019459247589
cachegen_dram_disk,1772733694.809031,7.6003,310.9520308971405
cachegen_dram_disk,1772733694.941979,7.6003,311.08497881889343
cachegen_dram_disk,1772733695.068047,7.6003,311.2110469341278
cachegen_dram_disk,1772733695.197384,7.6003,311.34038400650024
cachegen_dram_disk,1772733695.325483,7.6003,311.4684829711914
cachegen_dram_disk,1772733695.45276,7.6003,311.5957598686218
cachegen_dram_disk,1772733695.586262,7.6003,311.7292618751526
cachegen_dram_disk,1772733695.942222,7.6003,312.0852220058441
cachegen_dram_disk,1772733696.055975,7.6003,312.1989748477936
cachegen_dram_disk,1772733696.203139,7.6003,312.3461389541626
cachegen_dram_disk,1772733696.311892,7.6003,312.4548919200897
cachegen_dram_disk,1772733696.443305,7.6003,312.5863049030304
cachegen_dram_disk,1772733696.576313,7.6003,312.71931290626526
cachegen_dram_disk,1772733696.737108,7.6003,312.8801078796387
cachegen_dram_disk,1772733696.862975,7.6003,313.0059747695923
cachegen_dram_disk,1772733696.992524,7.6003,313.13552379608154
cachegen_dram_disk,1772733697.120546,7.6003,313.26354598999023
cachegen_dram_disk,1772733697.247899,7.6003,313.3908989429474
cachegen_dram_disk,1772733697.38968,7.6003,313.5326797962189
cachegen_dram_disk,1772733697.736143,7.6003,313.87914299964905
cachegen_dram_disk,1772733697.862947,7.6003,314.00594687461853
cachegen_dram_disk,1772733697.989142,7.6003,314.132141828537
cachegen_dram_disk,1772733698.117589,7.6003,314.26058888435364
cachegen_dram_disk,1772733698.243683,7.6003,314.38668298721313
cachegen_dram_disk,1772733698.372496,7.6003,314.5154957771301
cachegen_dram_disk,1772733698.516717,7.6003,314.6597168445587
cachegen_dram_disk,1772733698.643506,7.6003,314.7865059375763
cachegen_dram_disk,1772733698.77063,7.6003,314.91362977027893
cachegen_dram_disk,1772733698.901903,7.6003,315.0449028015137
cachegen_dram_disk,1772733699.028335,7.6003,315.17133498191833
cachegen_dram_disk,1772733699.493713,7.6003,315.6367127895355
cachegen_dram_disk,1772733699.595496,7.6003,315.7384958267212
cachegen_dram_disk,1772733699.70065,7.6003,315.8436498641968
cachegen_dram_disk,1772733699.820188,7.6003,315.96318793296814
cachegen_dram_disk,1772733699.948315,7.6003,316.09131479263306
cachegen_dram_disk,1772733700.113696,7.6003,316.25669598579407
cachegen_dram_disk,1772733700.220884,7.6003,316.36388397216797
cachegen_dram_disk,1772733700.332914,7.6003,316.47591400146484
cachegen_dram_disk,1772733700.474779,7.6003,316.6177787780762
cachegen_dram_disk,1772733700.612112,7.6003,316.7551119327545
cachegen_dram_disk,1772733700.751586,7.6003,316.8945858478546
cachegen_dram_disk,1772733700.875749,7.6003,317.01874899864197
cachegen_dram_disk,1772733701.264533,7.6003,317.40753293037415
cachegen_dram_disk,1772733701.368085,7.6003,317.51108479499817
cachegen_dram_disk,1772733701.496181,7.6003,317.6391808986664
cachegen_dram_disk,1772733701.624919,7.6003,317.76791882514954
cachegen_dram_disk,1772733701.767753,7.6003,317.9107527732849
cachegen_dram_disk,1772733701.899594,7.6003,318.04259395599365
cachegen_dram_disk,1772733702.042931,7.6003,318.18593096733093
cachegen_dram_disk,1772733702.201026,7.6003,318.344025850296
cachegen_dram_disk,1772733702.311805,7.6003,318.45480489730835
cachegen_dram_disk,1772733702.44079,7.6003,318.58378982543945
cachegen_dram_disk,1772733702.57167,7.6003,318.71466994285583
cachegen_dram_disk,1772733702.699425,7.6003,318.84242486953735
cachegen_dram_disk,1772733702.82588,7.6003,318.9688799381256
cachegen_dram_disk,1772733703.198981,7.6003,319.34198093414307
cachegen_dram_disk,1772733703.325621,7.6003,319.4686207771301
cachegen_dram_disk,1772733703.453509,7.6003,319.59650897979736
cachegen_dram_disk,1772733703.582107,7.6003,319.7251069545746
cachegen_dram_disk,1772733703.711549,7.6003,319.8545489311218
cachegen_dram_disk,1772733703.878789,7.6003,320.0217888355255
cachegen_dram_disk,1772733703.982385,7.6003,320.12538480758667
cachegen_dram_disk,1772733704.144602,7.6003,320.2876019477844
cachegen_dram_disk,1772733704.256005,7.6003,320.39900493621826
cachegen_dram_disk,1772733704.379873,7.6003,320.5228729248047
cachegen_dram_disk,1772733704.507638,7.6003,320.6506378650665
cachegen_dram_disk,1772733704.644229,7.6003,320.78722882270813
cachegen_dram_disk,1772733704.982503,7.6003,321.1255028247833
cachegen_dram_disk,1772733705.114529,7.6003,321.25752878189087
cachegen_dram_disk,1772733705.241094,7.6003,321.38409399986267
cachegen_dram_disk,1772733705.372872,7.6003,321.51587200164795
cachegen_dram_disk,1772733705.499862,7.6003,321.64286184310913
cachegen_dram_disk,1772733705.666166,7.6003,321.80916595458984
cachegen_dram_disk,1772733705.776366,7.6003,321.91936588287354
cachegen_dram_disk,1772733705.888901,7.6003,322.03190088272095
cachegen_dram_disk,1772733706.022175,7.6003,322.1651749610901
cachegen_dram_disk,1772733706.14144,7.6003,322.2844398021698
cachegen_dram_disk,1772733706.282057,7.6003,322.4250569343567
cachegen_dram_disk,1772733706.466154,7.6003,322.6091539859772
cachegen_dram_disk,1772733706.847477,7.6003,322.99047684669495
cachegen_dram_disk,1772733706.976106,7.6003,323.11910581588745
cachegen_dram_disk,1772733707.104649,7.6003,323.2476489543915
cachegen_dram_disk,1772733707.233896,7.6003,323.376895904541
cachegen_dram_disk,1772733707.388415,7.6003,323.53141498565674
cachegen_dram_disk,1772733707.536435,7.6003,323.67943477630615
cachegen_dram_disk,1772733707.644589,7.6003,323.7875888347626
cachegen_dram_disk,1772733707.771263,7.6003,323.91426277160645
cachegen_dram_disk,1772733707.900576,7.6003,324.043576002121
cachegen_dram_disk,1772733708.030625,7.6003,324.1736249923706
cachegen_dram_disk,1772733708.199646,7.6003,324.3426458835602
cachegen_dram_disk,1772733708.328435,7.6003,324.47143483161926
cachegen_dram_disk,1772733708.665983,7.6003,324.8089828491211
cachegen_dram_disk,1772733708.795098,7.6003,324.9380979537964
cachegen_dram_disk,1772733708.923312,7.6003,325.0663118362427
cachegen_dram_disk,1772733709.050662,7.6003,325.1936619281769
cachegen_dram_disk,1772733709.179572,7.6003,325.32257199287415
cachegen_dram_disk,1772733709.305797,7.6003,325.44879698753357
cachegen_dram_disk,1772733709.433437,7.6003,325.57643699645996
cachegen_dram_disk,1772733709.561696,7.6003,325.7046959400177
cachegen_dram_disk,1772733709.690327,7.6003,325.83332681655884
cachegen_dram_disk,1772733709.821788,7.6003,325.9647879600525
cachegen_dram_disk,1772733709.947634,7.6003,326.09063386917114
cachegen_dram_disk,1772733710.079519,7.6003,326.22251892089844
cachegen_dram_disk,1772733710.502999,7.6003,326.64599895477295
cachegen_dram_disk,1772733710.608427,7.6003,326.7514269351959
cachegen_dram_disk,1772733710.74784,7.6003,326.89083981513977
cachegen_dram_disk,1772733710.8585,7.6003,327.0014998912811
cachegen_dram_disk,1772733710.992696,7.6003,327.13569593429565
cachegen_dram_disk,1772733711.121741,7.6003,327.2647409439087
cachegen_dram_disk,1772733711.269612,7.6003,327.41261196136475
cachegen_dram_disk,1772733711.381613,7.6003,327.52461290359497
cachegen_dram_disk,1772733711.513455,7.6003,327.65645480155945
cachegen_dram_disk,1772733711.643256,7.6003,327.7862558364868
cachegen_dram_disk,1772733711.773723,7.6003,327.9167227745056
cachegen_dram_disk,1772733711.916198,7.6003,328.05919790267944
cachegen_dram_disk,1772733712.256303,7.6003,328.39930295944214
cachegen_dram_disk,1772733712.39772,7.6003,328.5407199859619
cachegen_dram_disk,1772733712.52915,7.6003,328.6721498966217
cachegen_dram_disk,1772733712.665495,7.6003,328.8084948062897
cachegen_dram_disk,1772733712.792153,7.6003,328.93515276908875
cachegen_dram_disk,1772733712.923389,7.6003,329.0663888454437
cachegen_dram_disk,1772733713.047945,7.6003,329.19094491004944
cachegen_dram_disk,1772733713.180081,7.6003,329.32308077812195
cachegen_dram_disk,1772733713.321231,7.6003,329.46423077583313
cachegen_dram_disk,1772733713.453219,7.6003,329.5962188243866
cachegen_dram_disk,1772733713.581551,7.6003,329.7245509624481
cachegen_dram_disk,1772733713.70989,7.6003,329.85288977622986
cachegen_dram_disk,1772733714.083169,7.6003,330.2261688709259
cachegen_dram_disk,1772733714.197928,7.6003,330.3409278392792
cachegen_dram_disk,1772733714.326594,7.6003,330.46959400177
cachegen_dram_disk,1772733714.452523,7.6003,330.5955228805542
cachegen_dram_disk,1772733714.582577,7.6003,330.725576877594
cachegen_dram_disk,1772733714.708648,7.6003,330.8516478538513
cachegen_dram_disk,1772733714.867701,7.6003,331.0107009410858
cachegen_dram_disk,1772733714.973717,7.6003,331.11671686172485
cachegen_dram_disk,1772733715.135024,7.6003,331.2780239582062
cachegen_dram_disk,1772733715.264007,7.6003,331.40700697898865
cachegen_dram_disk,1772733715.393766,7.6003,331.5367658138275
cachegen_dram_disk,1772733715.527854,7.6003,331.6708538532257
cachegen_dram_disk,1772733715.898977,7.6003,332.04197692871094
cachegen_dram_disk,1772733716.027535,7.6003,332.17053484916687
cachegen_dram_disk,1772733716.176577,7.6003,332.3195769786835
cachegen_dram_disk,1772733716.285161,7.6003,332.428160905838
cachegen_dram_disk,1772733716.416715,7.6003,332.55971479415894
cachegen_dram_disk,1772733716.545585,7.6003,332.6885848045349
cachegen_dram_disk,1772733716.674453,7.6003,332.81745290756226
cachegen_dram_disk,1772733716.801547,7.6003,332.9445469379425
cachegen_dram_disk,1772733716.929289,7.6003,333.07228899002075
cachegen_dram_disk,1772733717.057603,7.6003,333.2006027698517
cachegen_dram_disk,1772733717.187643,7.6003,333.3306429386139
cachegen_dram_disk,1772733717.316737,7.6003,333.45973682403564
cachegen_dram_disk,1772733717.728193,7.6003,333.8711929321289
cachegen_dram_disk,1772733717.856651,7.6003,333.9996509552002
cachegen_dram_disk,1772733717.986273,7.6003,334.12927293777466
cachegen_dram_disk,1772733718.11622,7.6003,334.25921988487244
cachegen_dram_disk,1772733718.246338,7.6003,334.38933777809143
cachegen_dram_disk,1772733718.410226,7.6003,334.5532259941101
cachegen_dram_disk,1772733718.530095,7.6003,334.67309498786926
cachegen_dram_disk,1772733718.661055,7.6003,334.80405497550964
cachegen_dram_disk,1772733718.819207,7.6003,334.96220684051514
cachegen_dram_disk,1772733718.931019,7.6003,335.0740189552307
cachegen_dram_disk,1772733719.060161,7.6003,335.20316100120544
cachegen_dram_disk,1772733719.192676,7.6003,335.3356759548187
cachegen_dram_disk,1772733719.53441,7.6003,335.67740988731384
cachegen_dram_disk,1772733719.695613,7.6003,335.8386127948761
cachegen_dram_disk,1772733719.814713,7.6003,335.95771288871765
cachegen_dram_disk,1772733719.942908,7.6003,336.0859079360962
cachegen_dram_disk,1772733720.074822,7.6003,336.21782183647156
cachegen_dram_disk,1772733720.202455,7.6003,336.34545493125916
cachegen_dram_disk,1772733720.334423,7.6003,336.477422952652
cachegen_dram_disk,1772733720.464879,7.6003,336.60787892341614
cachegen_dram_disk,1772733720.615312,7.6003,336.7583119869232
cachegen_dram_disk,1772733720.730514,7.6003,336.87351393699646
cachegen_dram_disk,1772733720.851686,7.6003,336.9946858882904
cachegen_dram_disk,1772733721.211063,7.6003,337.35406279563904
cachegen_dram_disk,1772733721.341401,7.6003,337.4844009876251
cachegen_dram_disk,1772733721.468773,7.6003,337.61177277565
cachegen_dram_disk,1772733721.60008,7.6003,337.7430799007416
cachegen_dram_disk,1772733721.726759,7.6003,337.8697588443756
cachegen_dram_disk,1772733721.864515,7.6003,338.0075149536133
cachegen_dram_disk,1772733721.98482,7.6003,338.12781977653503
cachegen_dram_disk,1772733722.117402,7.6003,338.2604019641876
cachegen_dram_disk,1772733722.24614,7.6003,338.3891398906708
cachegen_dram_disk,1772733722.377041,7.6003,338.5200409889221
cachegen_dram_disk,1772733722.50463,7.6003,338.6476299762726
cachegen_dram_disk,1772733722.952411,7.6003,339.095410823822
cachegen_dram_disk,1772733723.081308,7.6003,339.22430777549744
cachegen_dram_disk,1772733723.227027,7.6003,339.3700268268585
cachegen_dram_disk,1772733723.349904,7.6003,339.4929039478302
cachegen_dram_disk,1772733723.499383,7.6003,339.6423828601837
cachegen_dram_disk,1772733723.62788,7.6003,339.770879983902
cachegen_dram_disk,1772733723.790258,7.6003,339.93325781822205
cachegen_dram_disk,1772733723.900263,7.6003,340.0432629585266
cachegen_dram_disk,1772733724.028044,7.6003,340.17104387283325
cachegen_dram_disk,1772733724.183242,7.6003,340.32624197006226
cachegen_dram_disk,1772733724.295143,7.6003,340.43814277648926
cachegen_dram_disk,1772733724.690694,7.6003,340.83369398117065
cachegen_dram_disk,1772733724.800435,7.6003,340.9434349536896
cachegen_dram_disk,1772733724.948354,7.6003,341.09135389328003
cachegen_dram_disk,1772733725.059681,7.6003,341.20268082618713
cachegen_dram_disk,1772733725.187621,7.6003,341.3306210041046
cachegen_dram_disk,1772733725.357186,7.6003,341.5001859664917
cachegen_dram_disk,1772733725.470471,7.6003,341.6134707927704
cachegen_dram_disk,1772733725.598607,7.6003,341.7416069507599
cachegen_dram_disk,1772733725.728911,7.6003,341.8719108104706
cachegen_dram_disk,1772733725.856771,7.6003,341.9997708797455
cachegen_dram_disk,1772733725.982877,7.6003,342.12587690353394
cachegen_dram_disk,1772733726.369565,7.6003,342.51256489753723
cachegen_dram_disk,1772733726.470519,7.6003,342.61351895332336
cachegen_dram_disk,1772733726.618855,7.6003,342.76185488700867
cachegen_dram_disk,1772733726.731694,7.6003,342.87469387054443
cachegen_dram_disk,1772733726.894142,7.6003,343.03714179992676
cachegen_dram_disk,1772733727.035518,7.6003,343.1785178184509
cachegen_dram_disk,1772733727.148382,7.6003,343.2913818359375
cachegen_dram_disk,1772733727.277036,7.6003,343.4200358390808
cachegen_dram_disk,1772733727.403545,7.6003,343.54654479026794
cachegen_dram_disk,1772733727.532964,7.6003,343.6759638786316
cachegen_dram_disk,1772733727.662223,7.6003,343.80522298812866
cachegen_dram_disk,1772733728.097252,7.6003,344.2402517795563
cachegen_dram_disk,1772733728.200804,7.6003,344.3438038825989
cachegen_dram_disk,1772733728.305093,7.6003,344.4480929374695
cachegen_dram_disk,1772733728.433472,7.6003,344.5764718055725
cachegen_dram_disk,1772733728.570118,7.6003,344.7131178379059
cachegen_dram_disk,1772733728.69167,7.6003,344.8346698284149
cachegen_dram_disk,1772733728.819893,7.6003,344.9628927707672
cachegen_dram_disk,1772733728.97412,7.6003,345.11711978912354
cachegen_dram_disk,1772733729.152394,7.6003,345.2953939437866
cachegen_dram_disk,1772733729.258132,7.6003,345.4011318683624
cachegen_dram_disk,1772733729.396821,7.6003,345.5398209095001
cachegen_dram_disk,1772733729.509559,7.6003,345.65255880355835
cachegen_dram_disk,1772733729.91943,7.6003,346.06242990493774
cachegen_dram_disk,1772733730.051042,7.6003,346.19404196739197
cachegen_dram_disk,1772733730.180584,7.6003,346.32358384132385
cachegen_dram_disk,1772733730.310429,7.6003,346.45342898368835
cachegen_dram_disk,1772733730.4385,7.6003,346.5814998149872
cachegen_dram_disk,1772733730.589716,7.6003,346.73271584510803
cachegen_dram_disk,1772733730.721733,7.6003,346.86473298072815
cachegen_dram_disk,1772733730.850354,7.6003,346.99335384368896
cachegen_dram_disk,1772733731.005433,7.6003,347.148432970047
cachegen_dram_disk,1772733731.157138,7.6003,347.3001379966736
cachegen_dram_disk,1772733731.288495,7.6003,347.43149495124817
cachegen_dram_disk,1772733731.681333,7.6003,347.8243329524994
cachegen_dram_disk,1772733731.784252,7.6003,347.9272518157959
cachegen_dram_disk,1772733731.898444,7.6003,348.04144382476807
cachegen_dram_disk,1772733732.02739,7.6003,348.1703898906708
cachegen_dram_disk,1772733732.158761,7.6003,348.3017609119415
cachegen_dram_disk,1772733732.335184,7.6003,348.47818398475647
cachegen_dram_disk,1772733732.467345,7.6003,348.6103448867798
cachegen_dram_disk,1772733732.583377,7.6003,348.7263767719269
cachegen_dram_disk,1772733732.758473,7.6003,348.90147280693054
cachegen_dram_disk,1772733732.871766,7.6003,349.0147659778595
cachegen_dram_disk,1772733732.984571,7.6003,349.12757086753845
cachegen_dram_disk,1772733733.376761,7.6003,349.5197608470917
cachegen_dram_disk,1772733733.508297,7.6003,349.65129685401917
cachegen_dram_disk,1772733733.635561,7.6003,349.7785608768463
cachegen_dram_disk,1772733733.765909,7.6003,349.90890884399414
cachegen_dram_disk,1772733733.895491,7.6003,350.0384907722473
cachegen_dram_disk,1772733734.039187,7.6003,350.1821868419647
cachegen_dram_disk,1772733734.168222,7.6003,350.31122183799744
cachegen_dram_disk,1772733734.327018,7.6003,350.47001791000366
cachegen_dram_disk,1772733734.428931,7.6003,350.57193088531494
cachegen_dram_disk,1772733734.559992,7.6003,350.70299196243286
cachegen_dram_disk,1772733734.691893,7.6003,350.83489298820496
cachegen_dram_disk,1772733734.868846,7.6003,351.01184582710266
cachegen_dram_disk,1772733735.203649,7.6003,351.3466489315033
cachegen_dram_disk,1772733735.349032,7.6003,351.49203181266785
cachegen_dram_disk,1772733735.478309,7.6003,351.62130880355835
cachegen_dram_disk,1772733735.590754,7.6003,351.73375391960144
cachegen_dram_disk,1772733735.752195,7.6003,351.89519476890564
cachegen_dram_disk,1772733735.862956,7.6003,352.00595593452454
cachegen_dram_disk,1772733736.008005,7.6003,352.15100479125977
cachegen_dram_disk,1772733736.129896,7.6003,352.2728958129883
cachegen_dram_disk,1772733736.258533,7.6003,352.4015328884125
cachegen_dram_disk,1772733736.391141,7.6003,352.5341408252716
cachegen_dram_disk,1772733736.538172,7.6003,352.6811718940735
cachegen_dram_disk,1772733736.946277,7.6003,353.0892767906189
cachegen_dram_disk,1772733737.057173,7.6003,353.20017290115356
cachegen_dram_disk,1772733737.170281,7.6003,353.31328082084656
cachegen_dram_disk,1772733737.308794,7.6003,353.4517939090729
cachegen_dram_disk,1772733737.438195,7.6003,353.5811948776245
cachegen_dram_disk,1772733737.568474,7.6003,353.711473941803
cachegen_dram_disk,1772733737.697886,7.6003,353.84088587760925
cachegen_dram_disk,1772733737.829454,7.6003,353.97245383262634
cachegen_dram_disk,1772733737.958642,7.6003,354.10164189338684
cachegen_dram_disk,1772733738.088538,7.6003,354.2315378189087
cachegen_dram_disk,1772733738.217664,7.6003,354.3606638908386
cachegen_dram_disk,1772733738.581128,7.6003,354.7241277694702
cachegen_dram_disk,1772733738.713928,7.6003,354.8569278717041
cachegen_dram_disk,1772733738.851531,7.6003,354.994530916214
cachegen_dram_disk,1772733738.99297,7.6003,355.13596987724304
cachegen_dram_disk,1772733739.122471,7.6003,355.2654709815979
cachegen_dram_disk,1772733739.282919,7.6003,355.42591881752014
cachegen_dram_disk,1772733739.388923,7.6003,355.5319228172302
cachegen_dram_disk,1772733739.532391,7.6003,355.675390958786
cachegen_dram_disk,1772733739.661234,7.6003,355.80423378944397
cachegen_dram_disk,1772733739.836507,7.6003,355.9795069694519
cachegen_dram_disk,1772733739.941304,7.6003,356.084303855896
cachegen_dram_disk,1772733740.31305,7.6003,356.4560499191284
cachegen_dram_disk,1772733740.4608,7.6003,356.6037998199463
cachegen_dram_disk,1772733740.573977,7.6003,356.7169768810272
cachegen_dram_disk,1772733740.703335,7.6003,356.8463349342346
cachegen_dram_disk,1772733740.853306,7.6003,356.9963059425354
cachegen_dram_disk,1772733740.981143,7.6003,357.12414288520813
cachegen_dram_disk,1772733741.108255,7.6003,357.2512547969818
cachegen_dram_disk,1772733741.239198,7.6003,357.3821978569031
cachegen_dram_disk,1772733741.36855,7.6003,357.511549949646
cachegen_dram_disk,1772733741.49877,7.6003,357.64176988601685
cachegen_dram_disk,1772733741.628806,7.6003,357.7718060016632
cachegen_dram_disk,1772733742.04058,7.6003,358.1835799217224
cachegen_dram_disk,1772733742.164449,7.6003,358.30744886398315
cachegen_dram_disk,1772733742.294355,7.6003,358.4373548030853
cachegen_dram_disk,1772733742.423309,7.6003,358.5663089752197
cachegen_dram_disk,1772733742.552984,7.6003,358.69598388671875
cachegen_dram_disk,1772733742.681802,7.6003,358.8248019218445
cachegen_dram_disk,1772733742.814731,7.6003,358.9577307701111
cachegen_dram_disk,1772733742.966769,7.6003,359.1097688674927
cachegen_dram_disk,1772733743.09598,7.6003,359.23897981643677
cachegen_dram_disk,1772733743.224756,7.6003,359.3677558898926
cachegen_dram_disk,1772733743.350988,7.6003,359.4939877986908
cachegen_dram_disk,1772733743.727087,7.6003,359.87008690834045
cachegen_dram_disk,1772733743.827607,7.6003,359.97060680389404
cachegen_dram_disk,1772733743.973281,7.6003,360.1162807941437
cachegen_dram_disk,1772733744.106615,7.6003,360.24961495399475
cachegen_dram_disk,1772733744.219765,7.6003,360.36276483535767
cachegen_dram_disk,1772733744.348602,7.6003,360.4916019439697
cachegen_dram_disk,1772733744.478788,7.6003,360.62178778648376
cachegen_dram_disk,1772733744.607213,7.6003,360.75021290779114
cachegen_dram_disk,1772733744.73654,7.6003,360.87953996658325
cachegen_dram_disk,1772733744.870749,7.6003,361.01374888420105
cachegen_dram_disk,1772733745.001204,7.6003,361.1442039012909
cachegen_dram_disk,1772733745.391762,7.6003,361.53476190567017
cachegen_dram_disk,1772733745.515122,7.6003,361.6581218242645
cachegen_dram_disk,1772733745.643492,7.6003,361.7864918708801
cachegen_dram_disk,1772733745.773743,7.6003,361.91674280166626
cachegen_dram_disk,1772733745.904289,7.6003,362.0472888946533
cachegen_dram_disk,1772733746.065866,7.6003,362.2088658809662
cachegen_dram_disk,1772733746.194383,7.6003,362.3373827934265
cachegen_dram_disk,1772733746.325369,7.6003,362.468368768692
cachegen_dram_disk,1772733746.453335,7.6003,362.5963349342346
cachegen_dram_disk,1772733746.614696,7.6003,362.7576959133148
cachegen_dram_disk,1772733746.732905,7.6003,362.8759047985077
cachegen_dram_disk,1772733746.861827,7.6003,363.0048267841339
cachegen_dram_disk,1772733747.230044,7.6003,363.3730437755585
cachegen_dram_disk,1772733747.362389,7.6003,363.50538897514343
cachegen_dram_disk,1772733747.481701,7.6003,363.6247007846832
cachegen_dram_disk,1772733747.616724,7.6003,363.75972390174866
cachegen_dram_disk,1772733747.749347,7.6003,363.89234685897827
cachegen_dram_disk,1772733747.883786,7.6003,364.0267858505249
cachegen_dram_disk,1772733748.015356,7.6003,364.1583559513092
cachegen_dram_disk,1772733748.1444,7.6003,364.28739976882935
cachegen_dram_disk,1772733748.272248,7.6003,364.4152479171753
cachegen_dram_disk,1772733748.404548,7.6003,364.5475478172302
cachegen_dram_disk,1772733748.769372,7.6003,364.9123718738556
cachegen_dram_disk,1772733748.898181,7.6003,365.0411808490753
cachegen_dram_disk,1772733749.027957,7.6003,365.1709568500519
cachegen_dram_disk,1772733749.189414,7.6003,365.33241391181946
cachegen_dram_disk,1772733749.305883,7.6003,365.44888281822205
cachegen_dram_disk,1772733749.437868,7.6003,365.58086800575256
cachegen_dram_disk,1772733749.590959,7.6003,365.73395895957947
cachegen_dram_disk,1772733749.713628,7.6003,365.8566279411316
cachegen_dram_disk,1772733749.844383,7.6003,365.98738288879395
cachegen_dram_disk,1772733749.973803,7.6003,366.1168029308319
cachegen_dram_disk,1772733750.105197,7.6003,366.24819684028625
cachegen_dram_disk,1772733750.633417,7.6003,366.77641677856445
cachegen_dram_disk,1772733750.769254,7.6003,366.91225385665894
cachegen_dram_disk,1772733750.898125,7.6003,367.04112482070923
cachegen_dram_disk,1772733751.029704,7.6003,367.17270398139954
cachegen_dram_disk,1772733751.16064,7.6003,367.3036398887634
cachegen_dram_disk,1772733751.290212,7.6003,367.4332118034363
cachegen_dram_disk,1772733751.42846,7.6003,367.57145977020264
cachegen_dram_disk,1772733751.59271,7.6003,367.7357099056244
cachegen_dram_disk,1772733751.708551,7.6003,367.8515508174896
cachegen_dram_disk,1772733752.074107,7.6003,368.21710681915283
cachegen_dram_disk,1772733752.208452,7.6003,368.3514518737793
cachegen_dram_disk,1772733752.338542,7.6003,368.48154187202454
cachegen_dram_disk,1772733752.469623,7.6003,368.6126229763031
cachegen_dram_disk,1772733752.606296,7.6003,368.7492959499359
cachegen_dram_disk,1772733752.730689,7.6003,368.8736889362335
cachegen_dram_disk,1772733752.8767,7.6003,369.0196998119354
cachegen_dram_disk,1772733753.008947,7.6003,369.1519467830658
cachegen_dram_disk,1772733753.145847,7.6003,369.2888469696045
cachegen_dram_disk,1772733753.259796,7.6003,369.402795791626
cachegen_dram_disk,1772733753.392398,7.6003,369.5353980064392
cachegen_dram_disk,1772733753.764734,7.6003,369.9077339172363
cachegen_dram_disk,1772733753.897859,7.6003,370.04085898399353
cachegen_dram_disk,1772733754.028987,7.6003,370.1719868183136
cachegen_dram_disk,1772733754.173862,7.6003,370.31686186790466
cachegen_dram_disk,1772733754.305203,7.6003,370.44820284843445
cachegen_dram_disk,1772733754.436661,7.6003,370.5796608924866
cachegen_dram_disk,1772733754.563475,7.6003,370.7064747810364
cachegen_dram_disk,1772733754.707108,7.6003,370.8501079082489
cachegen_dram_disk,1772733754.839079,7.6003,370.9820787906647
cachegen_dram_disk,1772733754.983665,7.6003,371.12666487693787
cachegen_dram_disk,1772733755.434161,7.6003,371.5771608352661
cachegen_dram_disk,1772733755.54765,7.6003,371.6906499862671
cachegen_dram_disk,1772733755.678352,7.6003,371.8213520050049
cachegen_dram_disk,1772733755.81038,7.6003,371.95337986946106
cachegen_dram_disk,1772733755.955457,7.6003,372.0984568595886
cachegen_dram_disk,1772733756.072567,7.6003,372.2155668735504
cachegen_dram_disk,1772733756.202625,7.6003,372.34562492370605
cachegen_dram_disk,1772733756.333888,7.6003,372.4768879413605
cachegen_dram_disk,1772733756.462351,7.6003,372.6053509712219
cachegen_dram_disk,1772733756.592012,7.6003,372.7350118160248
cachegen_dram_disk,1772733756.722229,7.6003,372.8652288913727
cachegen_dram_disk,1772733757.115387,7.6003,373.25838685035706
cachegen_dram_disk,1772733757.262576,7.6003,373.4055759906769
cachegen_dram_disk,1772733757.366402,7.6003,373.5094017982483
cachegen_dram_disk,1772733757.495821,7.6003,373.63882088661194
cachegen_dram_disk,1772733757.626249,7.6003,373.76924896240234
cachegen_dram_disk,1772733757.755512,7.6003,373.8985118865967
cachegen_dram_disk,1772733757.901843,7.6003,374.0448429584503
cachegen_dram_disk,1772733758.017319,7.6003,374.16031885147095
cachegen_dram_disk,1772733758.165519,7.6003,374.30851888656616
cachegen_dram_disk,1772733758.300646,7.6003,374.4436459541321
cachegen_dram_disk,1772733758.428924,7.6003,374.57192397117615
cachegen_dram_disk,1772733758.8036,7.6003,374.94659996032715
cachegen_dram_disk,1772733758.935494,7.6003,375.07849383354187
cachegen_dram_disk,1772733759.067853,7.6003,375.2108528614044
cachegen_dram_disk,1772733759.207569,7.6003,375.3505687713623
cachegen_dram_disk,1772733759.342885,7.6003,375.48588490486145
cachegen_dram_disk,1772733759.475762,7.6003,375.6187617778778
cachegen_dram_disk,1772733759.623504,7.6003,375.76650381088257
cachegen_dram_disk,1772733759.751291,7.6003,375.89429092407227
cachegen_dram_disk,1772733759.883929,7.6003,376.02692890167236
cachegen_dram_disk,1772733760.01632,7.6003,376.1593198776245
cachegen_dram_disk,1772733760.155774,7.6003,376.29877400398254
cachegen_dram_disk,1772733760.541182,7.6003,376.68418192863464
cachegen_dram_disk,1772733760.667531,7.6003,376.8105309009552
cachegen_dram_disk,1772733760.797771,7.6003,376.9407708644867
cachegen_dram_disk,1772733760.927118,7.6003,377.07011795043945
cachegen_dram_disk,1772733761.060914,7.6003,377.20391392707825
cachegen_dram_disk,1772733761.209361,7.6003,377.3523609638214
cachegen_dram_disk,1772733761.322953,7.6003,377.46595287323
cachegen_dram_disk,1772733761.470301,7.6003,377.6133008003235
cachegen_dram_disk,1772733761.599218,7.6003,377.74221777915955
cachegen_dram_disk,1772733761.730718,7.6003,377.8737177848816
cachegen_dram_disk,1772733761.864086,7.6003,378.0070858001709
cachegen_dram_disk,1772733762.337914,7.6003,378.4809138774872
cachegen_dram_disk,1772733762.438661,7.6003,378.58166098594666
cachegen_dram_disk,1772733762.543187,7.6003,378.6861867904663
cachegen_dram_disk,1772733762.680279,7.6003,378.8232789039612
cachegen_dram_disk,1772733762.790856,7.6003,378.93385577201843
cachegen_dram_disk,1772733762.938869,7.6003,379.08186888694763
cachegen_dram_disk,1772733763.067472,7.6003,379.210471868515
cachegen_dram_disk,1772733763.197728,7.6003,379.3407278060913
cachegen_dram_disk,1772733763.362243,7.6003,379.50524282455444
cachegen_dram_disk,1772733763.748658,7.6003,379.89165782928467
cachegen_dram_disk,1772733763.89693,7.6003,380.03992986679077
cachegen_dram_disk,1772733764.02741,7.6003,380.1704099178314
cachegen_dram_disk,1772733764.138373,7.6003,380.28137278556824
cachegen_dram_disk,1772733764.273206,7.6003,380.4162058830261
cachegen_dram_disk,1772733764.436666,7.6003,380.57966589927673
cachegen_dram_disk,1772733764.549263,7.6003,380.6922628879547
cachegen_dram_disk,1772733764.688299,7.6003,380.831298828125
cachegen_dram_disk,1772733764.842694,7.6003,380.9856939315796
cachegen_dram_disk,1772733764.94936,7.6003,381.09235978126526
cachegen_dram_disk,1772733765.333692,7.6003,381.47669196128845
cachegen_dram_disk,1772733765.466836,7.6003,381.6098358631134
cachegen_dram_disk,1772733765.614874,7.6003,381.75787377357483
cachegen_dram_disk,1772733765.730217,7.6003,381.8732168674469
cachegen_dram_disk,1772733765.861166,7.6003,382.00416588783264
cachegen_dram_disk,1772733766.003148,7.6003,382.1461479663849
cachegen_dram_disk,1772733766.131579,7.6003,382.27457880973816
cachegen_dram_disk,1772733766.260308,7.6003,382.4033079147339
cachegen_dram_disk,1772733766.392051,7.6003,382.53505086898804
cachegen_dram_disk,1772733766.855273,7.6003,382.998272895813
cachegen_dram_disk,1772733766.955644,7.6003,383.09864377975464
cachegen_dram_disk,1772733767.05829,7.6003,383.20128989219666
cachegen_dram_disk,1772733767.167286,7.6003,383.3102858066559
cachegen_dram_disk,1772733767.329174,7.6003,383.4721739292145
cachegen_dram_disk,1772733767.457123,7.6003,383.6001229286194
cachegen_dram_disk,1772733767.59306,7.6003,383.7360599040985
cachegen_dram_disk,1772733767.723346,7.6003,383.86634588241577
cachegen_dram_disk,1772733767.855667,7.6003,383.99866700172424
cachegen_dram_disk,1772733767.98888,7.6003,384.13187980651855
cachegen_dram_disk,1772733768.352558,7.6003,384.4955577850342
cachegen_dram_disk,1772733768.485317,7.6003,384.62831687927246
cachegen_dram_disk,1772733768.618037,7.6003,384.76103687286377
cachegen_dram_disk,1772733768.747447,7.6003,384.8904469013214
cachegen_dram_disk,1772733768.878609,7.6003,385.0216088294983
cachegen_dram_disk,1772733769.010888,7.6003,385.15388798713684
cachegen_dram_disk,1772733769.178614,7.6003,385.32161378860474
cachegen_dram_disk,1772733769.291061,7.6003,385.43406081199646
cachegen_dram_disk,1772733769.422911,7.6003,385.5659108161926
cachegen_dram_disk,1772733769.787396,7.6003,385.9303958415985
cachegen_dram_disk,1772733769.918597,7.6003,386.06159687042236
cachegen_dram_disk,1772733770.051439,7.6003,386.1944389343262
cachegen_dram_disk,1772733770.185488,7.6003,386.3284878730774
cachegen_dram_disk,1772733770.342061,7.6003,386.4850609302521
cachegen_dram_disk,1772733770.455771,7.6003,386.5987708568573
cachegen_dram_disk,1772733770.595031,7.6003,386.73803091049194
cachegen_dram_disk,1772733770.72491,7.6003,386.8679099082947
cachegen_dram_disk,1772733770.854151,7.6003,386.99715089797974
cachegen_dram_disk,1772733771.253466,7.6003,387.39646577835083
cachegen_dram_disk,1772733771.406816,7.6003,387.5498158931732
cachegen_dram_disk,1772733771.535944,7.6003,387.6789438724518
cachegen_dram_disk,1772733771.649907,7.6003,387.792906999588
cachegen_dram_disk,1772733771.782594,7.6003,387.9255938529968
cachegen_dram_disk,1772733771.924831,7.6003,388.06783080101013
cachegen_dram_disk,1772733772.053579,7.6003,388.1965789794922
cachegen_dram_disk,1772733772.185978,7.6003,388.32897782325745
cachegen_dram_disk,1772733772.318413,7.6003,388.46141290664673
cachegen_dram_disk,1772733772.709499,7.6003,388.85249876976013
cachegen_dram_disk,1772733772.836829,7.6003,388.9798288345337
cachegen_dram_disk,1772733772.968884,7.6003,389.1118838787079
cachegen_dram_disk,1772733773.100545,7.6003,389.2435448169708
cachegen_dram_disk,1772733773.231488,7.6003,389.3744878768921
cachegen_dram_disk,1772733773.362302,7.6003,389.50530195236206
cachegen_dram_disk,1772733773.500821,7.6003,389.64382100105286
cachegen_dram_disk,1772733773.629985,7.6003,389.77298498153687
cachegen_dram_disk,1772733773.777725,7.6003,389.9207248687744
cachegen_dram_disk,1772733773.940007,7.6003,390.0830068588257
cachegen_dram_disk,1772733774.044182,7.6003,390.1871819496155
cachegen_dram_disk,1772733774.447362,7.6003,390.5903618335724
cachegen_dram_disk,1772733774.57771,7.6003,390.7207098007202
cachegen_dram_disk,1772733774.702726,7.6003,390.845725774765
cachegen_dram_disk,1772733774.834931,7.6003,390.97793078422546
cachegen_dram_disk,1772733774.968273,7.6003,391.11127281188965
cachegen_dram_disk,1772733775.107257,7.6003,391.2502567768097
cachegen_dram_disk,1772733775.246307,7.6003,391.38930678367615
cachegen_dram_disk,1772733775.396153,7.6003,391.5391528606415
cachegen_dram_disk,1772733775.508307,7.6003,391.6513068675995
cachegen_dram_disk,1772733775.638633,7.6003,391.78163290023804
cachegen_dram_disk,1772733776.027617,7.6003,392.1706168651581
cachegen_dram_disk,1772733776.154476,7.6003,392.29747581481934
cachegen_dram_disk,1772733776.307585,7.6003,392.45058488845825
cachegen_dram_disk,1772733776.437553,7.6003,392.580552816391
cachegen_dram_disk,1772733776.553573,7.6003,392.69657278060913
cachegen_dram_disk,1772733776.68185,7.6003,392.8248498439789
cachegen_dram_disk,1772733776.819278,7.6003,392.9622778892517
cachegen_dram_disk,1772733776.952902,7.6003,393.09590196609497
cachegen_dram_disk,1772733777.096304,7.6003,393.23930382728577
cachegen_dram_disk,1772733777.24385,7.6003,393.3868498802185
cachegen_dram_disk,1772733777.591705,7.6003,393.7347049713135
cachegen_dram_disk,1772733777.725497,7.6003,393.8684968948364
cachegen_dram_disk,1772733777.865925,7.6003,394.0089249610901
cachegen_dram_disk,1772733777.99775,7.6003,394.14074993133545
cachegen_dram_disk,1772733778.132403,7.6003,394.27540278434753
cachegen_dram_disk,1772733778.263074,7.6003,394.40607380867004
cachegen_dram_disk,1772733778.394827,7.6003,394.5378267765045
cachegen_dram_disk,1772733778.524968,7.6003,394.6679677963257
cachegen_dram_disk,1772733778.675293,7.6003,394.81829285621643
cachegen_dram_disk,1772733778.837653,7.6003,394.98065280914307
cachegen_dram_disk,1772733779.220447,7.6003,395.3634469509125
cachegen_dram_disk,1772733779.339473,7.6003,395.4824728965759
cachegen_dram_disk,1772733779.485753,7.6003,395.62875294685364
cachegen_dram_disk,1772733779.600922,7.6003,395.74392199516296
cachegen_dram_disk,1772733779.736334,7.6003,395.8793339729309
cachegen_dram_disk,1772733779.867215,7.6003,396.010214805603
cachegen_dram_disk,1772733780.0141,7.6003,396.1570999622345
cachegen_dram_disk,1772733780.156732,7.6003,396.2997319698334
cachegen_dram_disk,1772733780.296821,7.6003,396.43982100486755
cachegen_dram_disk,1772733780.41237,7.6003,396.5553698539734
cachegen_dram_disk,1772733780.801777,7.6003,396.94477677345276
cachegen_dram_disk,1772733780.92218,7.6003,397.0651798248291
cachegen_dram_disk,1772733781.056473,7.6003,397.1994729042053
cachegen_dram_disk,1772733781.184917,7.6003,397.32791686058044
cachegen_dram_disk,1772733781.318511,7.6003,397.46151089668274
cachegen_dram_disk,1772733781.448653,7.6003,397.5916528701782
cachegen_dram_disk,1772733781.606005,7.6003,397.74900484085083
cachegen_dram_disk,1772733781.766527,7.6003,397.9095268249512
cachegen_dram_disk,1772733781.877756,7.6003,398.02075600624084
cachegen_dram_disk,1772733782.009603,7.6003,398.1526029109955
cachegen_dram_disk,1772733782.377241,7.6003,398.5202407836914
cachegen_dram_disk,1772733782.508125,7.6003,398.65112495422363
cachegen_dram_disk,1772733782.640446,7.6003,398.7834458351135
cachegen_dram_disk,1772733782.769812,7.6003,398.9128119945526
cachegen_dram_disk,1772733782.949818,7.6003,399.0928177833557
cachegen_dram_disk,1772733783.051256,7.6003,399.1942558288574
cachegen_dram_disk,1772733783.179394,7.6003,399.32239389419556
cachegen_dram_disk,1772733783.339845,7.6003,399.4828448295593
cachegen_dram_disk,1772733783.4747,7.6003,399.6176998615265
cachegen_dram_disk,1772733783.611474,7.6003,399.75447392463684
cachegen_dram_disk,1772733783.739853,7.6003,399.88285279273987
cachegen_dram_disk,1772733784.092095,7.6003,400.2350947856903
cachegen_dram_disk,1772733784.22367,7.6003,400.36666989326477
cachegen_dram_disk,1772733784.358666,7.6003,400.5016658306122
cachegen_dram_disk,1772733784.534575,7.6003,400.6775748729706
cachegen_dram_disk,1772733784.650417,7.6003,400.7934169769287
cachegen_dram_disk,1772733784.757321,7.6003,400.9003207683563
cachegen_dram_disk,1772733784.90819,7.6003,401.0511898994446
cachegen_dram_disk,1772733785.041446,7.6003,401.1844458580017
cachegen_dram_disk,1772733785.16905,7.6003,401.31204986572266
cachegen_dram_disk,1772733785.592432,7.6003,401.73543190956116
cachegen_dram_disk,1772733785.693378,7.6003,401.8363778591156
cachegen_dram_disk,1772733785.800725,7.6003,401.94372487068176
cachegen_dram_disk,1772733785.93034,7.6003,402.07333993911743
cachegen_dram_disk,1772733786.065405,7.6003,402.2084047794342
cachegen_dram_disk,1772733786.19885,7.6003,402.34184980392456
cachegen_dram_disk,1772733786.328644,7.6003,402.47164392471313
cachegen_dram_disk,1772733786.467077,7.6003,402.6100769042969
cachegen_dram_disk,1772733786.599391,7.6003,402.742390871048
cachegen_dram_disk,1772733786.752632,7.6003,402.89563179016113
cachegen_dram_disk,1772733787.111975,7.6003,403.25497484207153
cachegen_dram_disk,1772733787.262897,7.6003,403.40589690208435
cachegen_dram_disk,1772733787.379643,7.6003,403.52264285087585
cachegen_dram_disk,1772733787.511278,7.6003,403.6542778015137
cachegen_dram_disk,1772733787.659515,7.6003,403.80251479148865
cachegen_dram_disk,1772733787.777087,7.6003,403.92008686065674
cachegen_dram_disk,1772733787.927745,7.6003,404.0707449913025
cachegen_dram_disk,1772733788.05797,7.6003,404.2009699344635
cachegen_dram_disk,1772733788.206165,7.6003,404.34916496276855
cachegen_dram_disk,1772733788.340363,7.6003,404.4833629131317
cachegen_dram_disk,1772733788.705563,7.6003,404.8485629558563
cachegen_dram_disk,1772733788.838344,7.6003,404.9813439846039
cachegen_dram_disk,1772733788.986892,7.6003,405.129891872406
cachegen_dram_disk,1772733789.140941,7.6003,405.28394079208374
cachegen_dram_disk,1772733789.254812,7.6003,405.39781188964844
cachegen_dram_disk,1772733789.420817,7.6003,405.5638167858124
cachegen_dram_disk,1772733789.553046,7.6003,405.6960458755493
cachegen_dram_disk,1772733789.685558,7.6003,405.82855796813965
cachegen_dram_disk,1772733789.833897,7.6003,405.9768970012665
cachegen_dram_disk,1772733789.982327,7.6003,406.12532687187195
cachegen_dram_disk,1772733790.372339,7.6003,406.5153388977051
cachegen_dram_disk,1772733790.475498,7.6003,406.61849784851074
cachegen_dram_disk,1772733790.607584,7.6003,406.7505838871002
cachegen_dram_disk,1772733790.742303,7.6003,406.8853027820587
cachegen_dram_disk,1772733790.872343,7.6003,407.0153429508209
cachegen_dram_disk,1772733791.063757,7.6003,407.20675683021545
cachegen_dram_disk,1772733791.212162,7.6003,407.3551619052887
cachegen_dram_disk,1772733791.326347,7.6003,407.46934700012207
cachegen_dram_disk,1772733791.444293,7.6003,407.5872929096222
cachegen_dram_disk,1772733791.57535,7.6003,407.71834993362427
cachegen_dram_disk,1772733791.971627,7.6003,408.11462688446045
cachegen_dram_disk,1772733792.105766,7.6003,408.24876594543457
cachegen_dram_disk,1772733792.257706,7.6003,408.4007058143616
cachegen_dram_disk,1772733792.39038,7.6003,408.5333797931671
cachegen_dram_disk,1772733792.506386,7.6003,408.64938592910767
cachegen_dram_disk,1772733792.641335,7.6003,408.784334897995
cachegen_dram_disk,1772733792.7745,7.6003,408.9174997806549
cachegen_dram_disk,1772733792.907521,7.6003,409.0505208969116
cachegen_dram_disk,1772733793.036724,7.6003,409.1797239780426
cachegen_dram_disk,1772733793.170724,7.6003,409.3137238025665
cachegen_dram_disk,1772733793.579608,7.6003,409.72260785102844
cachegen_dram_disk,1772733793.691295,7.6003,409.83429479599
cachegen_dram_disk,1772733793.823181,7.6003,409.9661808013916
cachegen_dram_disk,1772733793.956704,7.6003,410.0997037887573
cachegen_dram_disk,1772733794.087396,7.6003,410.2303957939148
cachegen_dram_disk,1772733794.250719,7.6003,410.393718957901
cachegen_dram_disk,1772733794.367975,7.6003,410.5109748840332
cachegen_dram_disk,1772733794.500138,7.6003,410.64313793182373
cachegen_dram_disk,1772733794.637312,7.6003,410.78031182289124
cachegen_dram_disk,1772733794.769428,7.6003,410.9124279022217
cachegen_dram_disk,1772733795.271922,7.6003,411.41492199897766
cachegen_dram_disk,1772733795.381011,7.6003,411.52401089668274
cachegen_dram_disk,1772733795.533211,7.6003,411.67621088027954
cachegen_dram_disk,1772733795.646178,7.6003,411.7891778945923
cachegen_dram_disk,1772733795.780394,7.6003,411.92339396476746
cachegen_dram_disk,1772733795.910742,7.6003,412.0537419319153
cachegen_dram_disk,1772733796.060228,7.6003,412.2032279968262
cachegen_dram_disk,1772733796.193767,7.6003,412.3367669582367
cachegen_dram_disk,1772733796.383474,7.6003,412.52647399902344
cachegen_dram_disk,1772733796.721721,7.6003,412.8647208213806
cachegen_dram_disk,1772733796.854492,7.6003,412.99749183654785
cachegen_dram_disk,1772733796.987365,7.6003,413.13036489486694
cachegen_dram_disk,1772733797.117101,7.6003,413.2601008415222
cachegen_dram_disk,1772733797.250345,7.6003,413.3933448791504
cachegen_dram_disk,1772733797.384719,7.6003,413.5277187824249
cachegen_dram_disk,1772733797.516633,7.6003,413.6596329212189
cachegen_dram_disk,1772733797.648662,7.6003,413.79166197776794
cachegen_dram_disk,1772733797.783333,7.6003,413.92633295059204
cachegen_dram_disk,1772733797.916476,7.6003,414.0594758987427
cachegen_dram_disk,1772733798.33277,7.6003,414.47576999664307
cachegen_dram_disk,1772733798.457973,7.6003,414.6009728908539
cachegen_dram_disk,1772733798.591772,7.6003,414.7347719669342
cachegen_dram_disk,1772733798.741385,7.6003,414.8843848705292
cachegen_dram_disk,1772733798.87327,7.6003,415.01626992225647
cachegen_dram_disk,1772733799.007322,7.6003,415.1503219604492
cachegen_dram_disk,1772733799.140193,7.6003,415.2831928730011
cachegen_dram_disk,1772733799.288363,7.6003,415.43136286735535
cachegen_dram_disk,1772733799.416644,7.6003,415.55964398384094
cachegen_dram_disk,1772733799.563676,7.6003,415.70667600631714
cachegen_dram_disk,1772733799.953439,7.6003,416.0964388847351
cachegen_dram_disk,1772733800.080161,7.6003,416.22316098213196
cachegen_dram_disk,1772733800.194665,7.6003,416.3376648426056
cachegen_dram_disk,1772733800.329344,7.6003,416.4723439216614
cachegen_dram_disk,1772733800.461951,7.6003,416.6049509048462
cachegen_dram_disk,1772733800.598354,7.6003,416.74135398864746
cachegen_dram_disk,1772733800.729753,7.6003,416.87275290489197
cachegen_dram_disk,1772733800.862971,7.6003,417.005970954895
cachegen_dram_disk,1772733800.994425,7.6003,417.1374249458313
cachegen_dram_disk,1772733801.418299,7.6003,417.5612988471985
cachegen_dram_disk,1772733801.545166,7.6003,417.68816590309143
cachegen_dram_disk,1772733801.678988,7.6003,417.82198786735535
cachegen_dram_disk,1772733801.832883,7.6003,417.975882768631
cachegen_dram_disk,1772733801.963903,7.6003,418.1069028377533
cachegen_dram_disk,1772733802.103677,7.6003,418.2466769218445
cachegen_dram_disk,1772733802.237551,7.6003,418.38055086135864
cachegen_dram_disk,1772733802.384317,7.6003,418.52731680870056
cachegen_dram_disk,1772733802.515627,7.6003,418.65862679481506
cachegen_dram_disk,1772733802.649544,7.6003,418.79254388809204
cachegen_dram_disk,1772733803.031722,7.6003,419.17472195625305
cachegen_dram_disk,1772733803.16801,7.6003,419.3110098838806
cachegen_dram_disk,1772733803.300672,7.6003,419.4436719417572
cachegen_dram_disk,1772733803.434921,7.6003,419.5779209136963
cachegen_dram_disk,1772733803.57441,7.6003,419.71740984916687
cachegen_dram_disk,1772733803.713858,7.6003,419.85685777664185
cachegen_dram_disk,1772733803.849492,7.6003,419.9924919605255
cachegen_dram_disk,1772733803.979335,7.6003,420.1223349571228
cachegen_dram_disk,1772733804.127738,7.6003,420.27073788642883
cachegen_dram_disk,1772733804.260919,7.6003,420.4039189815521
cachegen_dram_disk,1772733804.628449,7.6003,420.7714488506317
cachegen_dram_disk,1772733804.756489,7.6003,420.89948892593384
cachegen_dram_disk,1772733804.88819,7.6003,421.03118991851807
cachegen_dram_disk,1772733805.037046,7.6003,421.1800458431244
cachegen_dram_disk,1772733805.168355,7.6003,421.3113548755646
cachegen_dram_disk,1772733805.323125,7.6003,421.4661247730255
cachegen_dram_disk,1772733805.437839,7.6003,421.5808389186859
cachegen_dram_disk,1772733805.576648,7.6003,421.7196478843689
cachegen_dram_disk,1772733805.707091,7.6003,421.8500909805298
cachegen_dram_disk,1772733805.846502,7.6003,421.989501953125
cachegen_dram_disk,1772733806.22405,7.6003,422.36704993247986
cachegen_dram_disk,1772733806.359453,7.6003,422.5024528503418
cachegen_dram_disk,1772733806.491996,7.6003,422.6349959373474
cachegen_dram_disk,1772733806.623938,7.6003,422.7669379711151
cachegen_dram_disk,1772733806.77825,7.6003,422.9212498664856
cachegen_dram_disk,1772733806.894235,7.6003,423.0372347831726
cachegen_dram_disk,1772733807.03013,7.6003,423.1731297969818
cachegen_dram_disk,1772733807.162435,7.6003,423.3054349422455
cachegen_dram_disk,1772733807.297446,7.6003,423.4404458999634
cachegen_dram_disk,1772733807.708588,7.6003,423.8515877723694
cachegen_dram_disk,1772733807.839233,7.6003,423.9822328090668
cachegen_dram_disk,1772733807.97201,7.6003,424.1150097846985
cachegen_dram_disk,1772733808.114265,7.6003,424.2572648525238
cachegen_dram_disk,1772733808.246584,7.6003,424.38958382606506
cachegen_dram_disk,1772733808.373295,7.6003,424.5162949562073
cachegen_dram_disk,1772733808.524387,7.6003,424.6673867702484
cachegen_dram_disk,1772733808.67314,7.6003,424.81613993644714
cachegen_dram_disk,1772733808.80627,7.6003,424.9492697715759
cachegen_dram_disk,1772733808.940634,7.6003,425.0836338996887
cachegen_dram_disk,1772733809.316282,7.6003,425.4592819213867
cachegen_dram_disk,1772733809.450553,7.6003,425.5935528278351
cachegen_dram_disk,1772733809.5826,7.6003,425.72560000419617
cachegen_dram_disk,1772733809.71647,7.6003,425.8594698905945
cachegen_dram_disk,1772733809.863575,7.6003,426.0065748691559
cachegen_dram_disk,1772733809.981412,7.6003,426.12441182136536
cachegen_dram_disk,1772733810.113068,7.6003,426.2560679912567
cachegen_dram_disk,1772733810.24554,7.6003,426.3885397911072
cachegen_dram_disk,1772733810.395418,7.6003,426.5384178161621
cachegen_dram_disk,1772733810.796731,7.6003,426.93973088264465
cachegen_dram_disk,1772733810.911135,7.6003,427.05413484573364
cachegen_dram_disk,1772733811.0444,7.6003,427.1873998641968
cachegen_dram_disk,1772733811.194987,7.6003,427.33798694610596
cachegen_dram_disk,1772733811.311306,7.6003,427.4543058872223
cachegen_dram_disk,1772733811.445372,7.6003,427.5883719921112
cachegen_dram_disk,1772733811.580399,7.6003,427.7233989238739
cachegen_dram_disk,1772733811.729102,7.6003,427.87210178375244
cachegen_dram_disk,1772733811.893835,7.6003,428.03683495521545
cachegen_dram_disk,1772733812.241166,7.6003,428.38416600227356
cachegen_dram_disk,1772733812.401882,7.6003,428.5448818206787
cachegen_dram_disk,1772733812.507835,7.6003,428.65083479881287
cachegen_dram_disk,1772733812.643135,7.6003,428.7861349582672
cachegen_dram_disk,1772733812.7919,7.6003,428.9348998069763
cachegen_dram_disk,1772733812.907824,7.6003,429.05082392692566
cachegen_dram_disk,1772733813.040247,7.6003,429.1832468509674
cachegen_dram_disk,1772733813.172559,7.6003,429.3155589103699
cachegen_dram_disk,1772733813.301981,7.6003,429.44498085975647
cachegen_dram_disk,1772733813.472839,7.6003,429.6158390045166
cachegen_dram_disk,1772733813.925215,7.6003,430.06821489334106
cachegen_dram_disk,1772733814.077908,7.6003,430.22090792655945
cachegen_dram_disk,1772733814.193202,7.6003,430.3362019062042
cachegen_dram_disk,1772733814.324272,7.6003,430.46727180480957
cachegen_dram_disk,1772733814.458155,7.6003,430.60115480422974
cachegen_dram_disk,1772733814.588822,7.6003,430.7318217754364
cachegen_dram_disk,1772733814.732287,7.6003,430.87528681755066
cachegen_dram_disk,1772733814.879098,7.6003,431.022097826004
cachegen_dram_disk,1772733814.994647,7.6003,431.13764691352844
cachegen_dram_disk,1772733815.129464,7.6003,431.27246379852295
cachegen_dram_disk,1772733815.525689,7.6003,431.6686887741089
cachegen_dram_disk,1772733815.633704,7.6003,431.7767038345337
cachegen_dram_disk,1772733815.768379,7.6003,431.91137886047363
cachegen_dram_disk,1772733815.921757,7.6003,432.0647568702698
cachegen_dram_disk,1772733816.035296,7.6003,432.1782958507538
cachegen_dram_disk,1772733816.20267,7.6003,432.3456699848175
cachegen_dram_disk,1772733816.306608,7.6003,432.4496078491211
cachegen_dram_disk,1772733816.438122,7.6003,432.5811219215393
cachegen_dram_disk,1772733816.571795,7.6003,432.7147948741913
cachegen_dram_disk,1772733816.968776,7.6003,433.11177587509155
cachegen_dram_disk,1772733817.084573,7.6003,433.22757291793823
cachegen_dram_disk,1772733817.219006,7.6003,433.3620059490204
cachegen_dram_disk,1772733817.353049,7.6003,433.49604892730713
cachegen_dram_disk,1772733817.48813,7.6003,433.6311299800873
cachegen_dram_disk,1772733817.622038,7.6003,433.7650377750397
cachegen_dram_disk,1772733817.787374,7.6003,433.93037390708923
cachegen_dram_disk,1772733817.910511,7.6003,434.05351090431213
cachegen_dram_disk,1772733818.042811,7.6003,434.18581080436707
cachegen_dram_disk,1772733818.425222,7.6003,434.56822180747986
cachegen_dram_disk,1772733818.558674,7.6003,434.7016739845276
cachegen_dram_disk,1772733818.694089,7.6003,434.8370888233185
cachegen_dram_disk,1772733818.8448,7.6003,434.9877998828888
cachegen_dram_disk,1772733818.979227,7.6003,435.12222695350647
cachegen_dram_disk,1772733819.10963,7.6003,435.25262999534607
cachegen_dram_disk,1772733819.245085,7.6003,435.38808488845825
cachegen_dram_disk,1772733819.375835,7.6003,435.51883482933044
cachegen_dram_disk,1772733819.511104,7.6003,435.6541039943695
cachegen_dram_disk,1772733819.661548,7.6003,435.80454778671265
cachegen_dram_disk,1772733820.059869,7.6003,436.20286893844604
cachegen_dram_disk,1772733820.186841,7.6003,436.3298408985138
cachegen_dram_disk,1772733820.320443,7.6003,436.4634428024292
cachegen_dram_disk,1772733820.452956,7.6003,436.59595584869385
cachegen_dram_disk,1772733820.587952,7.6003,436.73095178604126
cachegen_dram_disk,1772733820.721073,7.6003,436.8640727996826
cachegen_dram_disk,1772733820.870514,7.6003,437.01351380348206
cachegen_dram_disk,1772733821.00123,7.6003,437.144229888916
cachegen_dram_disk,1772733821.134326,7.6003,437.27732586860657
cachegen_dram_disk,1772733821.538833,7.6003,437.68183279037476
cachegen_dram_disk,1772733821.676668,7.6003,437.8196678161621
cachegen_dram_disk,1772733821.801068,7.6003,437.9440679550171
cachegen_dram_disk,1772733821.934409,7.6003,438.0774087905884
cachegen_dram_disk,1772733822.069272,7.6003,438.21227192878723
cachegen_dram_disk,1772733822.206828,7.6003,438.34982800483704
cachegen_dram_disk,1772733822.33795,7.6003,438.4809498786926
cachegen_dram_disk,1772733822.487954,7.6003,438.6309537887573
cachegen_dram_disk,1772733822.624117,7.6003,438.76711678504944
cachegen_dram_disk,1772733823.036334,7.6003,439.1793339252472
cachegen_dram_disk,1772733823.188885,7.6003,439.33188486099243
cachegen_dram_disk,1772733823.306209,7.6003,439.44920897483826
cachegen_dram_disk,1772733823.437884,7.6003,439.58088397979736
cachegen_dram_disk,1772733823.571832,7.6003,439.71483182907104
cachegen_dram_disk,1772733823.702845,7.6003,439.84584498405457
cachegen_dram_disk,1772733823.893047,7.6003,440.0360469818115
cachegen_dram_disk,1772733823.997883,7.6003,440.1408829689026
cachegen_dram_disk,1772733824.131965,7.6003,440.2749648094177
cachegen_dram_disk,1772733824.543173,7.6003,440.6861729621887
cachegen_dram_disk,1772733824.646659,7.6003,440.78965878486633
cachegen_dram_disk,1772733824.778083,7.6003,440.9210829734802
cachegen_dram_disk,1772733824.910592,7.6003,441.053591966629
cachegen_dram_disk,1772733825.04321,7.6003,441.1862099170685
cachegen_dram_disk,1772733825.191017,7.6003,441.33401679992676
cachegen_dram_disk,1772733825.31802,7.6003,441.46101999282837
cachegen_dram_disk,1772733825.450632,7.6003,441.59363198280334
cachegen_dram_disk,1772733825.585352,7.6003,441.72835183143616
cachegen_dram_disk,1772733826.042741,7.6003,442.1857409477234
cachegen_dram_disk,1772733826.144241,7.6003,442.28724098205566
cachegen_dram_disk,1772733826.250379,7.6003,442.3933789730072
cachegen_dram_disk,1772733826.375856,7.6003,442.5188558101654
cachegen_dram_disk,1772733826.529636,7.6003,442.6726357936859
cachegen_dram_disk,1772733826.650183,7.6003,442.79318284988403
cachegen_dram_disk,1772733826.783418,7.6003,442.9264178276062
cachegen_dram_disk,1772733826.947903,7.6003,443.09090280532837
cachegen_dram_disk,1772733827.080317,7.6003,443.2233169078827
cachegen_dram_disk,1772733827.217502,7.6003,443.3605020046234
cachegen_dram_disk,1772733827.585629,7.6003,443.7286288738251
cachegen_dram_disk,1772733827.721033,7.6003,443.8640329837799
cachegen_dram_disk,1772733827.856067,7.6003,443.9990668296814
cachegen_dram_disk,1772733827.993993,7.6003,444.13699293136597
cachegen_dram_disk,1772733828.139761,7.6003,444.28276085853577
cachegen_dram_disk,1772733828.273498,7.6003,444.4164979457855
cachegen_dram_disk,1772733828.421288,7.6003,444.5642879009247
cachegen_dram_disk,1772733828.552586,7.6003,444.69558596611023
cachegen_dram_disk,1772733828.694605,7.6003,444.83760499954224
cachegen_dram_disk,1772733829.090294,7.6003,445.2332937717438
cachegen_dram_disk,1772733829.214162,7.6003,445.3571619987488
cachegen_dram_disk,1772733829.336621,7.6003,445.4796209335327
cachegen_dram_disk,1772733829.472836,7.6003,445.6158359050751
cachegen_dram_disk,1772733829.609966,7.6003,445.752965927124
cachegen_dram_disk,1772733829.74614,7.6003,445.8891398906708
cachegen_dram_disk,1772733829.888388,7.6003,446.0313878059387
cachegen_dram_disk,1772733830.021545,7.6003,446.1645448207855
cachegen_dram_disk,1772733830.158297,7.6003,446.3012969493866
cachegen_dram_disk,1772733830.542853,7.6003,446.68585300445557
cachegen_dram_disk,1772733830.684553,7.6003,446.82755279541016
cachegen_dram_disk,1772733830.813139,7.6003,446.9561388492584
cachegen_dram_disk,1772733830.94456,7.6003,447.0875599384308
cachegen_dram_disk,1772733831.079159,7.6003,447.222158908844
cachegen_dram_disk,1772733831.210856,7.6003,447.3538558483124
cachegen_dram_disk,1772733831.358366,7.6003,447.5013659000397
cachegen_dram_disk,1772733831.546145,7.6003,447.6891448497772
cachegen_dram_disk,1772733831.661507,7.6003,447.80450677871704
cachegen_dram_disk,1772733832.062592,7.6003,448.20559191703796
cachegen_dram_disk,1772733832.215473,7.6003,448.3584728240967
cachegen_dram_disk,1772733832.333442,7.6003,448.476441860199
cachegen_dram_disk,1772733832.455135,7.6003,448.59813499450684
cachegen_dram_disk,1772733832.590542,7.6003,448.7335419654846
cachegen_dram_disk,1772733832.728075,7.6003,448.87107491493225
cachegen_dram_disk,1772733832.859753,7.6003,449.0027527809143
cachegen_dram_disk,1772733832.996109,7.6003,449.1391088962555
cachegen_dram_disk,1772733833.128705,7.6003,449.27170491218567
cachegen_dram_disk,1772733833.261515,7.6003,449.4045147895813
cachegen_dram_disk,1772733833.643069,7.6003,449.7860689163208
cachegen_dram_disk,1772733833.777681,7.6003,449.92068099975586
cachegen_dram_disk,1772733833.911502,7.6003,450.0545017719269
cachegen_dram_disk,1772733834.045045,7.6003,450.18804478645325
cachegen_dram_disk,1772733834.190833,7.6003,450.33383297920227
cachegen_dram_disk,1772733834.343926,7.6003,450.4869258403778
cachegen_dram_disk,1772733834.471453,7.6003,450.6144528388977
cachegen_dram_disk,1772733834.625671,7.6003,450.768670797348
cachegen_dram_disk,1772733834.759844,7.6003,450.90284395217896
cachegen_dram_disk,1772733835.160687,7.6003,451.3036868572235
cachegen_dram_disk,1772733835.294147,7.6003,451.43714690208435
cachegen_dram_disk,1772733835.428067,7.6003,451.5710668563843
cachegen_dram_disk,1772733835.560653,7.6003,451.70365285873413
cachegen_dram_disk,1772733835.698692,7.6003,451.8416919708252
cachegen_dram_disk,1772733835.847788,7.6003,451.9907879829407
cachegen_dram_disk,1772733835.98618,7.6003,452.1291799545288
cachegen_dram_disk,1772733836.118078,7.6003,452.2610778808594
cachegen_dram_disk,1772733836.500893,7.6003,452.64389300346375
cachegen_dram_disk,1772733836.636915,7.6003,452.77991485595703
cachegen_dram_disk,1772733836.77347,7.6003,452.9164698123932
cachegen_dram_disk,1772733836.909665,7.6003,453.0526649951935
cachegen_dram_disk,1772733837.063689,7.6003,453.2066888809204
cachegen_dram_disk,1772733837.182118,7.6003,453.3251178264618
cachegen_dram_disk,1772733837.312159,7.6003,453.4551589488983
cachegen_dram_disk,1772733837.457752,7.6003,453.60075187683105
cachegen_dram_disk,1772733837.60205,7.6003,453.7450499534607
cachegen_dram_disk,1772733837.984037,7.6003,454.12703680992126
cachegen_dram_disk,1772733838.120237,7.6003,454.2632369995117
cachegen_dram_disk,1772733838.268167,7.6003,454.4111669063568
cachegen_dram_disk,1772733838.408692,7.6003,454.5516917705536
cachegen_dram_disk,1772733838.536323,7.6003,454.67932295799255
cachegen_dram_disk,1772733838.671401,7.6003,454.8144009113312
cachegen_dram_disk,1772733838.806027,7.6003,454.9490268230438
cachegen_dram_disk,1772733838.940428,7.6003,455.0834279060364
cachegen_dram_disk,1772733839.080463,7.6003,455.2234628200531
cachegen_dram_disk,1772733839.213777,7.6003,455.35677695274353
cachegen_dram_disk,1772733839.622263,7.6003,455.76526284217834
cachegen_dram_disk,1772733839.740206,7.6003,455.8832058906555
cachegen_dram_disk,1772733839.874544,7.6003,456.0175437927246
cachegen_dram_disk,1772733840.010713,7.6003,456.1537129878998
cachegen_dram_disk,1772733840.144832,7.6003,456.2878317832947
cachegen_dram_disk,1772733840.299833,7.6003,456.44283294677734
cachegen_dram_disk,1772733840.419721,7.6003,456.56272077560425
cachegen_dram_disk,1772733840.556348,7.6003,456.6993479728699
cachegen_dram_disk,1772733840.702574,7.6003,456.8455739021301
cachegen_dram_disk,1772733841.081245,7.6003,457.22424483299255
cachegen_dram_disk,1772733841.216164,7.6003,457.3591639995575
cachegen_dram_disk,1772733841.367014,7.6003,457.51001381874084
cachegen_dram_disk,1772733841.504003,7.6003,457.64700293540955
cachegen_dram_disk,1772733841.622418,7.6003,457.76541781425476
cachegen_dram_disk,1772733841.756266,7.6003,457.8992660045624
cachegen_dram_disk,1772733841.904325,7.6003,458.04732489585876
cachegen_dram_disk,1772733842.037357,7.6003,458.1803569793701
cachegen_dram_disk,1772733842.189104,7.6003,458.3321039676666
cachegen_dram_disk,1772733842.603522,7.6003,458.74652194976807
cachegen_dram_disk,1772733842.73674,7.6003,458.8797399997711
cachegen_dram_disk,1772733842.869781,7.6003,459.0127809047699
cachegen_dram_disk,1772733843.003611,7.6003,459.1466109752655
cachegen_dram_disk,1772733843.14043,7.6003,459.2834298610687
cachegen_dram_disk,1772733843.313553,7.6003,459.4565529823303
cachegen_dram_disk,1772733843.433568,7.6003,459.5765678882599
cachegen_dram_disk,1772733843.569744,7.6003,459.71274399757385
cachegen_dram_disk,1772733843.721352,7.6003,459.86435198783875
cachegen_dram_disk,1772733844.066861,7.6003,460.2098608016968
cachegen_dram_disk,1772733844.202182,7.6003,460.3451819419861
cachegen_dram_disk,1772733844.336887,7.6003,460.4798867702484
cachegen_dram_disk,1772733844.470989,7.6003,460.6139888763428
cachegen_dram_disk,1772733844.606947,7.6003,460.74994683265686
cachegen_dram_disk,1772733844.741792,7.6003,460.8847918510437
cachegen_dram_disk,1772733844.880391,7.6003,461.0233907699585
cachegen_dram_disk,1772733845.030586,7.6003,461.17358589172363
cachegen_dram_disk,1772733845.164398,7.6003,461.3073978424072
cachegen_dram_disk,1772733845.552938,7.6003,461.695937871933
cachegen_dram_disk,1772733845.671525,7.6003,461.8145248889923
cachegen_dram_disk,1772733845.807785,7.6003,461.9507849216461
cachegen_dram_disk,1772733845.942774,7.6003,462.08577394485474
cachegen_dram_disk,1772733846.092175,7.6003,462.2351748943329
cachegen_dram_disk,1772733846.226736,7.6003,462.369735956192
cachegen_dram_disk,1772733846.359041,7.6003,462.5020408630371
cachegen_dram_disk,1772733846.49619,7.6003,462.6391899585724
cachegen_dram_disk,1772733846.628754,7.6003,462.7717537879944
cachegen_dram_disk,1772733847.050524,7.6003,463.1935238838196
cachegen_dram_disk,1772733847.18643,7.6003,463.3294298648834
cachegen_dram_disk,1772733847.319114,7.6003,463.4621138572693
cachegen_dram_disk,1772733847.45259,7.6003,463.5955898761749
cachegen_dram_disk,1772733847.585481,7.6003,463.72848081588745
cachegen_dram_disk,1772733847.722279,7.6003,463.8652789592743
cachegen_dram_disk,1772733847.859147,7.6003,464.0021469593048
cachegen_dram_disk,1772733847.997734,7.6003,464.14073395729065
cachegen_dram_disk,1772733848.132998,7.6003,464.275997877121
cachegen_dram_disk,1772733848.718061,7.6003,464.8610608577728
cachegen_dram_disk,1772733848.862703,7.6003,465.0057029724121
cachegen_dram_disk,1772733849.014908,7.6003,465.1579079627991
cachegen_dram_disk,1772733849.153142,7.6003,465.29614186286926
cachegen_dram_disk,1772733849.289658,7.6003,465.432657957077
cachegen_dram_disk,1772733849.422484,7.6003,465.56548380851746
cachegen_dram_disk,1772733849.560422,7.6003,465.703421831131
cachegen_dram_disk,1772733849.713845,7.6003,465.8568449020386
cachegen_dram_disk,1772733850.081923,7.6003,466.2249228954315
cachegen_dram_disk,1772733850.220154,7.6003,466.36315393447876
cachegen_dram_disk,1772733850.35209,7.6003,466.4950897693634
cachegen_dram_disk,1772733850.499643,7.6003,466.6426429748535
cachegen_dram_disk,1772733850.633671,7.6003,466.7766709327698
cachegen_dram_disk,1772733850.76614,7.6003,466.9091398715973
cachegen_dram_disk,1772733850.918901,7.6003,467.0619008541107
cachegen_dram_disk,1772733851.068339,7.6003,467.2113389968872
cachegen_dram_disk,1772733851.20777,7.6003,467.35076999664307
cachegen_dram_disk,1772733851.602589,7.6003,467.74558877944946
cachegen_dram_disk,1772733851.708226,7.6003,467.8512258529663
cachegen_dram_disk,1772733851.844744,7.6003,467.9877438545227
cachegen_dram_disk,1772733852.000424,7.6003,468.1434237957001
cachegen_dram_disk,1772733852.141174,7.6003,468.2841739654541
cachegen_dram_disk,1772733852.282099,7.6003,468.4250988960266
cachegen_dram_disk,1772733852.409447,7.6003,468.5524468421936
cachegen_dram_disk,1772733852.552054,7.6003,468.6950538158417
cachegen_dram_disk,1772733852.685814,7.6003,468.828813791275
cachegen_dram_disk,1772733853.113329,7.6003,469.25632882118225
cachegen_dram_disk,1772733853.227397,7.6003,469.3703968524933
cachegen_dram_disk,1772733853.363456,7.6003,469.5064558982849
cachegen_dram_disk,1772733853.508242,7.6003,469.6512417793274
cachegen_dram_disk,1772733853.644315,7.6003,469.7873148918152
cachegen_dram_disk,1772733853.782137,7.6003,469.9251368045807
cachegen_dram_disk,1772733853.934644,7.6003,470.0776438713074
cachegen_dram_disk,1772733854.053524,7.6003,470.1965239048004
cachegen_dram_disk,1772733854.441266,7.6003,470.5842659473419
cachegen_dram_disk,1772733854.572463,7.6003,470.7154629230499
cachegen_dram_disk,1772733854.708927,7.6003,470.85192680358887
cachegen_dram_disk,1772733854.842513,7.6003,470.98551297187805
cachegen_dram_disk,1772733854.975979,7.6003,471.11897897720337
cachegen_dram_disk,1772733855.113116,7.6003,471.2561159133911
cachegen_dram_disk,1772733855.266877,7.6003,471.4098768234253
cachegen_dram_disk,1772733855.406325,7.6003,471.54932498931885
cachegen_dram_disk,1772733855.564703,7.6003,471.70770287513733
cachegen_dram_disk,1772733855.955878,7.6003,472.0988779067993
cachegen_dram_disk,1772733856.072071,7.6003,472.2150709629059
cachegen_dram_disk,1772733856.208998,7.6003,472.35199785232544
cachegen_dram_disk,1772733856.373992,7.6003,472.516991853714
cachegen_dram_disk,1772733856.488547,7.6003,472.63154697418213
cachegen_dram_disk,1772733856.643632,7.6003,472.78663182258606
cachegen_dram_disk,1772733856.769343,7.6003,472.91234278678894
cachegen_dram_disk,1772733856.924714,7.6003,473.0677139759064
cachegen_dram_disk,1772733857.058648,7.6003,473.20164799690247
cachegen_dram_disk,1772733857.425929,7.6003,473.5689289569855
cachegen_dram_disk,1772733857.562583,7.6003,473.70558285713196
cachegen_dram_disk,1772733857.700601,7.6003,473.84360098838806
cachegen_dram_disk,1772733857.853782,7.6003,473.9967818260193
cachegen_dram_disk,1772733857.972624,7.6003,474.11562395095825
cachegen_dram_disk,1772733858.109486,7.6003,474.2524859905243
cachegen_dram_disk,1772733858.254106,7.6003,474.3971059322357
cachegen_dram_disk,1772733858.392172,7.6003,474.5351719856262
cachegen_dram_disk,1772733858.526937,7.6003,474.6699368953705
cachegen_dram_disk,1772733858.908538,7.6003,475.05153799057007
cachegen_dram_disk,1772733859.044144,7.6003,475.1871438026428
cachegen_dram_disk,1772733859.178806,7.6003,475.3218059539795
cachegen_dram_disk,1772733859.3272,7.6003,475.4701998233795
cachegen_dram_disk,1772733859.462294,7.6003,475.6052939891815
cachegen_dram_disk,1772733859.596288,7.6003,475.73928785324097
cachegen_dram_disk,1772733859.731373,7.6003,475.87437295913696
cachegen_dram_disk,1772733859.869823,7.6003,476.0128228664398
cachegen_dram_disk,1772733860.297527,7.6003,476.4405269622803
cachegen_dram_disk,1772733860.429146,7.6003,476.5721459388733
cachegen_dram_disk,1772733860.566346,7.6003,476.7093458175659
cachegen_dram_disk,1772733860.700368,7.6003,476.8433678150177
cachegen_dram_disk,1772733860.867854,7.6003,477.0108540058136
cachegen_dram_disk,1772733860.974583,7.6003,477.11758279800415
cachegen_dram_disk,1772733861.11094,7.6003,477.25393986701965
cachegen_dram_disk,1772733861.244601,7.6003,477.3876008987427
cachegen_dram_disk,1772733861.393441,7.6003,477.5364408493042
cachegen_dram_disk,1772733861.826775,7.6003,477.96977496147156
cachegen_dram_disk,1772733861.959939,7.6003,478.10293889045715
cachegen_dram_disk,1772733862.137794,7.6003,478.2807939052582
cachegen_dram_disk,1772733862.238815,7.6003,478.38181495666504
cachegen_dram_disk,1772733862.367144,7.6003,478.51014399528503
cachegen_dram_disk,1772733862.504934,7.6003,478.64793395996094
cachegen_dram_disk,1772733862.649532,7.6003,478.7925319671631
cachegen_dram_disk,1772733862.77791,7.6003,478.9209098815918
cachegen_dram_disk,1772733863.197803,7.6003,479.3408029079437
cachegen_dram_disk,1772733863.316805,7.6003,479.4598047733307
cachegen_dram_disk,1772733863.453801,7.6003,479.5968008041382
cachegen_dram_disk,1772733863.590164,7.6003,479.73316383361816
cachegen_dram_disk,1772733863.734338,7.6003,479.87733793258667
cachegen_dram_disk,1772733863.87269,7.6003,480.0156898498535
cachegen_dram_disk,1772733864.00989,7.6003,480.1528899669647
cachegen_dram_disk,1772733864.163578,7.6003,480.3065779209137
cachegen_dram_disk,1772733864.301502,7.6003,480.44450187683105
cachegen_dram_disk,1772733864.687968,7.6003,480.8309679031372
cachegen_dram_disk,1772733864.804848,7.6003,480.94784784317017
cachegen_dram_disk,1772733864.942564,7.6003,481.08556389808655
cachegen_dram_disk,1772733865.078164,7.6003,481.2211639881134
cachegen_dram_disk,1772733865.212952,7.6003,481.35595178604126
cachegen_dram_disk,1772733865.369006,7.6003,481.51200580596924
cachegen_dram_disk,1772733865.502755,7.6003,481.64575481414795
cachegen_dram_disk,1772733865.66982,7.6003,481.81281995773315
cachegen_dram_disk,1772733865.818558,7.6003,481.9615578651428
cachegen_dram_disk,1772733866.187722,7.6003,482.3307218551636
cachegen_dram_disk,1772733866.324394,7.6003,482.46739387512207
cachegen_dram_disk,1772733866.478114,7.6003,482.62111377716064
cachegen_dram_disk,1772733866.597101,7.6003,482.7401008605957
cachegen_dram_disk,1772733866.730915,7.6003,482.8739149570465
cachegen_dram_disk,1772733866.869965,7.6003,483.01296496391296
cachegen_dram_disk,1772733867.006144,7.6003,483.1491439342499
cachegen_dram_disk,1772733867.156698,7.6003,483.29969787597656
cachegen_dram_disk,1772733867.28357,7.6003,483.42656993865967
cachegen_dram_disk,1772733867.684598,7.6003,483.8275978565216
cachegen_dram_disk,1772733867.819147,7.6003,483.9621469974518
cachegen_dram_disk,1772733867.989125,7.6003,484.13212490081787
cachegen_dram_disk,1772733868.096751,7.6003,484.2397508621216
cachegen_dram_disk,1772733868.234986,7.6003,484.37798595428467
cachegen_dram_disk,1772733868.380086,7.6003,484.5230858325958
cachegen_dram_disk,1772733868.516064,7.6003,484.65906381607056
cachegen_dram_disk,1772733868.674526,7.6003,484.81752586364746
cachegen_dram_disk,1772733869.049417,7.6003,485.1924169063568
cachegen_dram_disk,1772733869.18207,7.6003,485.3250699043274
cachegen_dram_disk,1772733869.318148,7.6003,485.46114778518677
cachegen_dram_disk,1772733869.470905,7.6003,485.61390495300293
cachegen_dram_disk,1772733869.625685,7.6003,485.7686848640442
cachegen_dram_disk,1772733869.761899,7.6003,485.90489888191223
cachegen_dram_disk,1772733869.898449,7.6003,486.0414488315582
cachegen_dram_disk,1772733870.01987,7.6003,486.16286993026733
cachegen_dram_disk,1772733870.156469,7.6003,486.2994689941406
cachegen_dram_disk,1772733870.548939,7.6003,486.6919388771057
cachegen_dram_disk,1772733870.683911,7.6003,486.8269109725952
cachegen_dram_disk,1772733870.842293,7.6003,486.98529291152954
cachegen_dram_disk,1772733870.961585,7.6003,487.10458493232727
cachegen_dram_disk,1772733871.097658,7.6003,487.2406578063965
cachegen_dram_disk,1772733871.253043,7.6003,487.3960428237915
cachegen_dram_disk,1772733871.390352,7.6003,487.53335189819336
cachegen_dram_disk,1772733871.527105,7.6003,487.67010498046875
cachegen_dram_disk,1772733871.920491,7.6003,488.06349086761475
cachegen_dram_disk,1772733872.073389,7.6003,488.21638894081116
cachegen_dram_disk,1772733872.192173,7.6003,488.3351728916168
cachegen_dram_disk,1772733872.326479,7.6003,488.4694788455963
cachegen_dram_disk,1772733872.462401,7.6003,488.60540080070496
cachegen_dram_disk,1772733872.604349,7.6003,488.7473487854004
cachegen_dram_disk,1772733872.736415,7.6003,488.8794147968292
cachegen_dram_disk,1772733872.879656,7.6003,489.0226559638977
cachegen_dram_disk,1772733873.078598,7.6003,489.22159790992737
cachegen_dram_disk,1772733873.440683,7.6003,489.58368277549744
cachegen_dram_disk,1772733873.597652,7.6003,489.740651845932
cachegen_dram_disk,1772733873.730842,7.6003,489.8738420009613
cachegen_dram_disk,1772733873.865103,7.6003,490.00810289382935
cachegen_dram_disk,1772733873.999906,7.6003,490.14290595054626
cachegen_dram_disk,1772733874.141369,7.6003,490.2843689918518
cachegen_dram_disk,1772733874.273229,7.6003,490.4162287712097
cachegen_dram_disk,1772733874.465551,7.6003,490.60855078697205
cachegen_dram_disk,1772733874.585024,7.6003,490.7280240058899
cachegen_dram_disk,1772733874.946888,7.6003,491.08988785743713
cachegen_dram_disk,1772733875.098231,7.6003,491.24123096466064
cachegen_dram_disk,1772733875.236229,7.6003,491.3792288303375
cachegen_dram_disk,1772733875.372695,7.6003,491.5156948566437
cachegen_dram_disk,1772733875.510674,7.6003,491.6536738872528
cachegen_dram_disk,1772733875.64502,7.6003,491.7880198955536
cachegen_dram_disk,1772733875.783811,7.6003,491.92681097984314
cachegen_dram_disk,1772733875.918767,7.6003,492.06176686286926
cachegen_dram_disk,1772733876.330044,7.6003,492.4730439186096
cachegen_dram_disk,1772733876.468259,7.6003,492.61125898361206
cachegen_dram_disk,1772733876.620277,7.6003,492.76327681541443
cachegen_dram_disk,1772733876.738716,7.6003,492.88171577453613
cachegen_dram_disk,1772733876.872422,7.6003,493.0154218673706
cachegen_dram_disk,1772733877.00734,7.6003,493.15033984184265
cachegen_dram_disk,1772733877.143279,7.6003,493.286278963089
cachegen_dram_disk,1772733877.279358,7.6003,493.4223577976227
cachegen_dram_disk,1772733877.416683,7.6003,493.55968284606934
cachegen_dram_disk,1772733877.852889,7.6003,493.99588894844055
cachegen_dram_disk,1772733877.988299,7.6003,494.1312987804413
cachegen_dram_disk,1772733878.126017,7.6003,494.2690169811249
cachegen_dram_disk,1772733878.263308,7.6003,494.4063079357147
cachegen_dram_disk,1772733878.400223,7.6003,494.5432229042053
cachegen_dram_disk,1772733878.535503,7.6003,494.67850279808044
cachegen_dram_disk,1772733878.670782,7.6003,494.81378197669983
cachegen_dram_disk,1772733878.809518,7.6003,494.9525179862976
cachegen_dram_disk,1772733879.222118,7.6003,495.3651177883148
cachegen_dram_disk,1772733879.337668,7.6003,495.48066782951355
cachegen_dram_disk,1772733879.478606,7.6003,495.6216058731079
cachegen_dram_disk,1772733879.617179,7.6003,495.7601788043976
cachegen_dram_disk,1772733879.774702,7.6003,495.91770195961
cachegen_dram_disk,1772733879.895291,7.6003,496.038290977478
cachegen_dram_disk,1772733880.048321,7.6003,496.1913208961487
cachegen_dram_disk,1772733880.187071,7.6003,496.3300709724426
cachegen_dram_disk,1772733880.578135,7.6003,496.72113490104675
cachegen_dram_disk,1772733880.715227,7.6003,496.85822677612305
cachegen_dram_disk,1772733880.854352,7.6003,496.9973518848419
cachegen_dram_disk,1772733880.991732,7.6003,497.13473176956177
cachegen_dram_disk,1772733881.138267,7.6003,497.2812669277191
cachegen_dram_disk,1772733881.275057,7.6003,497.41805696487427
cachegen_dram_disk,1772733881.409801,7.6003,497.55280089378357
cachegen_dram_disk,1772733881.565751,7.6003,497.70875096321106
cachegen_dram_disk,1772733881.700425,7.6003,497.8434247970581
cachegen_dram_disk,1772733882.100521,7.6003,498.2435209751129
cachegen_dram_disk,1772733882.23455,7.6003,498.3775498867035
cachegen_dram_disk,1772733882.369005,7.6003,498.5120048522949
cachegen_dram_disk,1772733882.507711,7.6003,498.65071082115173
cachegen_dram_disk,1772733882.658052,7.6003,498.8010518550873
cachegen_dram_disk,1772733882.812265,7.6003,498.95526480674744
cachegen_dram_disk,1772733882.931656,7.6003,499.0746557712555
cachegen_dram_disk,1772733883.085532,7.6003,499.2285318374634
cachegen_dram_disk,1772733883.515856,7.6003,499.6588559150696
cachegen_dram_disk,1772733883.626974,7.6003,499.7699739933014
cachegen_dram_disk,1772733883.762551,7.6003,499.9055509567261
cachegen_dram_disk,1772733883.900426,7.6003,500.04342579841614
cachegen_dram_disk,1772733884.035402,7.6003,500.1784019470215
cachegen_dram_disk,1772733884.169797,7.6003,500.312796831131
cachegen_dram_disk,1772733884.321004,7.6003,500.4640038013458
cachegen_dram_disk,1772733884.48736,7.6003,500.6303598880768
cachegen_dram_disk,1772733884.628041,7.6003,500.77104091644287
cachegen_dram_disk,1772733885.020347,7.6003,501.1633470058441
cachegen_dram_disk,1772733885.154814,7.6003,501.2978138923645
cachegen_dram_disk,1772733885.293309,7.6003,501.4363088607788
cachegen_dram_disk,1772733885.429037,7.6003,501.57203698158264
cachegen_dram_disk,1772733885.570505,7.6003,501.71350479125977
cachegen_dram_disk,1772733885.706899,7.6003,501.84989881515503
cachegen_dram_disk,1772733885.84198,7.6003,501.9849798679352
cachegen_dram_disk,1772733885.978298,7.6003,502.1212978363037
cachegen_dram_disk,1772733886.419784,7.6003,502.5627839565277
cachegen_dram_disk,1772733886.520722,7.6003,502.66372179985046
cachegen_dram_disk,1772733886.657781,7.6003,502.80078077316284
cachegen_dram_disk,1772733886.792957,7.6003,502.93595695495605
cachegen_dram_disk,1772733886.930056,7.6003,503.0730559825897
cachegen_dram_disk,1772733887.069503,7.6003,503.2125029563904
cachegen_dram_disk,1772733887.20685,7.6003,503.3498499393463
cachegen_dram_disk,1772733887.34256,7.6003,503.48555994033813
cachegen_dram_disk,1772733887.517307,7.6003,503.660306930542
cachegen_dram_disk,1772733887.922779,7.6003,504.0657789707184
cachegen_dram_disk,1772733888.077772,7.6003,504.2207717895508
cachegen_dram_disk,1772733888.21409,7.6003,504.3570899963379
cachegen_dram_disk,1772733888.336158,7.6003,504.4791579246521
cachegen_dram_disk,1772733888.508312,7.6003,504.65131187438965
cachegen_dram_disk,1772733888.61592,7.6003,504.7589199542999
cachegen_dram_disk,1772733888.752249,7.6003,504.8952488899231
cachegen_dram_disk,1772733888.897942,7.6003,505.04094195365906
cachegen_dram_disk,1772733889.307127,7.6003,505.4501268863678
cachegen_dram_disk,1772733889.464962,7.6003,505.60796189308167
cachegen_dram_disk,1772733889.577069,7.6003,505.7200689315796
cachegen_dram_disk,1772733889.749707,7.6003,505.8927068710327
cachegen_dram_disk,1772733889.853362,7.6003,505.9963619709015
cachegen_dram_disk,1772733890.003093,7.6003,506.1460928916931
cachegen_dram_disk,1772733890.143878,7.6003,506.2868778705597
cachegen_dram_disk,1772733890.281978,7.6003,506.4249777793884
cachegen_dram_disk,1772733890.419462,7.6003,506.56246185302734
cachegen_dram_disk,1772733890.792189,7.6003,506.9351887702942
cachegen_dram_disk,1772733890.926361,7.6003,507.0693609714508
cachegen_dram_disk,1772733891.062871,7.6003,507.2058708667755
cachegen_dram_disk,1772733891.200524,7.6003,507.343523979187
cachegen_dram_disk,1772733891.353382,7.6003,507.49638199806213
cachegen_dram_disk,1772733891.509713,7.6003,507.65271282196045
cachegen_dram_disk,1772733891.648027,7.6003,507.7910268306732
cachegen_dram_disk,1772733891.785866,7.6003,507.9288659095764
cachegen_dram_disk,1772733892.176028,7.6003,508.3190279006958
cachegen_dram_disk,1772733892.331236,7.6003,508.47423577308655
cachegen_dram_disk,1772733892.450501,7.6003,508.59350085258484
cachegen_dram_disk,1772733892.589809,7.6003,508.7328088283539
cachegen_dram_disk,1772733892.726916,7.6003,508.86991596221924
cachegen_dram_disk,1772733892.86599,7.6003,509.0089898109436
cachegen_dram_disk,1772733893.002188,7.6003,509.14518785476685
cachegen_dram_disk,1772733893.145741,7.6003,509.2887408733368
cachegen_dram_disk,1772733893.53936,7.6003,509.68235993385315
cachegen_dram_disk,1772733893.664503,7.6003,509.8075029850006
cachegen_dram_disk,1772733893.821132,7.6003,509.9641318321228
cachegen_dram_disk,1772733893.942446,7.6003,510.0854458808899
cachegen_dram_disk,1772733894.079474,7.6003,510.222473859787
cachegen_dram_disk,1772733894.216493,7.6003,510.3594927787781
cachegen_dram_disk,1772733894.367397,7.6003,510.51039695739746
cachegen_dram_disk,1772733894.517749,7.6003,510.66074895858765
cachegen_dram_disk,1772733894.917492,7.6003,511.0604918003082
cachegen_dram_disk,1772733895.073474,7.6003,511.2164738178253
cachegen_dram_disk,1772733895.194459,7.6003,511.33745884895325
cachegen_dram_disk,1772733895.348755,7.6003,511.49175477027893
cachegen_dram_disk,1772733895.468333,7.6003,511.6113328933716
cachegen_dram_disk,1772733895.606126,7.6003,511.749125957489
cachegen_dram_disk,1772733895.749928,7.6003,511.89292788505554
cachegen_dram_disk,1772733895.879436,7.6003,512.0224359035492
cachegen_dram_disk,1772733896.015688,7.6003,512.1586878299713
cachegen_dram_disk,1772733896.422706,7.6003,512.5657057762146
cachegen_dram_disk,1772733896.557148,7.6003,512.7001478672028
cachegen_dram_disk,1772733896.695271,7.6003,512.8382709026337
cachegen_dram_disk,1772733896.849201,7.6003,512.9922008514404
cachegen_dram_disk,1772733896.96689,7.6003,513.1098899841309
cachegen_dram_disk,1772733897.105907,7.6003,513.2489068508148
cachegen_dram_disk,1772733897.245388,7.6003,513.3883879184723
cachegen_dram_disk,1772733897.3925,7.6003,513.5354998111725
cachegen_dram_disk,1772733897.528545,7.6003,513.671544790268
cachegen_dram_disk,1772733897.9584,7.6003,514.101399898529
cachegen_dram_disk,1772733898.093215,7.6003,514.2362148761749
cachegen_dram_disk,1772733898.226604,7.6003,514.3696038722992
cachegen_dram_disk,1772733898.37437,7.6003,514.5173699855804
cachegen_dram_disk,1772733898.526409,7.6003,514.6694087982178
cachegen_dram_disk,1772733898.661635,7.6003,514.804634809494
cachegen_dram_disk,1772733898.801265,7.6003,514.9442648887634
cachegen_dram_disk,1772733898.940058,7.6003,515.0830578804016
cachegen_dram_disk,1772733899.361951,7.6003,515.5049510002136
cachegen_dram_disk,1772733899.484658,7.6003,515.6276578903198
cachegen_dram_disk,1772733899.620794,7.6003,515.7637939453125
cachegen_dram_disk,1772733899.757274,7.6003,515.9002737998962
cachegen_dram_disk,1772733899.913007,7.6003,516.0560069084167
cachegen_dram_disk,1772733900.034379,7.6003,516.1773788928986
cachegen_dram_disk,1772733900.17701,7.6003,516.3200099468231
cachegen_dram_disk,1772733900.31774,7.6003,516.4607398509979
cachegen_dram_disk,1772733900.717279,7.6003,516.8602788448334
cachegen_dram_disk,1772733900.871269,7.6003,517.0142688751221
cachegen_dram_disk,1772733900.989787,7.6003,517.132786989212
cachegen_dram_disk,1772733901.12558,7.6003,517.2685799598694
cachegen_dram_disk,1772733901.264339,7.6003,517.4073388576508
cachegen_dram_disk,1772733901.418874,7.6003,517.5618739128113
cachegen_dram_disk,1772733901.55175,7.6003,517.6947498321533
cachegen_dram_disk,1772733901.687641,7.6003,517.8306407928467
cachegen_dram_disk,1772733902.087237,7.6003,518.2302367687225
cachegen_dram_disk,1772733902.229215,7.6003,518.3722147941589
cachegen_dram_disk,1772733902.367124,7.6003,518.5101239681244
cachegen_dram_disk,1772733902.502757,7.6003,518.6457569599152
cachegen_dram_disk,1772733902.640324,7.6003,518.7833240032196
cachegen_dram_disk,1772733902.780655,7.6003,518.923654794693
cachegen_dram_disk,1772733902.918642,7.6003,519.0616419315338
cachegen_dram_disk,1772733903.071585,7.6003,519.2145848274231
cachegen_dram_disk,1772733903.454653,7.6003,519.5976529121399
cachegen_dram_disk,1772733903.611713,7.6003,519.7547128200531
cachegen_dram_disk,1772733903.732576,7.6003,519.8755757808685
cachegen_dram_disk,1772733903.887735,7.6003,520.0307347774506
cachegen_dram_disk,1772733904.022568,7.6003,520.1655678749084
cachegen_dram_disk,1772733904.163504,7.6003,520.3065037727356
cachegen_dram_disk,1772733904.300461,7.6003,520.4434609413147
cachegen_dram_disk,1772733904.458303,7.6003,520.6013028621674
cachegen_dram_disk,1772733904.851679,7.6003,520.9946789741516
cachegen_dram_disk,1772733904.987285,7.6003,521.1302847862244
cachegen_dram_disk,1772733905.127222,7.6003,521.2702219486237
cachegen_dram_disk,1772733905.26164,7.6003,521.4046399593353
cachegen_dram_disk,1772733905.396473,7.6003,521.5394728183746
cachegen_dram_disk,1772733905.568536,7.6003,521.7115359306335
cachegen_dram_disk,1772733905.698023,7.6003,521.8410229682922
cachegen_dram_disk,1772733906.088733,7.6003,522.2317328453064
cachegen_dram_disk,1772733906.20509,7.6003,522.3480899333954
cachegen_dram_disk,1772733906.343838,7.6003,522.4868378639221
cachegen_dram_disk,1772733906.479259,7.6003,522.6222589015961
cachegen_dram_disk,1772733906.615349,7.6003,522.758348941803
cachegen_dram_disk,1772733906.753447,7.6003,522.8964469432831
cachegen_dram_disk,1772733906.898114,7.6003,523.0411138534546
cachegen_dram_disk,1772733907.045738,7.6003,523.1887378692627
cachegen_dram_disk,1772733907.430434,7.6003,523.5734338760376
cachegen_dram_disk,1772733907.584443,7.6003,523.7274429798126
cachegen_dram_disk,1772733907.725653,7.6003,523.8686528205872
cachegen_dram_disk,1772733907.862958,7.6003,524.0059578418732
cachegen_dram_disk,1772733908.00128,7.6003,524.1442799568176
cachegen_dram_disk,1772733908.153528,7.6003,524.2965278625488
cachegen_dram_disk,1772733908.291673,7.6003,524.434672832489
cachegen_dram_disk,1772733908.713614,7.6003,524.8566138744354
cachegen_dram_disk,1772733908.849406,7.6003,524.9924058914185
cachegen_dram_disk,1772733909.004358,7.6003,525.1473579406738
cachegen_dram_disk,1772733909.126964,7.6003,525.2699639797211
cachegen_dram_disk,1772733909.280529,7.6003,525.4235289096832
cachegen_dram_disk,1772733909.452242,7.6003,525.5952417850494
cachegen_dram_disk,1772733909.574586,7.6003,525.7175858020782
cachegen_dram_disk,1772733909.712744,7.6003,525.8557438850403
cachegen_dram_disk,1772733909.848821,7.6003,525.9918208122253
cachegen_dram_disk,1772733909.993104,7.6003,526.1361038684845
cachegen_dram_disk,1772733910.371483,7.6003,526.5144829750061
cachegen_dram_disk,1772733910.510908,7.6003,526.6539077758789
cachegen_dram_disk,1772733910.645137,7.6003,526.7881369590759
cachegen_dram_disk,1772733910.786302,7.6003,526.9293019771576
cachegen_dram_disk,1772733910.920796,7.6003,527.0637958049774
cachegen_dram_disk,1772733911.058713,7.6003,527.201712846756
cachegen_dram_disk,1772733911.211199,7.6003,527.3541989326477
cachegen_dram_disk,1772733911.352595,7.6003,527.4955949783325
cachegen_dram_disk,1772733911.50939,7.6003,527.6523900032043
cachegen_dram_disk,1772733911.887477,7.6003,528.030476808548
cachegen_dram_disk,1772733912.025575,7.6003,528.1685748100281
cachegen_dram_disk,1772733912.163743,7.6003,528.3067429065704
cachegen_dram_disk,1772733912.302189,7.6003,528.445188999176
cachegen_dram_disk,1772733912.443641,7.6003,528.5866408348083
cachegen_dram_disk,1772733912.581549,7.6003,528.7245488166809
cachegen_dram_disk,1772733912.717137,7.6003,528.8601369857788
cachegen_dram_disk,1772733912.87348,7.6003,529.0164799690247
cachegen_dram_disk,1772733913.026261,7.6003,529.1692609786987
cachegen_dram_disk,1772733913.42211,7.6003,529.5651099681854
cachegen_dram_disk,1772733913.556987,7.6003,529.6999869346619
cachegen_dram_disk,1772733913.697532,7.6003,529.8405318260193
cachegen_dram_disk,1772733913.836732,7.6003,529.979731798172
cachegen_dram_disk,1772733913.981393,7.6003,530.1243929862976
cachegen_dram_disk,1772733914.11623,7.6003,530.2592298984528
cachegen_dram_disk,1772733914.254724,7.6003,530.3977239131927
cachegen_dram_disk,1772733914.393066,7.6003,530.5360658168793
cachegen_dram_disk,1772733914.535137,7.6003,530.6781368255615
cachegen_dram_disk,1772733914.970445,7.6003,531.1134448051453
cachegen_dram_disk,1772733915.088339,7.6003,531.2313389778137
cachegen_dram_disk,1772733915.241085,7.6003,531.3840849399567
cachegen_dram_disk,1772733915.398762,7.6003,531.5417618751526
cachegen_dram_disk,1772733915.518691,7.6003,531.6616909503937
cachegen_dram_disk,1772733915.657503,7.6003,531.8005027770996
cachegen_dram_disk,1772733915.793649,7.6003,531.9366488456726
cachegen_dram_disk,1772733916.203621,7.6003,532.346620798111
cachegen_dram_disk,1772733916.357207,7.6003,532.5002069473267
cachegen_dram_disk,1772733916.492024,7.6003,532.6350238323212
cachegen_dram_disk,1772733916.648362,7.6003,532.7913618087769
cachegen_dram_disk,1772733916.813523,7.6003,532.9565229415894
cachegen_dram_disk,1772733916.927227,7.6003,533.0702269077301
cachegen_dram_disk,1772733917.066341,7.6003,533.2093408107758
cachegen_dram_disk,1772733917.215729,7.6003,533.3587288856506
cachegen_dram_disk,1772733917.351747,7.6003,533.4947469234467
cachegen_dram_disk,1772733917.741651,7.6003,533.8846509456635
cachegen_dram_disk,1772733917.899622,7.6003,534.0426218509674
cachegen_dram_disk,1772733918.018018,7.6003,534.1610178947449
cachegen_dram_disk,1772733918.154598,7.6003,534.2975978851318
cachegen_dram_disk,1772733918.292704,7.6003,534.4357039928436
cachegen_dram_disk,1772733918.44944,7.6003,534.5924398899078
cachegen_dram_disk,1772733918.579501,7.6003,534.7225008010864
cachegen_dram_disk,1772733918.734315,7.6003,534.8773148059845
cachegen_dram_disk,1772733919.105362,7.6003,535.248361825943
cachegen_dram_disk,1772733919.272263,7.6003,535.4152629375458
cachegen_dram_disk,1772733919.38082,7.6003,535.5238199234009
cachegen_dram_disk,1772733919.536642,7.6003,535.6796419620514
cachegen_dram_disk,1772733919.673481,7.6003,535.8164808750153
cachegen_dram_disk,1772733919.812336,7.6003,535.955335855484
cachegen_dram_disk,1772733919.950787,7.6003,536.0937869548798
cachegen_dram_disk,1772733920.089597,7.6003,536.2325968742371
cachegen_dram_disk,1772733920.530566,7.6003,536.673565864563
cachegen_dram_disk,1772733920.662521,7.6003,536.805520772934
cachegen_dram_disk,1772733920.799787,7.6003,536.9427869319916
cachegen_dram_disk,1772733920.939025,7.6003,537.0820248126984
cachegen_dram_disk,1772733921.078993,7.6003,537.2219929695129
cachegen_dram_disk,1772733921.216748,7.6003,537.3597478866577
cachegen_dram_disk,1772733921.374498,7.6003,537.5174977779388
cachegen_dram_disk,1772733921.513909,7.6003,537.6569089889526
cachegen_dram_disk,1772733921.895186,7.6003,538.0381858348846
cachegen_dram_disk,1772733922.024529,7.6003,538.1675288677216
cachegen_dram_disk,1772733922.168682,7.6003,538.3116819858551
cachegen_dram_disk,1772733922.310102,7.6003,538.4531018733978
cachegen_dram_disk,1772733922.446537,7.6003,538.5895369052887
cachegen_dram_disk,1772733922.587155,7.6003,538.7301549911499
cachegen_dram_disk,1772733922.745746,7.6003,538.8887457847595
cachegen_dram_disk,1772733922.869114,7.6003,539.0121138095856
cachegen_dram_disk,1772733923.277431,7.6003,539.4204308986664
cachegen_dram_disk,1772733923.406753,7.6003,539.5497529506683
cachegen_dram_disk,1772733923.545918,7.6003,539.6889178752899
cachegen_dram_disk,1772733923.681119,7.6003,539.8241188526154
cachegen_dram_disk,1772733923.836934,7.6003,539.9799339771271
cachegen_dram_disk,1772733923.973918,7.6003,540.116917848587
cachegen_dram_disk,1772733924.128002,7.6003,540.2710018157959
cachegen_dram_disk,1772733924.264622,7.6003,540.4076218605042
cachegen_dram_disk,1772733924.736239,7.6003,540.8792388439178
cachegen_dram_disk,1772733924.875051,7.6003,541.0180509090424
cachegen_dram_disk,1772733925.030445,7.6003,541.1734449863434
cachegen_dram_disk,1772733925.16784,7.6003,541.3108398914337
cachegen_dram_disk,1772733925.321048,7.6003,541.464047908783
cachegen_dram_disk,1772733925.441845,7.6003,541.584844827652
cachegen_dram_disk,1772733925.591128,7.6003,541.734127998352
cachegen_dram_disk,1772733925.746546,7.6003,541.889545917511
cachegen_dram_disk,1772733926.119192,7.6003,542.2621917724609
cachegen_dram_disk,1772733926.265088,7.6003,542.4080879688263
cachegen_dram_disk,1772733926.397657,7.6003,542.5406568050385
cachegen_dram_disk,1772733926.596683,7.6003,542.7396829128265
cachegen_dram_disk,1772733926.698951,7.6003,542.8419508934021
cachegen_dram_disk,1772733926.82623,7.6003,542.9692299365997
cachegen_dram_disk,1772733926.95193,7.6003,543.094929933548
cachegen_dram_disk,1772733927.113394,7.6003,543.2563939094543
cachegen_dram_disk,1772733927.669171,7.6003,543.8121709823608
cachegen_dram_disk,1772733927.825845,7.6003,543.9688448905945
cachegen_dram_disk,1772733927.946213,7.6003,544.0892128944397
cachegen_dram_disk,1772733928.084922,7.6003,544.227921962738
cachegen_dram_disk,1772733928.223745,7.6003,544.3667449951172
cachegen_dram_disk,1772733928.397189,7.6003,544.5401887893677
cachegen_dram_disk,1772733928.538186,7.6003,544.6811859607697
cachegen_dram_disk,1772733928.677593,7.6003,544.820592880249
cachegen_dram_disk,1772733929.11803,7.6003,545.261029958725
cachegen_dram_disk,1772733929.232285,7.6003,545.375284910202
cachegen_dram_disk,1772733929.370807,7.6003,545.5138068199158
cachegen_dram_disk,1772733929.516015,7.6003,545.6590149402618
cachegen_dram_disk,1772733929.654617,7.6003,545.7976169586182
cachegen_dram_disk,1772733929.795355,7.6003,545.9383549690247
cachegen_dram_disk,1772733929.932983,7.6003,546.0759828090668
cachegen_dram_disk,1772733930.070911,7.6003,546.2139108181
cachegen_dram_disk,1772733930.520357,7.6003,546.6633567810059
cachegen_dram_disk,1772733930.658837,7.6003,546.8018369674683
cachegen_dram_disk,1772733930.797637,7.6003,546.9406368732452
cachegen_dram_disk,1772733930.937454,7.6003,547.0804538726807
cachegen_dram_disk,1772733931.079722,7.6003,547.2227218151093
cachegen_dram_disk,1772733931.215673,7.6003,547.3586728572845
cachegen_dram_disk,1772733931.387623,7.6003,547.530622959137
cachegen_dram_disk,1772733931.508033,7.6003,547.6510329246521
cachegen_dram_disk,1772733931.898004,7.6003,548.0410039424896
cachegen_dram_disk,1772733932.021715,7.6003,548.1647148132324
cachegen_dram_disk,1772733932.178005,7.6003,548.3210048675537
cachegen_dram_disk,1772733932.303504,7.6003,548.4465038776398
cachegen_dram_disk,1772733932.442679,7.6003,548.5856788158417
cachegen_dram_disk,1772733932.58233,7.6003,548.725329875946
cachegen_dram_disk,1772733932.739918,7.6003,548.882917881012
cachegen_dram_disk,1772733932.865099,7.6003,549.0080988407135
cachegen_dram_disk,1772733933.264197,7.6003,549.4071969985962
cachegen_dram_disk,1772733933.402601,7.6003,549.5456008911133
cachegen_dram_disk,1772733933.543565,7.6003,549.6865649223328
cachegen_dram_disk,1772733933.680554,7.6003,549.8235538005829
cachegen_dram_disk,1772733933.818863,7.6003,549.9618628025055
cachegen_dram_disk,1772733933.971332,7.6003,550.1143319606781
cachegen_dram_disk,1772733934.112231,7.6003,550.2552309036255
cachegen_dram_disk,1772733934.53017,7.6003,550.6731698513031
cachegen_dram_disk,1772733934.655066,7.6003,550.7980659008026
cachegen_dram_disk,1772733934.810878,7.6003,550.9538779258728
cachegen_dram_disk,1772733934.95071,7.6003,551.0937099456787
cachegen_dram_disk,1772733935.091071,7.6003,551.2340707778931
cachegen_dram_disk,1772733935.23731,7.6003,551.3803098201752
cachegen_dram_disk,1772733935.394681,7.6003,551.5376808643341
cachegen_dram_disk,1772733935.533698,7.6003,551.6766979694366
cachegen_dram_disk,1772733935.930536,7.6003,552.0735359191895
cachegen_dram_disk,1772733936.069912,7.6003,552.2129118442535
cachegen_dram_disk,1772733936.206998,7.6003,552.3499979972839
cachegen_dram_disk,1772733936.348098,7.6003,552.4910979270935
cachegen_dram_disk,1772733936.485784,7.6003,552.6287839412689
cachegen_dram_disk,1772733936.630112,7.6003,552.773111820221
cachegen_dram_disk,1772733936.771079,7.6003,552.914078950882
cachegen_dram_disk,1772733936.912427,7.6003,553.0554268360138
cachegen_dram_disk,1772733937.068348,7.6003,553.2113478183746
cachegen_dram_disk,1772733937.456982,7.6003,553.5999817848206
cachegen_dram_disk,1772733937.579909,7.6003,553.7229089736938
cachegen_dram_disk,1772733937.720895,7.6003,553.8638949394226
cachegen_dram_disk,1772733937.858366,7.6003,554.0013659000397
cachegen_dram_disk,1772733937.995455,7.6003,554.138454914093
cachegen_dram_disk,1772733938.155488,7.6003,554.2984879016876
cachegen_dram_disk,1772733938.354435,7.6003,554.4974348545074
cachegen_dram_disk,1772733938.711919,7.6003,554.8549189567566
cachegen_dram_disk,1772733938.837728,7.6003,554.9807279109955
cachegen_dram_disk,1772733939.007314,7.6003,555.1503138542175
cachegen_dram_disk,1772733939.120054,7.6003,555.263053894043
cachegen_dram_disk,1772733939.277378,7.6003,555.4203779697418
cachegen_dram_disk,1772733939.404297,7.6003,555.547297000885
cachegen_dram_disk,1772733939.545114,7.6003,555.6881139278412
cachegen_dram_disk,1772733939.684442,7.6003,555.8274419307709
cachegen_dram_disk,1772733940.081887,7.6003,556.2248868942261
cachegen_dram_disk,1772733940.235957,7.6003,556.3789567947388
cachegen_dram_disk,1772733940.366899,7.6003,556.5098989009857
cachegen_dram_disk,1772733940.506518,7.6003,556.6495177745819
cachegen_dram_disk,1772733940.665556,7.6003,556.8085558414459
cachegen_dram_disk,1772733940.805526,7.6003,556.9485259056091
cachegen_dram_disk,1772733940.934601,7.6003,557.0776009559631
cachegen_dram_disk,1772733941.06862,7.6003,557.2116198539734
cachegen_dram_disk,1772733941.438838,7.6003,557.5818378925323
cachegen_dram_disk,1772733941.580617,7.6003,557.7236168384552
cachegen_dram_disk,1772733941.719488,7.6003,557.8624877929688
cachegen_dram_disk,1772733941.857075,7.6003,558.0000748634338
cachegen_dram_disk,1772733942.025862,7.6003,558.1688618659973
cachegen_dram_disk,1772733942.135341,7.6003,558.2783408164978
cachegen_dram_disk,1772733942.276534,7.6003,558.4195339679718
cachegen_dram_disk,1772733942.42447,7.6003,558.5674698352814
cachegen_dram_disk,1772733942.822596,7.6003,558.9655959606171
cachegen_dram_disk,1772733942.962586,7.6003,559.1055858135223
cachegen_dram_disk,1772733943.1014,7.6003,559.2443997859955
cachegen_dram_disk,1772733943.241563,7.6003,559.3845629692078
cachegen_dram_disk,1772733943.380129,7.6003,559.5231289863586
cachegen_dram_disk,1772733943.524958,7.6003,559.6679577827454
cachegen_dram_disk,1772733943.661174,7.6003,559.8041739463806
cachegen_dram_disk,1772733944.093475,7.6003,560.2364749908447
cachegen_dram_disk,1772733944.216367,7.6003,560.3593668937683
cachegen_dram_disk,1772733944.353609,7.6003,560.4966089725494
cachegen_dram_disk,1772733944.49081,7.6003,560.6338098049164
cachegen_dram_disk,1772733944.627858,7.6003,560.7708578109741
cachegen_dram_disk,1772733944.768351,7.6003,560.9113509654999
cachegen_dram_disk,1772733944.940525,7.6003,561.0835249423981
cachegen_dram_disk,1772733945.095082,7.6003,561.2380819320679
cachegen_dram_disk,1772733945.478205,7.6003,561.6212048530579
cachegen_dram_disk,1772733945.635465,7.6003,561.7784647941589
cachegen_dram_disk,1772733945.774024,7.6003,561.917023897171
cachegen_dram_disk,1772733945.907244,7.6003,562.0502438545227
cachegen_dram_disk,1772733946.048068,7.6003,562.1910679340363
cachegen_dram_disk,1772733946.19443,7.6003,562.3374300003052
cachegen_dram_disk,1772733946.330075,7.6003,562.4730749130249
cachegen_dram_disk,1772733946.486929,7.6003,562.6299288272858
cachegen_dram_disk,1772733946.897119,7.6003,563.040118932724
cachegen_dram_disk,1772733947.02273,7.6003,563.1657299995422
cachegen_dram_disk,1772733947.165738,7.6003,563.3087379932404
cachegen_dram_disk,1772733947.284716,7.6003,563.4277157783508
cachegen_dram_disk,1772733947.425271,7.6003,563.5682709217072
cachegen_dram_disk,1772733947.571687,7.6003,563.714686870575
cachegen_dram_disk,1772733947.711786,7.6003,563.8547859191895
cachegen_dram_disk,1772733947.869174,7.6003,564.0121738910675
cachegen_dram_disk,1772733948.252232,7.6003,564.395231962204
cachegen_dram_disk,1772733948.394032,7.6003,564.5370318889618
cachegen_dram_disk,1772733948.533285,7.6003,564.6762847900391
cachegen_dram_disk,1772733948.685517,7.6003,564.828516960144
cachegen_dram_disk,1772733948.846505,7.6003,564.989504814148
cachegen_dram_disk,1772733948.953624,7.6003,565.0966238975525
cachegen_dram_disk,1772733949.112075,7.6003,565.2550749778748
cachegen_dram_disk,1772733949.244929,7.6003,565.3879289627075
cachegen_dram_disk,1772733949.653368,7.6003,565.7963678836823
cachegen_dram_disk,1772733949.812049,7.6003,565.9550487995148
cachegen_dram_disk,1772733949.932782,7.6003,566.0757818222046
cachegen_dram_disk,1772733950.068716,7.6003,566.2117159366608
cachegen_dram_disk,1772733950.211297,7.6003,566.3542969226837
cachegen_dram_disk,1772733950.355707,7.6003,566.498706817627
cachegen_dram_disk,1772733950.512836,7.6003,566.6558358669281
cachegen_dram_disk,1772733950.670824,7.6003,566.8138239383698
cachegen_dram_disk,1772733951.07444,7.6003,567.2174398899078
cachegen_dram_disk,1772733951.212207,7.6003,567.3552069664001
cachegen_dram_disk,1772733951.353101,7.6003,567.4961009025574
cachegen_dram_disk,1772733951.489259,7.6003,567.6322588920593
cachegen_dram_disk,1772733951.643102,7.6003,567.7861018180847
cachegen_dram_disk,1772733951.781136,7.6003,567.9241359233856
cachegen_dram_disk,1772733951.926535,7.6003,568.069534778595
cachegen_dram_disk,1772733952.085686,7.6003,568.2286858558655
cachegen_dram_disk,1772733952.475978,7.6003,568.6189777851105
cachegen_dram_disk,1772733952.587248,7.6003,568.7302479743958
cachegen_dram_disk,1772733952.728016,7.6003,568.8710157871246
cachegen_dram_disk,1772733952.867231,7.6003,569.0102307796478
cachegen_dram_disk,1772733953.036807,7.6003,569.1798069477081
cachegen_dram_disk,1772733953.143431,7.6003,569.2864308357239
cachegen_dram_disk,1772733953.283249,7.6003,569.4262487888336
cachegen_dram_disk,1772733953.442756,7.6003,569.5857558250427
cachegen_dram_disk,1772733953.845796,7.6003,569.9887959957123
cachegen_dram_disk,1772733953.975827,7.6003,570.1188268661499
cachegen_dram_disk,1772733954.116779,7.6003,570.2597789764404
cachegen_dram_disk,1772733954.257658,7.6003,570.4006578922272
cachegen_dram_disk,1772733954.399402,7.6003,570.5424017906189
cachegen_dram_disk,1772733954.53903,7.6003,570.6820299625397
cachegen_dram_disk,1772733954.67993,7.6003,570.8229298591614
cachegen_dram_disk,1772733954.821093,7.6003,570.9640929698944
cachegen_dram_disk,1772733955.236046,7.6003,571.3790459632874
cachegen_dram_disk,1772733955.377282,7.6003,571.520281791687
cachegen_dram_disk,1772733955.516303,7.6003,571.6593029499054
cachegen_dram_disk,1772733955.668705,7.6003,571.8117048740387
cachegen_dram_disk,1772733955.8288,7.6003,571.9717998504639
cachegen_dram_disk,1772733955.971373,7.6003,572.1143729686737
cachegen_dram_disk,1772733956.112569,7.6003,572.2555689811707
cachegen_dram_disk,1772733956.511188,7.6003,572.6541879177094
cachegen_dram_disk,1772733956.667948,7.6003,572.81094789505
cachegen_dram_disk,1772733956.800172,7.6003,572.9431719779968
cachegen_dram_disk,1772733956.939906,7.6003,573.0829057693481
cachegen_dram_disk,1772733957.099078,7.6003,573.2420778274536
cachegen_dram_disk,1772733957.224984,7.6003,573.3679838180542
cachegen_dram_disk,1772733957.367852,7.6003,573.5108518600464
cachegen_dram_disk,1772733957.804807,7.6003,573.9478068351746
cachegen_dram_disk,1772733957.928325,7.6003,574.0713248252869
cachegen_dram_disk,1772733958.085638,7.6003,574.2286379337311
cachegen_dram_disk,1772733958.228732,7.6003,574.3717319965363
cachegen_dram_disk,1772733958.378539,7.6003,574.5215389728546
cachegen_dram_disk,1772733958.503958,7.6003,574.6469578742981
cachegen_dram_disk,1772733958.661152,7.6003,574.8041517734528
cachegen_dram_disk,1772733958.786257,7.6003,574.9292569160461
cachegen_dram_disk,1772733959.19276,7.6003,575.3357598781586
cachegen_dram_disk,1772733959.341242,7.6003,575.4842419624329
cachegen_dram_disk,1772733959.476726,7.6003,575.6197259426117
cachegen_dram_disk,1772733959.61459,7.6003,575.7575898170471
cachegen_dram_disk,1772733959.755884,7.6003,575.8988838195801
cachegen_dram_disk,1772733959.910086,7.6003,576.0530858039856
cachegen_dram_disk,1772733960.051704,7.6003,576.1947038173676
cachegen_dram_disk,1772733960.190229,7.6003,576.3332288265228
cachegen_dram_disk,1772733960.599986,7.6003,576.7429859638214
cachegen_dram_disk,1772733960.70923,7.6003,576.8522298336029
cachegen_dram_disk,1772733960.867004,7.6003,577.0100038051605
cachegen_dram_disk,1772733960.989719,7.6003,577.1327188014984
cachegen_dram_disk,1772733961.155435,7.6003,577.2984349727631
cachegen_dram_disk,1772733961.276436,7.6003,577.4194359779358
cachegen_dram_disk,1772733961.446688,7.6003,577.5896878242493
cachegen_dram_disk,1772733961.903616,7.6003,578.0466158390045
cachegen_dram_disk,1772733962.023466,7.6003,578.1664659976959
cachegen_dram_disk,1772733962.161311,7.6003,578.304310798645
cachegen_dram_disk,1772733962.301895,7.6003,578.4448947906494
cachegen_dram_disk,1772733962.450556,7.6003,578.5935559272766
cachegen_dram_disk,1772733962.584144,7.6003,578.7271440029144
cachegen_dram_disk,1772733962.723594,7.6003,578.866593837738
cachegen_dram_disk,1772733962.865204,7.6003,579.0082039833069
cachegen_dram_disk,1772733963.309683,7.6003,579.4526829719543
cachegen_dram_disk,1772733963.449054,7.6003,579.5920538902283
cachegen_dram_disk,1772733963.573952,7.6003,579.7169518470764
cachegen_dram_disk,1772733963.745795,7.6003,579.8887948989868
cachegen_dram_disk,1772733963.87501,7.6003,580.0180099010468
cachegen_dram_disk,1772733963.997377,7.6003,580.1403768062592
cachegen_dram_disk,1772733964.137565,7.6003,580.2805647850037
cachegen_dram_disk,1772733964.281011,7.6003,580.4240109920502
cachegen_dram_disk,1772733964.698261,7.6003,580.8412609100342
cachegen_dram_disk,1772733964.841934,7.6003,580.9849338531494
cachegen_dram_disk,1772733964.981734,7.6003,581.1247339248657
cachegen_dram_disk,1772733965.128855,7.6003,581.2718548774719
cachegen_dram_disk,1772733965.269735,7.6003,581.4127349853516
cachegen_dram_disk,1772733965.422394,7.6003,581.5653939247131
cachegen_dram_disk,1772733965.548174,7.6003,581.6911737918854
cachegen_dram_disk,1772733965.694231,7.6003,581.8372309207916
cachegen_dram_disk,1772733966.071669,7.6003,582.2146689891815
cachegen_dram_disk,1772733966.211999,7.6003,582.3549988269806
cachegen_dram_disk,1772733966.352532,7.6003,582.4955317974091
cachegen_dram_disk,1772733966.512097,7.6003,582.6550967693329
cachegen_dram_disk,1772733966.633088,7.6003,582.7760879993439
cachegen_dram_disk,1772733966.790585,7.6003,582.9335849285126
cachegen_dram_disk,1772733966.913412,7.6003,583.0564119815826
cachegen_dram_disk,1772733967.357428,7.6003,583.5004279613495
cachegen_dram_disk,1772733967.464167,7.6003,583.6071670055389
cachegen_dram_disk,1772733967.585477,7.6003,583.7284770011902
cachegen_dram_disk,1772733967.727159,7.6003,583.8701589107513
cachegen_dram_disk,1772733967.898791,7.6003,584.0417909622192
cachegen_dram_disk,1772733968.044878,7.6003,584.1878778934479
cachegen_dram_disk,1772733968.185424,7.6003,584.3284239768982
cachegen_dram_disk,1772733968.325765,7.6003,584.4687647819519
cachegen_dram_disk,1772733968.744406,7.6003,584.887405872345
cachegen_dram_disk,1772733968.86822,7.6003,585.0112199783325
cachegen_dram_disk,1772733969.009166,7.6003,585.15216588974
cachegen_dram_disk,1772733969.153058,7.6003,585.2960579395294
cachegen_dram_disk,1772733969.309292,7.6003,585.4522919654846
cachegen_dram_disk,1772733969.450153,7.6003,585.5931529998779
cachegen_dram_disk,1772733969.604926,7.6003,585.7479259967804
cachegen_dram_disk,1772733969.742096,7.6003,585.885095834732
cachegen_dram_disk,1772733970.139109,7.6003,586.2821087837219
cachegen_dram_disk,1772733970.281243,7.6003,586.4242429733276
cachegen_dram_disk,1772733970.423458,7.6003,586.5664579868317
cachegen_dram_disk,1772733970.566349,7.6003,586.7093489170074
cachegen_dram_disk,1772733970.704539,7.6003,586.8475389480591
cachegen_dram_disk,1772733970.847717,7.6003,586.9907169342041
cachegen_dram_disk,1772733970.994986,7.6003,587.1379859447479
cachegen_dram_disk,1772733971.451903,7.6003,587.5949029922485
cachegen_dram_disk,1772733971.570362,7.6003,587.7133619785309
cachegen_dram_disk,1772733971.710614,7.6003,587.8536138534546
cachegen_dram_disk,1772733971.853395,7.6003,587.9963948726654
cachegen_dram_disk,1772733971.99573,7.6003,588.1387298107147
cachegen_dram_disk,1772733972.138907,7.6003,588.2819068431854
cachegen_dram_disk,1772733972.280078,7.6003,588.4230778217316
cachegen_dram_disk,1772733972.424878,7.6003,588.5678777694702
cachegen_dram_disk,1772733972.831378,7.6003,588.9743778705597
cachegen_dram_disk,1772733972.968505,7.6003,589.1115047931671
cachegen_dram_disk,1772733973.109162,7.6003,589.2521619796753
cachegen_dram_disk,1772733973.247172,7.6003,589.3901720046997
cachegen_dram_disk,1772733973.403238,7.6003,589.5462379455566
cachegen_dram_disk,1772733973.548622,7.6003,589.6916217803955
cachegen_dram_disk,1772733973.689904,7.6003,589.8329038619995
cachegen_dram_disk,1772733974.070981,7.6003,590.2139809131622
cachegen_dram_disk,1772733974.202471,7.6003,590.345470905304
cachegen_dram_disk,1772733974.345067,7.6003,590.4880669116974
cachegen_dram_disk,1772733974.486502,7.6003,590.6295018196106
cachegen_dram_disk,1772733974.624948,7.6003,590.7679479122162
cachegen_dram_disk,1772733974.767077,7.6003,590.9100768566132
cachegen_dram_disk,1772733974.926963,7.6003,591.069962978363
cachegen_dram_disk,1772733975.053403,7.6003,591.1964027881622
cachegen_dram_disk,1772733975.457942,7.6003,591.6009418964386
cachegen_dram_disk,1772733975.601174,7.6003,591.7441740036011
cachegen_dram_disk,1772733975.759709,7.6003,591.9027087688446
cachegen_dram_disk,1772733975.938633,7.6003,592.0816328525543
cachegen_dram_disk,1772733976.04666,7.6003,592.1896598339081
cachegen_dram_disk,1772733976.189705,7.6003,592.332704782486
cachegen_dram_disk,1772733976.332346,7.6003,592.4753458499908
cachegen_dram_disk,1772733976.470718,7.6003,592.6137177944183
cachegen_dram_disk,1772733976.863481,7.6003,593.0064809322357
cachegen_dram_disk,1772733977.005319,7.6003,593.1483190059662
cachegen_dram_disk,1772733977.14731,7.6003,593.2903099060059
cachegen_dram_disk,1772733977.289269,7.6003,593.4322688579559
cachegen_dram_disk,1772733977.432028,7.6003,593.5750279426575
cachegen_dram_disk,1772733977.575368,7.6003,593.7183678150177
cachegen_dram_disk,1772733977.71716,7.6003,593.8601598739624
cachegen_dram_disk,1772733978.099984,7.6003,594.2429838180542
cachegen_dram_disk,1772733978.248454,7.6003,594.3914539813995
cachegen_dram_disk,1772733978.397961,7.6003,594.5409607887268
cachegen_dram_disk,1772733978.573433,7.6003,594.7164328098297
cachegen_dram_disk,1772733978.685539,7.6003,594.8285388946533
cachegen_dram_disk,1772733978.82441,7.6003,594.9674098491669
cachegen_dram_disk,1772733978.966668,7.6003,595.1096677780151
cachegen_dram_disk,1772733979.127632,7.6003,595.2706317901611
cachegen_dram_disk,1772733979.510767,7.6003,595.6537668704987
cachegen_dram_disk,1772733979.671133,7.6003,595.8141329288483
cachegen_dram_disk,1772733979.813957,7.6003,595.9569568634033
cachegen_dram_disk,1772733979.938929,7.6003,596.0819289684296
cachegen_dram_disk,1772733980.081743,7.6003,596.2247428894043
cachegen_dram_disk,1772733980.223046,7.6003,596.3660459518433
cachegen_dram_disk,1772733980.369497,7.6003,596.5124969482422
cachegen_dram_disk,1772733980.815596,7.6003,596.9585959911346
cachegen_dram_disk,1772733980.951894,7.6003,597.0948939323425
cachegen_dram_disk,1772733981.101598,7.6003,597.2445979118347
cachegen_dram_disk,1772733981.244929,7.6003,597.3879289627075
cachegen_dram_disk,1772733981.386213,7.6003,597.5292129516602
cachegen_dram_disk,1772733981.537438,7.6003,597.6804378032684
cachegen_dram_disk,1772733981.667063,7.6003,597.8100628852844
cachegen_dram_disk,1772733981.83745,7.6003,597.9804499149323
cachegen_dram_disk,1772733982.22411,7.6003,598.3671097755432
cachegen_dram_disk,1772733982.394264,7.6003,598.5372638702393
cachegen_dram_disk,1772733982.513185,7.6003,598.6561849117279
cachegen_dram_disk,1772733982.656114,7.6003,598.7991139888763
cachegen_dram_disk,1772733982.794277,7.6003,598.93727684021
cachegen_dram_disk,1772733982.937154,7.6003,599.0801539421082
cachegen_dram_disk,1772733983.112987,7.6003,599.2559869289398
cachegen_dram_disk,1772733983.49475,7.6003,599.6377499103546
cachegen_dram_disk,1772733983.635338,7.6003,599.7783379554749
cachegen_dram_disk,1772733983.783153,7.6003,599.9261529445648
